Number of demos
[1, 2, 3, 4, 5, 6, 7, 8, 9, 10, 11, 12, 13, 14, 15, 16, 17, 18, 19, 20, 21, 22, 23, 24, 25, 26, 27, 28, 29, 30, 31, 32, 33, 34, 35, 36, 37, 38, 39, 40, 41, 42, 43, 44, 45, 46, 47, 48, 49, 50]
Average number of unique demos across worlds for each amount of demos
[1.0, 1.75, 2.3, 2.7, 2.9, 3.25, 3.3, 3.45, 3.5, 3.55, 3.55, 3.55, 3.55, 3.6, 3.6, 3.6, 3.6, 3.6, 3.6, 3.6, 3.6, 3.6, 3.6, 3.6, 3.6, 3.6, 3.6, 3.6, 3.6, 3.6, 3.6, 3.6, 3.6, 3.6, 3.6, 3.6, 3.6, 3.6, 3.6, 3.6, 3.6, 3.6, 3.6, 3.6, 3.6, 3.6, 3.6, 3.6, 3.6, 3.6]
Average bound across worlds for each number of demos
[1.7202105941977712, 1.1727282944364688, 0.8686066021529995, 0.7967868309418407, 0.6263516542969627, 0.6092522717037239, 0.4857190516477856, 0.5764577049452584, 0.3158309218977411, 0.2624324765662406, 0.16908736614897565, 0.1732302637555327, 0.14731059203969996, 0.1879050830677767, 0.14533228695788772, 0.2335140422991942, 0.14366076172937678, 0.18696619980784504, 0.12225284555429769, 0.1828284049286331, 0.09677942302010603, 0.14242116026073834, 0.09829630464799245, 0.07626067214110348, 0.03553230370766065, 0.1264667631743474, 0.0752915139375783, 0.10954940594172984, 0.02041816401878765, 0.01841653171521084, 0.07364260455207551, 0.11391041886615998, 0.0980043893726252, 0.10509514998284289, 0.06540401044410374, 0.1424793963054296, 0.09819918034030375, 0.01800761385835522, 0.03467025215664594, 0.08515112805720236, 0.07788377479092541, 0.10105186256412724, 0.09491620618401778, 0.10083192651516329, 0.06140428305105988, 0.04182993015010996, 0.04832860440357738, 0.039903275936931784, 0.035655372765122935, 0.08248773090229804]
Average ground-truth nEVD across worlds for each number of demos
[0.3160863931972059, 0.20893249682819004, 0.047166010787947535, 0.1304712503919247, 0.09725384408309704, 0.1495903167911627, 0.14858083579705508, 0.13225684468058882, 0.14601931665927165, 0.10272280298410782, 0.04559827929150787, 0.07859676245453467, 0.006642002815852989, 0.056462668658179116, 0.027343431644172654, 0.07196580923504414, 0.07622233528402499, 0.06025228364013463, 0.006334687240506083, 0.08361413448185721, 0.0396924482783541, 0.06268783797178981, 0.08101475064621294, 0.026257014977751115, 0.006857787943490561, 0.060170415491812165, 0.052981836564357086, 0.056912887574097626, 0.036029228668715205, 0.03242118391943356, 0.05645578984735503, 0.0725313525364104, 0.05349907169964101, 0.029332633120287565, 0.04408630604884804, 0.06206184315946802, 0.026780241689239558, 0.03299207247442974, 0.07875045553106226, 0.05341924686949957, 0.08107203551471284, 0.05345720222523333, 0.02624295571959085, 0.07776363335372237, 0.07168001841047021, 0.05661585507369683, 0.059245715299863354, 0.02995674188070121, 0.053213030076697386, 0.05987498566117091]
Average bound error across worlds for each number of demos
[1.4041242010005646, 0.9637957976082789, 0.821440591365052, 0.6663155805499161, 0.5290978102138655, 0.459661954912561, 0.33713821585073045, 0.44420086026466965, 0.16981160523846942, 0.15970967358213278, 0.12348908685746769, 0.09463350130099801, 0.14066858922384698, 0.13144241440959753, 0.1179888553137151, 0.16154823306415, 0.06743842644535178, 0.12671391616771038, 0.11591815831379164, 0.09921427044677586, 0.057086974741751936, 0.07973332228894855, 0.01728155400177951, 0.050003657163352366, 0.028674515764170082, 0.06629634768253526, 0.022309677373221204, 0.05263651836763218, -0.015611064649927555, -0.014004652204222732, 0.017186814704720464, 0.04137906632974954, 0.04450531767298417, 0.07576251686255529, 0.02131770439525569, 0.08041755314596159, 0.0714189386510642, -0.014984458616074527, -0.04408020337441634, 0.03173188118770278, -0.0031882607237874554, 0.04759466033889388, 0.0686732504644269, 0.023068293161440927, -0.01027573535941037, -0.014785924923586885, -0.010917110896285971, 0.009946534056230558, -0.01755765731157447, 0.022612745241127122]
Average policy optimality across worlds for each number of demos
[0.7260000000000001, 0.8300000000000001, 0.8900000000000002, 0.8620000000000001, 0.868, 0.8619999999999999, 0.8580000000000002, 0.8680000000000001, 0.8640000000000001, 0.8340000000000002, 0.882, 0.858, 0.9020000000000001, 0.8640000000000001, 0.8960000000000001, 0.8600000000000001, 0.8640000000000001, 0.8720000000000001, 0.906, 0.85, 0.8700000000000001, 0.8720000000000001, 0.8539999999999999, 0.898, 0.9040000000000002, 0.8540000000000001, 0.8719999999999999, 0.866, 0.8819999999999999, 0.892, 0.8800000000000001, 0.8500000000000002, 0.8700000000000001, 0.89, 0.9000000000000001, 0.8760000000000001, 0.8960000000000001, 0.8859999999999999, 0.8620000000000001, 0.8760000000000001, 0.8640000000000001, 0.8699999999999999, 0.9020000000000001, 0.858, 0.8639999999999999, 0.8660000000000002, 0.868, 0.8880000000000001, 0.8719999999999999, 0.8640000000000001]
---------------------
Accuracy of each threshold at point of termination, taken over worlds
{0.01: 0.8902077151335311, 0.02: 0.8465189873417721, 0.03: 0.8515950069348127, 0.04: 0.8552097428958051, 0.05: 0.855807743658211}
**************************************************
