NEW THRESHOLD 1
Num demos
3
5
10
22
3
8
14
18
23
3
7
10
14
24
5
7
9
12
17
21
4
9
15
19
22
24
4
6
18
12
17
20
23
2
8
13
24
4
10
18
7
15
18
20
23
3
8
10
15
2
7
9
12
14
3
7
9
13
17
9
12
14
18
22
3
8
18
3
5
7
13
15
18
4
12
19
5
11
Percent states
0.12
0.2
0.4
0.88
0.12
0.32
0.56
0.72
0.92
0.12
0.28
0.4
0.56
0.96
0.2
0.28
0.36
0.48
0.68
0.84
0.16
0.36
0.6
0.76
0.88
0.96
0.16
0.24
0.72
0.48
0.68
0.8
0.92
0.08
0.32
0.52
0.96
0.16
0.4
0.72
0.28
0.6
0.72
0.8
0.92
0.12
0.32
0.4
0.6
0.08
0.28
0.36
0.48
0.56
0.12
0.28
0.36
0.52
0.68
0.36
0.48
0.56
0.72
0.88
0.12
0.32
0.72
0.12
0.2
0.28
0.52
0.6
0.72
0.16
0.48
0.76
0.2
0.44
Policy optimalities
0.8
0.76
0.92
1.0
0.92
1.0
1.0
0.96
1.0
0.84
0.84
1.0
1.0
1.0
0.96
0.92
0.72
0.8
0.96
1.0
0.84
1.0
1.0
0.96
0.96
1.0
0.88
0.96
1.0
0.92
0.96
0.92
1.0
0.92
0.96
0.96
1.0
1.0
0.88
1.0
0.84
0.96
0.96
0.92
1.0
0.88
0.96
1.0
1.0
0.68
0.92
0.96
1.0
1.0
0.72
1.0
0.92
1.0
1.0
1.0
1.0
0.96
1.0
1.0
0.92
0.96
1.0
1.0
1.0
0.96
0.88
1.0
1.0
0.8
0.92
0.96
0.88
1.0
Policy accuracies
0.8
0.76
0.92
1.0
0.92
1.0
1.0
0.96
1.0
0.84
0.84
1.0
1.0
1.0
0.96
0.92
0.68
0.76
0.96
1.0
0.84
1.0
1.0
0.96
0.96
1.0
0.88
0.96
1.0
0.92
0.96
0.92
1.0
0.92
0.96
0.96
1.0
1.0
0.88
1.0
0.8
0.96
0.96
0.92
1.0
0.88
0.96
1.0
1.0
0.6
0.88
0.92
0.96
0.96
0.72
1.0
0.92
1.0
1.0
1.0
1.0
0.96
1.0
1.0
0.92
0.96
1.0
1.0
1.0
0.96
0.88
1.0
1.0
0.8
0.92
0.96
0.88
1.0
Confidence
1.0
Accuracy
0.6538461538461539
CM100
[[34, 44], [151, 85]]
CM95
[[51, 27], [194, 42]]
CM90
[[62, 16], [220, 16]]
CM5
[[77, 1], [236, 0]]
CM4
[[77, 1], [236, 0]]
CM3
[[75, 3], [235, 1]]
CM2
[[71, 7], [233, 3]]
CM1
[[65, 13], [230, 6]]
**************************************************
NEW THRESHOLD 2
Num demos
11
23
4
9
15
19
24
8
11
15
25
13
22
5
10
16
25
7
19
13
18
24
3
9
14
25
5
19
8
24
4
11
16
15
4
14
18
15
19
23
4
9
19
4
8
19
5
13
20
6
12
Percent states
0.44
0.92
0.16
0.36
0.6
0.76
0.96
0.32
0.44
0.6
1.0
0.52
0.88
0.2
0.4
0.64
1.0
0.28
0.76
0.52
0.72
0.96
0.12
0.36
0.56
1.0
0.2
0.76
0.32
0.96
0.16
0.44
0.64
0.6
0.16
0.56
0.72
0.6
0.76
0.92
0.16
0.36
0.76
0.16
0.32
0.76
0.2
0.52
0.8
0.24
0.48
Policy optimalities
0.92
1.0
0.92
1.0
1.0
0.96
1.0
0.84
1.0
1.0
1.0
0.8
1.0
0.84
1.0
1.0
1.0
0.96
1.0
0.92
0.96
1.0
0.92
0.96
0.96
1.0
1.0
1.0
0.84
1.0
0.88
1.0
1.0
1.0
0.72
1.0
1.0
0.96
1.0
1.0
0.92
0.96
1.0
1.0
0.96
1.0
0.8
0.92
0.96
0.88
1.0
Policy accuracies
0.92
1.0
0.92
1.0
1.0
0.96
1.0
0.84
1.0
1.0
1.0
0.76
1.0
0.84
1.0
1.0
1.0
0.96
1.0
0.92
0.96
1.0
0.92
0.96
0.96
1.0
1.0
1.0
0.8
1.0
0.88
1.0
1.0
0.96
0.72
1.0
1.0
0.96
1.0
1.0
0.92
0.96
1.0
1.0
0.96
1.0
0.8
0.92
0.96
0.88
1.0
Confidence
1.0
Accuracy
0.7254901960784313
CM100
[[28, 23], [157, 106]]
CM95
[[37, 14], [208, 55]]
CM90
[[43, 8], [239, 24]]
CM5
[[51, 0], [262, 1]]
CM4
[[51, 0], [262, 1]]
CM3
[[50, 1], [260, 3]]
CM2
[[49, 2], [255, 8]]
CM1
[[47, 4], [248, 15]]
**************************************************
NEW THRESHOLD 3
Num demos
12
24
5
20
25
16
14
23
11
17
8
20
14
25
4
10
15
6
20
25
5
12
17
16
5
19
16
24
10
20
5
9
20
6
14
21
7
13
Percent states
0.48
0.96
0.2
0.8
1.0
0.64
0.56
0.92
0.44
0.68
0.32
0.8
0.56
1.0
0.16
0.4
0.6
0.24
0.8
1.0
0.2
0.48
0.68
0.64
0.2
0.76
0.64
0.96
0.4
0.8
0.2
0.36
0.8
0.24
0.56
0.84
0.28
0.52
Policy optimalities
0.92
1.0
0.92
0.96
1.0
1.0
0.8
1.0
1.0
1.0
0.96
1.0
0.92
1.0
0.92
0.96
0.96
1.0
1.0
1.0
0.88
1.0
1.0
1.0
0.72
1.0
0.96
1.0
0.96
1.0
1.0
0.96
1.0
0.8
0.92
0.96
0.88
1.0
Policy accuracies
0.92
1.0
0.92
0.96
1.0
1.0
0.76
1.0
1.0
1.0
0.96
1.0
0.92
1.0
0.92
0.96
0.96
1.0
1.0
1.0
0.88
1.0
1.0
0.96
0.72
1.0
0.96
1.0
0.96
1.0
1.0
0.96
1.0
0.8
0.92
0.96
0.88
1.0
Confidence
1.0
Accuracy
0.7368421052631579
CM100
[[20, 18], [165, 111]]
CM95
[[28, 10], [217, 59]]
CM90
[[33, 5], [249, 27]]
CM5
[[38, 0], [275, 1]]
CM4
[[38, 0], [275, 1]]
CM3
[[38, 0], [272, 4]]
CM2
[[37, 1], [267, 9]]
CM1
[[36, 2], [259, 17]]
**************************************************
NEW THRESHOLD 4
Num demos
13
25
6
21
17
24
12
9
21
15
5
16
7
21
18
17
20
25
11
21
6
21
7
15
22
14
Percent states
0.52
1.0
0.24
0.84
0.68
0.96
0.48
0.36
0.84
0.6
0.2
0.64
0.28
0.84
0.72
0.68
0.8
1.0
0.44
0.84
0.24
0.84
0.28
0.6
0.88
0.56
Policy optimalities
0.92
1.0
0.92
0.96
1.0
1.0
1.0
0.96
1.0
0.92
0.92
0.96
1.0
1.0
1.0
1.0
1.0
1.0
0.96
1.0
1.0
1.0
0.8
0.92
0.96
1.0
Policy accuracies
0.92
1.0
0.92
0.96
1.0
1.0
1.0
0.96
1.0
0.92
0.92
0.96
1.0
1.0
1.0
0.96
1.0
1.0
0.96
1.0
1.0
1.0
0.8
0.92
0.96
1.0
Confidence
1.0
Accuracy
0.7692307692307693
CM100
[[15, 11], [170, 118]]
CM95
[[20, 6], [225, 63]]
CM90
[[25, 1], [257, 31]]
CM5
[[26, 0], [287, 1]]
CM4
[[26, 0], [287, 1]]
CM3
[[26, 0], [284, 4]]
CM2
[[26, 0], [278, 10]]
CM1
[[26, 0], [269, 19]]
**************************************************
NEW THRESHOLD 5
Num demos
14
18
25
10
22
6
17
8
22
19
18
21
12
22
7
22
8
16
23
15
Percent states
0.56
0.72
1.0
0.4
0.88
0.24
0.68
0.32
0.88
0.76
0.72
0.84
0.48
0.88
0.28
0.88
0.32
0.64
0.92
0.6
Policy optimalities
0.92
1.0
1.0
0.96
1.0
0.92
0.96
1.0
1.0
1.0
1.0
1.0
0.96
1.0
1.0
1.0
0.8
0.92
0.96
1.0
Policy accuracies
0.92
1.0
1.0
0.96
1.0
0.92
0.96
1.0
1.0
1.0
0.96
1.0
0.96
1.0
1.0
1.0
0.8
0.92
0.96
1.0
Confidence
1.0
Accuracy
0.8
CM100
[[12, 8], [173, 121]]
CM95
[[16, 4], [229, 65]]
CM90
[[19, 1], [263, 31]]
CM5
[[20, 0], [293, 1]]
CM4
[[20, 0], [293, 1]]
CM3
[[20, 0], [290, 4]]
CM2
[[20, 0], [284, 10]]
CM1
[[20, 0], [275, 19]]
**************************************************
