NEW THRESHOLD 1
Num demos
2
5
8
10
16
3
8
11
15
17
2
4
2
5
8
16
22
25
2
10
4
6
11
20
6
7
10
5
9
14
16
5
9
12
18
21
4
5
10
12
21
3
7
9
12
18
5
4
9
4
8
4
8
10
16
19
21
4
10
13
16
18
23
6
8
12
15
9
17
Percent states
0.08
0.2
0.32
0.4
0.64
0.12
0.32
0.44
0.6
0.68
0.08
0.16
0.08
0.2
0.32
0.64
0.88
1.0
0.08
0.4
0.16
0.24
0.44
0.8
0.24
0.28
0.4
0.2
0.36
0.56
0.64
0.2
0.36
0.48
0.72
0.84
0.16
0.2
0.4
0.48
0.84
0.12
0.28
0.36
0.48
0.72
0.2
0.16
0.36
0.16
0.32
0.16
0.32
0.4
0.64
0.76
0.84
0.16
0.4
0.52
0.64
0.72
0.92
0.24
0.32
0.48
0.6
0.36
0.68
Policy optimalities
0.88
0.96
0.96
1.0
1.0
1.0
0.92
0.92
0.92
1.0
0.92
1.0
0.32
0.6
1.0
0.96
1.0
1.0
0.96
1.0
0.84
0.96
0.96
1.0
1.0
0.96
1.0
0.96
0.88
0.88
0.96
1.0
1.0
1.0
1.0
1.0
1.0
0.96
0.92
0.96
1.0
1.0
0.96
1.0
1.0
1.0
1.0
1.0
1.0
0.72
1.0
0.44
1.0
0.96
0.96
0.96
1.0
0.96
0.96
0.96
0.96
0.96
1.0
0.8
0.84
0.96
1.0
0.96
1.0
Policy accuracies
0.88
0.96
0.96
1.0
1.0
1.0
0.92
0.92
0.92
1.0
0.92
1.0
0.32
0.48
1.0
0.96
1.0
1.0
0.96
1.0
0.84
0.96
0.96
1.0
1.0
0.96
1.0
0.96
0.88
0.88
0.96
1.0
1.0
1.0
1.0
1.0
1.0
0.96
0.92
0.96
1.0
1.0
0.96
1.0
1.0
1.0
1.0
1.0
1.0
0.64
1.0
0.28
1.0
0.96
0.96
0.96
1.0
0.96
0.96
0.96
0.96
0.96
1.0
0.76
0.84
0.96
1.0
0.96
1.0
Confidence
1.0
Accuracy
0.782608695652174
CM100
[[32, 37], [218, 52]]
CM95
[[54, 15], [265, 5]]
CM90
[[59, 10], [266, 4]]
CM5
[[65, 4], [270, 0]]
CM4
[[65, 4], [270, 0]]
CM3
[[65, 4], [270, 0]]
CM2
[[65, 4], [270, 0]]
CM1
[[65, 4], [270, 0]]
**************************************************
NEW THRESHOLD 2
Num demos
11
17
4
12
18
5
9
17
3
11
7
12
21
7
8
11
6
10
17
6
13
22
5
6
13
22
13
19
6
5
10
9
11
22
5
11
14
24
9
13
16
10
18
Percent states
0.44
0.68
0.16
0.48
0.72
0.2
0.36
0.68
0.12
0.44
0.28
0.48
0.84
0.28
0.32
0.44
0.24
0.4
0.68
0.24
0.52
0.88
0.2
0.24
0.52
0.88
0.52
0.76
0.24
0.2
0.4
0.36
0.44
0.88
0.2
0.44
0.56
0.96
0.36
0.52
0.64
0.4
0.72
Policy optimalities
1.0
1.0
1.0
0.92
1.0
1.0
1.0
0.96
0.96
1.0
0.96
0.96
1.0
1.0
0.96
1.0
0.96
0.88
0.96
1.0
1.0
1.0
1.0
0.96
0.96
1.0
1.0
1.0
1.0
1.0
1.0
1.0
0.96
1.0
0.96
0.96
0.96
1.0
0.84
0.96
1.0
0.96
1.0
Policy accuracies
1.0
1.0
1.0
0.92
1.0
1.0
1.0
0.96
0.96
1.0
0.96
0.96
1.0
1.0
0.96
1.0
0.96
0.88
0.96
1.0
1.0
1.0
1.0
0.96
0.96
1.0
1.0
1.0
1.0
1.0
1.0
1.0
0.96
1.0
0.96
0.96
0.96
1.0
0.84
0.96
1.0
0.96
1.0
Confidence
1.0
Accuracy
0.9302325581395349
CM100
[[25, 18], [225, 71]]
CM95
[[40, 3], [279, 17]]
CM90
[[41, 2], [284, 12]]
CM5
[[43, 0], [292, 4]]
CM4
[[43, 0], [292, 4]]
CM3
[[43, 0], [292, 4]]
CM2
[[43, 0], [292, 4]]
CM1
[[43, 0], [292, 4]]
**************************************************
NEW THRESHOLD 3
Num demos
12
18
19
6
10
18
4
12
8
13
22
8
12
7
11
18
14
23
6
14
23
20
7
6
11
10
12
23
25
10
17
11
19
Percent states
0.48
0.72
0.76
0.24
0.4
0.72
0.16
0.48
0.32
0.52
0.88
0.32
0.48
0.28
0.44
0.72
0.56
0.92
0.24
0.56
0.92
0.8
0.28
0.24
0.44
0.4
0.48
0.92
1.0
0.4
0.68
0.44
0.76
Policy optimalities
1.0
1.0
1.0
1.0
1.0
0.96
0.96
1.0
0.96
0.96
1.0
1.0
1.0
0.96
0.88
0.96
1.0
1.0
1.0
0.96
1.0
1.0
1.0
1.0
1.0
1.0
0.96
1.0
1.0
0.84
1.0
0.96
1.0
Policy accuracies
1.0
1.0
1.0
1.0
1.0
0.96
0.96
1.0
0.96
0.96
1.0
1.0
1.0
0.96
0.88
0.96
1.0
1.0
1.0
0.96
1.0
1.0
1.0
1.0
1.0
1.0
0.96
1.0
1.0
0.84
1.0
0.96
1.0
Confidence
1.0
Accuracy
0.9393939393939394
CM100
[[22, 11], [228, 78]]
CM95
[[31, 2], [288, 18]]
CM90
[[31, 2], [294, 12]]
CM5
[[33, 0], [302, 4]]
CM4
[[33, 0], [302, 4]]
CM3
[[33, 0], [302, 4]]
CM2
[[33, 0], [302, 4]]
CM1
[[33, 0], [302, 4]]
**************************************************
NEW THRESHOLD 4
Num demos
13
19
20
7
5
13
14
23
9
13
19
15
24
7
15
24
21
8
12
11
13
24
18
12
20
Percent states
0.52
0.76
0.8
0.28
0.2
0.52
0.56
0.92
0.36
0.52
0.76
0.6
0.96
0.28
0.6
0.96
0.84
0.32
0.48
0.44
0.52
0.96
0.72
0.48
0.8
Policy optimalities
1.0
1.0
1.0
1.0
0.96
1.0
0.96
1.0
1.0
1.0
0.96
1.0
1.0
1.0
0.96
1.0
1.0
1.0
1.0
1.0
0.96
1.0
1.0
0.96
1.0
Policy accuracies
1.0
1.0
1.0
1.0
0.96
1.0
0.96
1.0
1.0
1.0
0.96
1.0
1.0
1.0
0.96
1.0
1.0
1.0
1.0
1.0
0.96
1.0
1.0
0.96
1.0
Confidence
1.0
Accuracy
1.0
CM100
[[19, 6], [231, 83]]
CM95
[[25, 0], [294, 20]]
CM90
[[25, 0], [300, 14]]
CM5
[[25, 0], [310, 4]]
CM4
[[25, 0], [310, 4]]
CM3
[[25, 0], [310, 4]]
CM2
[[25, 0], [310, 4]]
CM1
[[25, 0], [310, 4]]
**************************************************
NEW THRESHOLD 5
Num demos
20
21
8
6
14
15
24
10
14
20
25
8
16
25
22
9
13
12
25
19
13
21
Percent states
0.8
0.84
0.32
0.24
0.56
0.6
0.96
0.4
0.56
0.8
1.0
0.32
0.64
1.0
0.88
0.36
0.52
0.48
1.0
0.76
0.52
0.84
Policy optimalities
1.0
1.0
1.0
0.96
1.0
0.96
1.0
1.0
1.0
0.96
1.0
1.0
0.96
1.0
1.0
1.0
1.0
1.0
1.0
1.0
0.96
1.0
Policy accuracies
1.0
1.0
1.0
0.96
1.0
0.96
1.0
1.0
1.0
0.96
1.0
1.0
0.96
1.0
1.0
1.0
1.0
1.0
1.0
1.0
0.96
1.0
Confidence
1.0
Accuracy
1.0
CM100
[[17, 5], [233, 84]]
CM95
[[22, 0], [297, 20]]
CM90
[[22, 0], [303, 14]]
CM5
[[22, 0], [313, 4]]
CM4
[[22, 0], [313, 4]]
CM3
[[22, 0], [313, 4]]
CM2
[[22, 0], [313, 4]]
CM1
[[22, 0], [313, 4]]
**************************************************
