NEW THRESHOLD 1
Num demos
2
2
2
2
2
2
2
2
2
2
Policy optimalities
1.0
1.0
1.0
1.0
1.0
1.0
1.0
1.0
1.0
1.0
Accuracy
1.0
CM100
[[10, 0], [230, 0]]
CM95
[[10, 0], [230, 0]]
CM90
[[10, 0], [230, 0]]
CM5
[[10, 0], [230, 0]]
CM4
[[10, 0], [230, 0]]
CM3
[[10, 0], [230, 0]]
CM2
[[10, 0], [230, 0]]
CM1
[[10, 0], [230, 0]]
**************************************************
NEW THRESHOLD 2
Num demos
3
3
3
3
3
3
3
3
3
3
Policy optimalities
1.0
1.0
1.0
1.0
1.0
1.0
1.0
1.0
1.0
1.0
Accuracy
1.0
CM100
[[10, 0], [230, 0]]
CM95
[[10, 0], [230, 0]]
CM90
[[10, 0], [230, 0]]
CM5
[[10, 0], [230, 0]]
CM4
[[10, 0], [230, 0]]
CM3
[[10, 0], [230, 0]]
CM2
[[10, 0], [230, 0]]
CM1
[[10, 0], [230, 0]]
**************************************************
NEW THRESHOLD 3
Num demos
4
4
4
4
4
4
4
4
4
4
Policy optimalities
1.0
1.0
1.0
1.0
1.0
1.0
1.0
1.0
1.0
1.0
Accuracy
1.0
CM100
[[10, 0], [230, 0]]
CM95
[[10, 0], [230, 0]]
CM90
[[10, 0], [230, 0]]
CM5
[[10, 0], [230, 0]]
CM4
[[10, 0], [230, 0]]
CM3
[[10, 0], [230, 0]]
CM2
[[10, 0], [230, 0]]
CM1
[[10, 0], [230, 0]]
**************************************************
NEW THRESHOLD 4
Num demos
5
5
5
5
5
5
5
5
5
5
Policy optimalities
1.0
1.0
1.0
1.0
1.0
1.0
1.0
1.0
1.0
1.0
Accuracy
1.0
CM100
[[10, 0], [230, 0]]
CM95
[[10, 0], [230, 0]]
CM90
[[10, 0], [230, 0]]
CM5
[[10, 0], [230, 0]]
CM4
[[10, 0], [230, 0]]
CM3
[[10, 0], [230, 0]]
CM2
[[10, 0], [230, 0]]
CM1
[[10, 0], [230, 0]]
**************************************************
NEW THRESHOLD 5
Num demos
6
6
6
6
6
6
6
6
6
6
Policy optimalities
1.0
1.0
1.0
1.0
1.0
1.0
1.0
1.0
1.0
1.0
Accuracy
1.0
CM100
[[10, 0], [230, 0]]
CM95
[[10, 0], [230, 0]]
CM90
[[10, 0], [230, 0]]
CM5
[[10, 0], [230, 0]]
CM4
[[10, 0], [230, 0]]
CM3
[[10, 0], [230, 0]]
CM2
[[10, 0], [230, 0]]
CM1
[[10, 0], [230, 0]]
**************************************************
