NEW THRESHOLD 0.1
Num demos
1
1
1
1
1
1
1
1
1
1
1
1
1
1
1
1
1
1
1
1
Bound errors
0.043875171885308
0.04955412843164304
0.048291243772038465
0.0409613707999634
0.048625791375875686
0.04200510085071786
0.05203797710437904
0.05014126022719116
0.056912999432511165
0.05480819663319318
0.04348598089196986
0.05086997114186862
0.05520786862540742
0.04260460676370987
0.04599197647445958
0.04147490024726207
0.03338968893789291
0.05306218382544008
0.0367155492060371
0.035837346789179034
Policy optimalities
1.0
0.2
1.0
0.2
0.2
0.2
1.0
1.0
1.0
0.2
1.0
1.0
0.2
0.2
0.2
0.2
0.2
0.2
0.2
0.2
Accuracy
1.0
Confusion matrices
[[20, 0], [0, 0]]
NEW THRESHOLD 0.2
Num demos
1
1
1
1
1
1
1
1
1
1
1
1
1
1
1
1
1
1
1
1
Bound errors
0.043875171885308
0.04955412843164304
0.048291243772038465
0.0409613707999634
0.048625791375875686
0.04200510085071786
0.05203797710437904
0.05014126022719116
0.056912999432511165
0.05480819663319318
0.04348598089196986
0.05086997114186862
0.05520786862540742
0.04260460676370987
0.04599197647445958
0.04147490024726207
0.03338968893789291
0.05306218382544008
0.0367155492060371
0.035837346789179034
Policy optimalities
1.0
0.2
1.0
0.2
0.2
0.2
1.0
1.0
1.0
0.2
1.0
1.0
0.2
0.2
0.2
0.2
0.2
0.2
0.2
0.2
Accuracy
1.0
Confusion matrices
[[20, 0], [0, 0]]
NEW THRESHOLD 0.3
Num demos
1
1
1
1
1
1
1
1
1
1
1
1
1
1
1
1
1
1
1
1
Bound errors
0.043875171885308
0.04955412843164304
0.048291243772038465
0.0409613707999634
0.048625791375875686
0.04200510085071786
0.05203797710437904
0.05014126022719116
0.056912999432511165
0.05480819663319318
0.04348598089196986
0.05086997114186862
0.05520786862540742
0.04260460676370987
0.04599197647445958
0.04147490024726207
0.03338968893789291
0.05306218382544008
0.0367155492060371
0.035837346789179034
Policy optimalities
1.0
0.2
1.0
0.2
0.2
0.2
1.0
1.0
1.0
0.2
1.0
1.0
0.2
0.2
0.2
0.2
0.2
0.2
0.2
0.2
Accuracy
1.0
Confusion matrices
[[20, 0], [0, 0]]
NEW THRESHOLD 0.4
Num demos
1
1
1
1
1
1
1
1
1
1
1
1
1
1
1
1
1
1
1
1
Bound errors
0.043875171885308
0.04955412843164304
0.048291243772038465
0.0409613707999634
0.048625791375875686
0.04200510085071786
0.05203797710437904
0.05014126022719116
0.056912999432511165
0.05480819663319318
0.04348598089196986
0.05086997114186862
0.05520786862540742
0.04260460676370987
0.04599197647445958
0.04147490024726207
0.03338968893789291
0.05306218382544008
0.0367155492060371
0.035837346789179034
Policy optimalities
1.0
0.2
1.0
0.2
0.2
0.2
1.0
1.0
1.0
0.2
1.0
1.0
0.2
0.2
0.2
0.2
0.2
0.2
0.2
0.2
Accuracy
1.0
Confusion matrices
[[20, 0], [0, 0]]
NEW THRESHOLD 0.5
Num demos
1
1
1
1
1
1
1
1
1
1
1
1
1
1
1
1
1
1
1
1
Bound errors
0.043875171885308
0.04955412843164304
0.048291243772038465
0.0409613707999634
0.048625791375875686
0.04200510085071786
0.05203797710437904
0.05014126022719116
0.056912999432511165
0.05480819663319318
0.04348598089196986
0.05086997114186862
0.05520786862540742
0.04260460676370987
0.04599197647445958
0.04147490024726207
0.03338968893789291
0.05306218382544008
0.0367155492060371
0.035837346789179034
Policy optimalities
1.0
0.2
1.0
0.2
0.2
0.2
1.0
1.0
1.0
0.2
1.0
1.0
0.2
0.2
0.2
0.2
0.2
0.2
0.2
0.2
Accuracy
1.0
Confusion matrices
[[20, 0], [0, 0]]
**************************************************
