ENVIRONMENT
-----------------------------------------
|   X   |       |       |       |   X   |
-----------------------------------------
|   X   |       |   C   |   C   |   X   |
-----------------------------------------
|   X   |       |   C   |       |   X   |
-----------------------------------------
|   X   |   C   |       |       |   X   |
-----------------------------------------
|   X   |   C   |       |       |   X   |
-----------------------------------------
NEW THRESHOLD 0.1
Policy loss bounds
0.04529039566560916
0.03610318978454432
0.009143413907784004
0.02292212872515763
Num demos
11
15
24
25
Uncertain states
15
19
11
1
7
13
16
13
22
10
21
15
13
22
2
3
15
20
23
21
21
20
20
2
15
Percent states
0.44
0.6
0.96
1.0
True EVDs
0.000894426781616544
5.978602201082286e-08
5.978602201082286e-08
5.978602201082286e-08
Bound errors
0.044395968883992616
0.03610312999852231
0.009143354121761992
0.022922068939135617
Policy optimalities
0.96
1.0
1.0
1.0
Policy accuracies
0.96
1.0
1.0
1.0
Confidence
1.0
Accuracy
1.0
Confusion matrices
[[4, 0], [17, 4]]
NEW THRESHOLD 0.2
Policy loss bounds
0.10520078730951268
0.04529039566560916
0.1778783960280504
0.03610318978454432
0.18988693340204288
0.192557889924069
0.11370039628684407
0.10251727335208978
0.1812816901939557
0.009143413907784004
0.02292212872515763
Num demos
10
11
12
15
16
17
18
21
23
24
25
Uncertain states
15
19
11
1
7
13
16
13
22
10
21
15
13
22
2
3
15
20
23
21
21
20
20
2
15
Percent states
0.4
0.44
0.48
0.6
0.64
0.68
0.72
0.84
0.92
0.96
1.0
True EVDs
0.004372938366236559
0.000894426781616544
5.978602201082286e-08
5.978602201082286e-08
5.978602201082286e-08
0.000894426781616544
0.003478571370642131
0.000894426781616544
5.978602201082286e-08
5.978602201082286e-08
5.978602201082286e-08
Bound errors
0.10082784894327612
0.044395968883992616
0.17787833624202837
0.03610312999852231
0.18988687361602086
0.19166346314245244
0.11022182491620194
0.10162284657047324
0.18128163040793369
0.009143354121761992
0.022922068939135617
Policy optimalities
0.92
0.96
1.0
1.0
1.0
0.96
0.96
0.96
1.0
1.0
1.0
Policy accuracies
0.92
0.96
1.0
1.0
1.0
0.96
0.96
0.96
1.0
1.0
1.0
Confidence
1.0
Accuracy
1.0
Confusion matrices
[[11, 0], [12, 2]]
NEW THRESHOLD 0.3
Policy loss bounds
0.10520078730951268
0.04529039566560916
0.1778783960280504
0.2711755791588948
0.03610318978454432
0.18988693340204288
0.192557889924069
0.11370039628684407
0.10251727335208978
0.1812816901939557
0.009143413907784004
0.02292212872515763
Num demos
10
11
12
13
15
16
17
18
21
23
24
25
Uncertain states
15
19
11
1
7
13
16
13
22
10
21
15
13
22
2
3
15
20
23
21
21
20
20
2
15
Percent states
0.4
0.44
0.48
0.52
0.6
0.64
0.68
0.72
0.84
0.92
0.96
1.0
True EVDs
0.004372938366236559
0.000894426781616544
5.978602201082286e-08
0.000894426781616544
5.978602201082286e-08
5.978602201082286e-08
0.000894426781616544
0.003478571370642131
0.000894426781616544
5.978602201082286e-08
5.978602201082286e-08
5.978602201082286e-08
Bound errors
0.10082784894327612
0.044395968883992616
0.17787833624202837
0.27028115237727823
0.03610312999852231
0.18988687361602086
0.19166346314245244
0.11022182491620194
0.10162284657047324
0.18128163040793369
0.009143354121761992
0.022922068939135617
Policy optimalities
0.92
0.96
1.0
0.96
1.0
1.0
0.96
0.96
0.96
1.0
1.0
1.0
Policy accuracies
0.92
0.96
1.0
0.96
1.0
1.0
0.96
0.96
0.96
1.0
1.0
1.0
Confidence
1.0
Accuracy
1.0
Confusion matrices
[[12, 0], [12, 1]]
NEW THRESHOLD 0.4
Policy loss bounds
0.10520078730951268
0.04529039566560916
0.1778783960280504
0.2711755791588948
0.34590858104380606
0.03610318978454432
0.18988693340204288
0.192557889924069
0.11370039628684407
0.37174705656102686
0.10251727335208978
0.3599178666121915
0.1812816901939557
0.009143413907784004
0.02292212872515763
Num demos
10
11
12
13
14
15
16
17
18
20
21
22
23
24
25
Uncertain states
15
19
11
1
7
13
16
13
22
10
21
15
13
22
2
3
15
20
23
21
21
20
20
2
15
Percent states
0.4
0.44
0.48
0.52
0.56
0.6
0.64
0.68
0.72
0.8
0.84
0.88
0.92
0.96
1.0
True EVDs
0.004372938366236559
0.000894426781616544
5.978602201082286e-08
0.000894426781616544
5.978602201082286e-08
5.978602201082286e-08
5.978602201082286e-08
0.000894426781616544
0.003478571370642131
5.978602201082286e-08
0.000894426781616544
5.978602201082286e-08
5.978602201082286e-08
5.978602201082286e-08
5.978602201082286e-08
Bound errors
0.10082784894327612
0.044395968883992616
0.17787833624202837
0.27028115237727823
0.34590852125778404
0.03610312999852231
0.18988687361602086
0.19166346314245244
0.11022182491620194
0.37174699677500483
0.10162284657047324
0.3599178068261695
0.18128163040793369
0.009143354121761992
0.022922068939135617
Policy optimalities
0.92
0.96
1.0
0.96
1.0
1.0
1.0
0.96
0.96
1.0
0.96
1.0
1.0
1.0
1.0
Policy accuracies
0.92
0.96
1.0
0.96
1.0
1.0
1.0
0.96
0.96
1.0
0.96
1.0
1.0
1.0
1.0
Confidence
1.0
Accuracy
1.0
Confusion matrices
[[15, 0], [9, 1]]
NEW THRESHOLD 0.5
Policy loss bounds
0.10520078730951268
0.04529039566560916
0.1778783960280504
0.2711755791588948
0.34590858104380606
0.03610318978454432
0.18988693340204288
0.192557889924069
0.11370039628684407
0.37174705656102686
0.10251727335208978
0.3599178666121915
0.1812816901939557
0.009143413907784004
0.02292212872515763
Num demos
10
11
12
13
14
15
16
17
18
20
21
22
23
24
25
Uncertain states
15
19
11
1
7
13
16
13
22
10
21
15
13
22
2
3
15
20
23
21
21
20
20
2
15
Percent states
0.4
0.44
0.48
0.52
0.56
0.6
0.64
0.68
0.72
0.8
0.84
0.88
0.92
0.96
1.0
True EVDs
0.004372938366236559
0.000894426781616544
5.978602201082286e-08
0.000894426781616544
5.978602201082286e-08
5.978602201082286e-08
5.978602201082286e-08
0.000894426781616544
0.003478571370642131
5.978602201082286e-08
0.000894426781616544
5.978602201082286e-08
5.978602201082286e-08
5.978602201082286e-08
5.978602201082286e-08
Bound errors
0.10082784894327612
0.044395968883992616
0.17787833624202837
0.27028115237727823
0.34590852125778404
0.03610312999852231
0.18988687361602086
0.19166346314245244
0.11022182491620194
0.37174699677500483
0.10162284657047324
0.3599178068261695
0.18128163040793369
0.009143354121761992
0.022922068939135617
Policy optimalities
0.92
0.96
1.0
0.96
1.0
1.0
1.0
0.96
0.96
1.0
0.96
1.0
1.0
1.0
1.0
Policy accuracies
0.92
0.96
1.0
0.96
1.0
1.0
1.0
0.96
0.96
1.0
0.96
1.0
1.0
1.0
1.0
Confidence
1.0
Accuracy
1.0
Confusion matrices
[[15, 0], [9, 1]]
**************************************************
