BASELINE POLICY: evd 1.519828627605671, policy optimality 0.04, and policy accuracy 0.0
NEW THRESHOLD 0.0
Percent Improvements
8.660468655786408
3.67532431460765
2.4957971426332746
5.97445375339702
13.747103535702005
3.254759930162935
75.76032473010908
21.236726679598792
21.978300021485627
1.1984481234792013
15.50172953932928
1.7321182064560643
4.551664359851079
6.156849088374191
130.63315076178696
4.575813733378826
2.315993929530141
5.669032990241638
Num demos
1
2
3
4
7
9
10
11
13
14
15
17
18
19
20
21
22
23
Percent states
0.04
0.08
0.12
0.16
0.28
0.36
0.4
0.44
0.52
0.56
0.6
0.68
0.72
0.76
0.8
0.84
0.88
0.92
Uncertain states
[21]
[21, 7]
[21, 14, 7]
[24, 21, 14, 7]
[20, 21, 22, 7, 24, 11, 14]
[6, 7, 11, 14, 19, 20, 21, 22, 24]
[6, 7, 9, 11, 14, 19, 20, 21, 22, 24]
[3, 6, 7, 9, 11, 14, 19, 20, 21, 22, 24]
[3, 6, 7, 9, 11, 14, 17, 18, 19, 20, 21, 22, 24]
[3, 6, 7, 9, 11, 14, 17, 18, 19, 20, 21, 22, 24]
[3, 6, 7, 9, 11, 13, 14, 17, 18, 19, 20, 21, 22, 24]
[3, 6, 7, 9, 11, 13, 14, 16, 17, 18, 19, 20, 21, 22, 24]
[3, 6, 7, 9, 11, 12, 13, 14, 16, 17, 18, 19, 20, 21, 22, 24]
[3, 6, 7, 9, 11, 12, 13, 14, 16, 17, 18, 19, 20, 21, 22, 24]
[3, 6, 7, 9, 11, 12, 13, 14, 15, 16, 17, 18, 19, 20, 21, 22, 24]
[3, 6, 7, 9, 11, 12, 13, 14, 15, 16, 17, 18, 19, 20, 21, 22, 24]
[3, 6, 7, 9, 11, 12, 13, 14, 15, 16, 17, 18, 19, 20, 21, 22, 24]
[3, 6, 7, 9, 10, 11, 12, 13, 14, 15, 16, 17, 18, 19, 20, 21, 22, 24]
True EVDs
0.004073625447840433
0.004107509553048617
0.004107509553048617
0.0004965164622091931
0.0004605057676166625
0.004107509553048617
0.0
0.0
0.0
0.0004605057676166625
0.0
0.0004605057676166625
0.0
0.0004605057676166625
0.0004605057676166625
0.0
0.0
0.0004605057676166625
Bound errors
-2.318797503898508
2.6662050717230192
3.8457322436973946
0.3821834377446143
-7.390315681700785
3.086769456167734
-69.40161019525401
-14.878012144743732
-15.619585486630566
5.158339730522019
-9.143015004474218
4.624669647545155
1.8070501750039822
0.19993876562702884
-124.27636290778574
1.7829008014762353
4.04272060532492
0.6877548637595821
Policy optimalities
0.88
0.92
0.92
0.96
0.96
0.92
1.0
1.0
1.0
0.96
1.0
0.96
1.0
0.96
0.96
1.0
1.0
0.96
Policy accuracies
0.88
0.92
0.92
0.96
0.96
0.92
1.0
1.0
1.0
0.96
1.0
0.96
1.0
0.96
0.96
1.0
1.0
0.96
Confidence
1.0
Accuracy
0.6111111111111112
Confusion matrices
[[18, 0], [7, 0]]
NEW THRESHOLD 0.1
Percent Improvements
8.660468655786408
3.67532431460765
2.4957971426332746
5.97445375339702
13.747103535702005
3.254759930162935
75.76032473010908
21.236726679598792
21.978300021485627
1.1984481234792013
15.50172953932928
1.7321182064560643
4.551664359851079
6.156849088374191
130.63315076178696
4.575813733378826
2.315993929530141
5.669032990241638
Num demos
1
2
3
4
7
9
10
11
13
14
15
17
18
19
20
21
22
23
Percent states
0.04
0.08
0.12
0.16
0.28
0.36
0.4
0.44
0.52
0.56
0.6
0.68
0.72
0.76
0.8
0.84
0.88
0.92
Uncertain states
[21]
[21, 7]
[21, 14, 7]
[24, 21, 14, 7]
[20, 21, 22, 7, 24, 11, 14]
[6, 7, 11, 14, 19, 20, 21, 22, 24]
[6, 7, 9, 11, 14, 19, 20, 21, 22, 24]
[3, 6, 7, 9, 11, 14, 19, 20, 21, 22, 24]
[3, 6, 7, 9, 11, 14, 17, 18, 19, 20, 21, 22, 24]
[3, 6, 7, 9, 11, 14, 17, 18, 19, 20, 21, 22, 24]
[3, 6, 7, 9, 11, 13, 14, 17, 18, 19, 20, 21, 22, 24]
[3, 6, 7, 9, 11, 13, 14, 16, 17, 18, 19, 20, 21, 22, 24]
[3, 6, 7, 9, 11, 12, 13, 14, 16, 17, 18, 19, 20, 21, 22, 24]
[3, 6, 7, 9, 11, 12, 13, 14, 16, 17, 18, 19, 20, 21, 22, 24]
[3, 6, 7, 9, 11, 12, 13, 14, 15, 16, 17, 18, 19, 20, 21, 22, 24]
[3, 6, 7, 9, 11, 12, 13, 14, 15, 16, 17, 18, 19, 20, 21, 22, 24]
[3, 6, 7, 9, 11, 12, 13, 14, 15, 16, 17, 18, 19, 20, 21, 22, 24]
[3, 6, 7, 9, 10, 11, 12, 13, 14, 15, 16, 17, 18, 19, 20, 21, 22, 24]
True EVDs
0.004073625447840433
0.004107509553048617
0.004107509553048617
0.0004965164622091931
0.0004605057676166625
0.004107509553048617
0.0
0.0
0.0
0.0004605057676166625
0.0
0.0004605057676166625
0.0
0.0004605057676166625
0.0004605057676166625
0.0
0.0
0.0004605057676166625
Bound errors
-2.318797503898508
2.6662050717230192
3.8457322436973946
0.3821834377446143
-7.390315681700785
3.086769456167734
-69.40161019525401
-14.878012144743732
-15.619585486630566
5.158339730522019
-9.143015004474218
4.624669647545155
1.8070501750039822
0.19993876562702884
-124.27636290778574
1.7829008014762353
4.04272060532492
0.6877548637595821
Policy optimalities
0.88
0.92
0.92
0.96
0.96
0.92
1.0
1.0
1.0
0.96
1.0
0.96
1.0
0.96
0.96
1.0
1.0
0.96
Policy accuracies
0.88
0.92
0.92
0.96
0.96
0.92
1.0
1.0
1.0
0.96
1.0
0.96
1.0
0.96
0.96
1.0
1.0
0.96
Confidence
1.0
Accuracy
0.6111111111111112
Confusion matrices
[[18, 0], [7, 0]]
NEW THRESHOLD 0.2
Percent Improvements
8.660468655786408
3.67532431460765
2.4957971426332746
5.97445375339702
13.747103535702005
3.254759930162935
75.76032473010908
21.236726679598792
21.978300021485627
1.1984481234792013
15.50172953932928
1.7321182064560643
4.551664359851079
6.156849088374191
130.63315076178696
4.575813733378826
2.315993929530141
5.669032990241638
Num demos
1
2
3
4
7
9
10
11
13
14
15
17
18
19
20
21
22
23
Percent states
0.04
0.08
0.12
0.16
0.28
0.36
0.4
0.44
0.52
0.56
0.6
0.68
0.72
0.76
0.8
0.84
0.88
0.92
Uncertain states
[21]
[21, 7]
[21, 14, 7]
[24, 21, 14, 7]
[20, 21, 22, 7, 24, 11, 14]
[6, 7, 11, 14, 19, 20, 21, 22, 24]
[6, 7, 9, 11, 14, 19, 20, 21, 22, 24]
[3, 6, 7, 9, 11, 14, 19, 20, 21, 22, 24]
[3, 6, 7, 9, 11, 14, 17, 18, 19, 20, 21, 22, 24]
[3, 6, 7, 9, 11, 14, 17, 18, 19, 20, 21, 22, 24]
[3, 6, 7, 9, 11, 13, 14, 17, 18, 19, 20, 21, 22, 24]
[3, 6, 7, 9, 11, 13, 14, 16, 17, 18, 19, 20, 21, 22, 24]
[3, 6, 7, 9, 11, 12, 13, 14, 16, 17, 18, 19, 20, 21, 22, 24]
[3, 6, 7, 9, 11, 12, 13, 14, 16, 17, 18, 19, 20, 21, 22, 24]
[3, 6, 7, 9, 11, 12, 13, 14, 15, 16, 17, 18, 19, 20, 21, 22, 24]
[3, 6, 7, 9, 11, 12, 13, 14, 15, 16, 17, 18, 19, 20, 21, 22, 24]
[3, 6, 7, 9, 11, 12, 13, 14, 15, 16, 17, 18, 19, 20, 21, 22, 24]
[3, 6, 7, 9, 10, 11, 12, 13, 14, 15, 16, 17, 18, 19, 20, 21, 22, 24]
True EVDs
0.004073625447840433
0.004107509553048617
0.004107509553048617
0.0004965164622091931
0.0004605057676166625
0.004107509553048617
0.0
0.0
0.0
0.0004605057676166625
0.0
0.0004605057676166625
0.0
0.0004605057676166625
0.0004605057676166625
0.0
0.0
0.0004605057676166625
Bound errors
-2.318797503898508
2.6662050717230192
3.8457322436973946
0.3821834377446143
-7.390315681700785
3.086769456167734
-69.40161019525401
-14.878012144743732
-15.619585486630566
5.158339730522019
-9.143015004474218
4.624669647545155
1.8070501750039822
0.19993876562702884
-124.27636290778574
1.7829008014762353
4.04272060532492
0.6877548637595821
Policy optimalities
0.88
0.92
0.92
0.96
0.96
0.92
1.0
1.0
1.0
0.96
1.0
0.96
1.0
0.96
0.96
1.0
1.0
0.96
Policy accuracies
0.88
0.92
0.92
0.96
0.96
0.92
1.0
1.0
1.0
0.96
1.0
0.96
1.0
0.96
0.96
1.0
1.0
0.96
Confidence
1.0
Accuracy
0.6111111111111112
Confusion matrices
[[18, 0], [7, 0]]
NEW THRESHOLD 0.3
Percent Improvements
8.660468655786408
3.67532431460765
2.4957971426332746
5.97445375339702
13.747103535702005
3.254759930162935
75.76032473010908
21.236726679598792
21.978300021485627
1.1984481234792013
15.50172953932928
1.7321182064560643
4.551664359851079
6.156849088374191
130.63315076178696
4.575813733378826
2.315993929530141
5.669032990241638
Num demos
1
2
3
4
7
9
10
11
13
14
15
17
18
19
20
21
22
23
Percent states
0.04
0.08
0.12
0.16
0.28
0.36
0.4
0.44
0.52
0.56
0.6
0.68
0.72
0.76
0.8
0.84
0.88
0.92
Uncertain states
[21]
[21, 7]
[21, 14, 7]
[24, 21, 14, 7]
[20, 21, 22, 7, 24, 11, 14]
[6, 7, 11, 14, 19, 20, 21, 22, 24]
[6, 7, 9, 11, 14, 19, 20, 21, 22, 24]
[3, 6, 7, 9, 11, 14, 19, 20, 21, 22, 24]
[3, 6, 7, 9, 11, 14, 17, 18, 19, 20, 21, 22, 24]
[3, 6, 7, 9, 11, 14, 17, 18, 19, 20, 21, 22, 24]
[3, 6, 7, 9, 11, 13, 14, 17, 18, 19, 20, 21, 22, 24]
[3, 6, 7, 9, 11, 13, 14, 16, 17, 18, 19, 20, 21, 22, 24]
[3, 6, 7, 9, 11, 12, 13, 14, 16, 17, 18, 19, 20, 21, 22, 24]
[3, 6, 7, 9, 11, 12, 13, 14, 16, 17, 18, 19, 20, 21, 22, 24]
[3, 6, 7, 9, 11, 12, 13, 14, 15, 16, 17, 18, 19, 20, 21, 22, 24]
[3, 6, 7, 9, 11, 12, 13, 14, 15, 16, 17, 18, 19, 20, 21, 22, 24]
[3, 6, 7, 9, 11, 12, 13, 14, 15, 16, 17, 18, 19, 20, 21, 22, 24]
[3, 6, 7, 9, 10, 11, 12, 13, 14, 15, 16, 17, 18, 19, 20, 21, 22, 24]
True EVDs
0.004073625447840433
0.004107509553048617
0.004107509553048617
0.0004965164622091931
0.0004605057676166625
0.004107509553048617
0.0
0.0
0.0
0.0004605057676166625
0.0
0.0004605057676166625
0.0
0.0004605057676166625
0.0004605057676166625
0.0
0.0
0.0004605057676166625
Bound errors
-2.318797503898508
2.6662050717230192
3.8457322436973946
0.3821834377446143
-7.390315681700785
3.086769456167734
-69.40161019525401
-14.878012144743732
-15.619585486630566
5.158339730522019
-9.143015004474218
4.624669647545155
1.8070501750039822
0.19993876562702884
-124.27636290778574
1.7829008014762353
4.04272060532492
0.6877548637595821
Policy optimalities
0.88
0.92
0.92
0.96
0.96
0.92
1.0
1.0
1.0
0.96
1.0
0.96
1.0
0.96
0.96
1.0
1.0
0.96
Policy accuracies
0.88
0.92
0.92
0.96
0.96
0.92
1.0
1.0
1.0
0.96
1.0
0.96
1.0
0.96
0.96
1.0
1.0
0.96
Confidence
1.0
Accuracy
0.6111111111111112
Confusion matrices
[[18, 0], [7, 0]]
NEW THRESHOLD 0.4
Percent Improvements
8.660468655786408
3.67532431460765
2.4957971426332746
5.97445375339702
13.747103535702005
3.254759930162935
75.76032473010908
21.236726679598792
21.978300021485627
1.1984481234792013
15.50172953932928
1.7321182064560643
4.551664359851079
6.156849088374191
130.63315076178696
4.575813733378826
2.315993929530141
5.669032990241638
Num demos
1
2
3
4
7
9
10
11
13
14
15
17
18
19
20
21
22
23
Percent states
0.04
0.08
0.12
0.16
0.28
0.36
0.4
0.44
0.52
0.56
0.6
0.68
0.72
0.76
0.8
0.84
0.88
0.92
Uncertain states
[21]
[21, 7]
[21, 14, 7]
[24, 21, 14, 7]
[20, 21, 22, 7, 24, 11, 14]
[6, 7, 11, 14, 19, 20, 21, 22, 24]
[6, 7, 9, 11, 14, 19, 20, 21, 22, 24]
[3, 6, 7, 9, 11, 14, 19, 20, 21, 22, 24]
[3, 6, 7, 9, 11, 14, 17, 18, 19, 20, 21, 22, 24]
[3, 6, 7, 9, 11, 14, 17, 18, 19, 20, 21, 22, 24]
[3, 6, 7, 9, 11, 13, 14, 17, 18, 19, 20, 21, 22, 24]
[3, 6, 7, 9, 11, 13, 14, 16, 17, 18, 19, 20, 21, 22, 24]
[3, 6, 7, 9, 11, 12, 13, 14, 16, 17, 18, 19, 20, 21, 22, 24]
[3, 6, 7, 9, 11, 12, 13, 14, 16, 17, 18, 19, 20, 21, 22, 24]
[3, 6, 7, 9, 11, 12, 13, 14, 15, 16, 17, 18, 19, 20, 21, 22, 24]
[3, 6, 7, 9, 11, 12, 13, 14, 15, 16, 17, 18, 19, 20, 21, 22, 24]
[3, 6, 7, 9, 11, 12, 13, 14, 15, 16, 17, 18, 19, 20, 21, 22, 24]
[3, 6, 7, 9, 10, 11, 12, 13, 14, 15, 16, 17, 18, 19, 20, 21, 22, 24]
True EVDs
0.004073625447840433
0.004107509553048617
0.004107509553048617
0.0004965164622091931
0.0004605057676166625
0.004107509553048617
0.0
0.0
0.0
0.0004605057676166625
0.0
0.0004605057676166625
0.0
0.0004605057676166625
0.0004605057676166625
0.0
0.0
0.0004605057676166625
Bound errors
-2.318797503898508
2.6662050717230192
3.8457322436973946
0.3821834377446143
-7.390315681700785
3.086769456167734
-69.40161019525401
-14.878012144743732
-15.619585486630566
5.158339730522019
-9.143015004474218
4.624669647545155
1.8070501750039822
0.19993876562702884
-124.27636290778574
1.7829008014762353
4.04272060532492
0.6877548637595821
Policy optimalities
0.88
0.92
0.92
0.96
0.96
0.92
1.0
1.0
1.0
0.96
1.0
0.96
1.0
0.96
0.96
1.0
1.0
0.96
Policy accuracies
0.88
0.92
0.92
0.96
0.96
0.92
1.0
1.0
1.0
0.96
1.0
0.96
1.0
0.96
0.96
1.0
1.0
0.96
Confidence
1.0
Accuracy
0.6111111111111112
Confusion matrices
[[18, 0], [7, 0]]
NEW THRESHOLD 0.5
Percent Improvements
8.660468655786408
3.67532431460765
2.4957971426332746
5.97445375339702
13.747103535702005
3.254759930162935
75.76032473010908
21.236726679598792
21.978300021485627
1.1984481234792013
15.50172953932928
1.7321182064560643
4.551664359851079
6.156849088374191
130.63315076178696
4.575813733378826
2.315993929530141
5.669032990241638
Num demos
1
2
3
4
7
9
10
11
13
14
15
17
18
19
20
21
22
23
Percent states
0.04
0.08
0.12
0.16
0.28
0.36
0.4
0.44
0.52
0.56
0.6
0.68
0.72
0.76
0.8
0.84
0.88
0.92
Uncertain states
[21]
[21, 7]
[21, 14, 7]
[24, 21, 14, 7]
[20, 21, 22, 7, 24, 11, 14]
[6, 7, 11, 14, 19, 20, 21, 22, 24]
[6, 7, 9, 11, 14, 19, 20, 21, 22, 24]
[3, 6, 7, 9, 11, 14, 19, 20, 21, 22, 24]
[3, 6, 7, 9, 11, 14, 17, 18, 19, 20, 21, 22, 24]
[3, 6, 7, 9, 11, 14, 17, 18, 19, 20, 21, 22, 24]
[3, 6, 7, 9, 11, 13, 14, 17, 18, 19, 20, 21, 22, 24]
[3, 6, 7, 9, 11, 13, 14, 16, 17, 18, 19, 20, 21, 22, 24]
[3, 6, 7, 9, 11, 12, 13, 14, 16, 17, 18, 19, 20, 21, 22, 24]
[3, 6, 7, 9, 11, 12, 13, 14, 16, 17, 18, 19, 20, 21, 22, 24]
[3, 6, 7, 9, 11, 12, 13, 14, 15, 16, 17, 18, 19, 20, 21, 22, 24]
[3, 6, 7, 9, 11, 12, 13, 14, 15, 16, 17, 18, 19, 20, 21, 22, 24]
[3, 6, 7, 9, 11, 12, 13, 14, 15, 16, 17, 18, 19, 20, 21, 22, 24]
[3, 6, 7, 9, 10, 11, 12, 13, 14, 15, 16, 17, 18, 19, 20, 21, 22, 24]
True EVDs
0.004073625447840433
0.004107509553048617
0.004107509553048617
0.0004965164622091931
0.0004605057676166625
0.004107509553048617
0.0
0.0
0.0
0.0004605057676166625
0.0
0.0004605057676166625
0.0
0.0004605057676166625
0.0004605057676166625
0.0
0.0
0.0004605057676166625
Bound errors
-2.318797503898508
2.6662050717230192
3.8457322436973946
0.3821834377446143
-7.390315681700785
3.086769456167734
-69.40161019525401
-14.878012144743732
-15.619585486630566
5.158339730522019
-9.143015004474218
4.624669647545155
1.8070501750039822
0.19993876562702884
-124.27636290778574
1.7829008014762353
4.04272060532492
0.6877548637595821
Policy optimalities
0.88
0.92
0.92
0.96
0.96
0.92
1.0
1.0
1.0
0.96
1.0
0.96
1.0
0.96
0.96
1.0
1.0
0.96
Policy accuracies
0.88
0.92
0.92
0.96
0.96
0.92
1.0
1.0
1.0
0.96
1.0
0.96
1.0
0.96
0.96
1.0
1.0
0.96
Confidence
1.0
Accuracy
0.6111111111111112
Confusion matrices
[[18, 0], [7, 0]]
NEW THRESHOLD 0.6
Percent Improvements
8.660468655786408
3.67532431460765
2.4957971426332746
5.97445375339702
13.747103535702005
3.254759930162935
75.76032473010908
21.236726679598792
21.978300021485627
1.1984481234792013
15.50172953932928
1.7321182064560643
4.551664359851079
6.156849088374191
130.63315076178696
4.575813733378826
2.315993929530141
5.669032990241638
Num demos
1
2
3
4
7
9
10
11
13
14
15
17
18
19
20
21
22
23
Percent states
0.04
0.08
0.12
0.16
0.28
0.36
0.4
0.44
0.52
0.56
0.6
0.68
0.72
0.76
0.8
0.84
0.88
0.92
Uncertain states
[21]
[21, 7]
[21, 14, 7]
[24, 21, 14, 7]
[20, 21, 22, 7, 24, 11, 14]
[6, 7, 11, 14, 19, 20, 21, 22, 24]
[6, 7, 9, 11, 14, 19, 20, 21, 22, 24]
[3, 6, 7, 9, 11, 14, 19, 20, 21, 22, 24]
[3, 6, 7, 9, 11, 14, 17, 18, 19, 20, 21, 22, 24]
[3, 6, 7, 9, 11, 14, 17, 18, 19, 20, 21, 22, 24]
[3, 6, 7, 9, 11, 13, 14, 17, 18, 19, 20, 21, 22, 24]
[3, 6, 7, 9, 11, 13, 14, 16, 17, 18, 19, 20, 21, 22, 24]
[3, 6, 7, 9, 11, 12, 13, 14, 16, 17, 18, 19, 20, 21, 22, 24]
[3, 6, 7, 9, 11, 12, 13, 14, 16, 17, 18, 19, 20, 21, 22, 24]
[3, 6, 7, 9, 11, 12, 13, 14, 15, 16, 17, 18, 19, 20, 21, 22, 24]
[3, 6, 7, 9, 11, 12, 13, 14, 15, 16, 17, 18, 19, 20, 21, 22, 24]
[3, 6, 7, 9, 11, 12, 13, 14, 15, 16, 17, 18, 19, 20, 21, 22, 24]
[3, 6, 7, 9, 10, 11, 12, 13, 14, 15, 16, 17, 18, 19, 20, 21, 22, 24]
True EVDs
0.004073625447840433
0.004107509553048617
0.004107509553048617
0.0004965164622091931
0.0004605057676166625
0.004107509553048617
0.0
0.0
0.0
0.0004605057676166625
0.0
0.0004605057676166625
0.0
0.0004605057676166625
0.0004605057676166625
0.0
0.0
0.0004605057676166625
Bound errors
-2.318797503898508
2.6662050717230192
3.8457322436973946
0.3821834377446143
-7.390315681700785
3.086769456167734
-69.40161019525401
-14.878012144743732
-15.619585486630566
5.158339730522019
-9.143015004474218
4.624669647545155
1.8070501750039822
0.19993876562702884
-124.27636290778574
1.7829008014762353
4.04272060532492
0.6877548637595821
Policy optimalities
0.88
0.92
0.92
0.96
0.96
0.92
1.0
1.0
1.0
0.96
1.0
0.96
1.0
0.96
0.96
1.0
1.0
0.96
Policy accuracies
0.88
0.92
0.92
0.96
0.96
0.92
1.0
1.0
1.0
0.96
1.0
0.96
1.0
0.96
0.96
1.0
1.0
0.96
Confidence
1.0
Accuracy
0.6111111111111112
Confusion matrices
[[18, 0], [7, 0]]
NEW THRESHOLD 0.7
Percent Improvements
8.660468655786408
3.67532431460765
2.4957971426332746
5.97445375339702
13.747103535702005
3.254759930162935
75.76032473010908
21.236726679598792
21.978300021485627
1.1984481234792013
15.50172953932928
1.7321182064560643
4.551664359851079
6.156849088374191
130.63315076178696
4.575813733378826
2.315993929530141
5.669032990241638
Num demos
1
2
3
4
7
9
10
11
13
14
15
17
18
19
20
21
22
23
Percent states
0.04
0.08
0.12
0.16
0.28
0.36
0.4
0.44
0.52
0.56
0.6
0.68
0.72
0.76
0.8
0.84
0.88
0.92
Uncertain states
[21]
[21, 7]
[21, 14, 7]
[24, 21, 14, 7]
[20, 21, 22, 7, 24, 11, 14]
[6, 7, 11, 14, 19, 20, 21, 22, 24]
[6, 7, 9, 11, 14, 19, 20, 21, 22, 24]
[3, 6, 7, 9, 11, 14, 19, 20, 21, 22, 24]
[3, 6, 7, 9, 11, 14, 17, 18, 19, 20, 21, 22, 24]
[3, 6, 7, 9, 11, 14, 17, 18, 19, 20, 21, 22, 24]
[3, 6, 7, 9, 11, 13, 14, 17, 18, 19, 20, 21, 22, 24]
[3, 6, 7, 9, 11, 13, 14, 16, 17, 18, 19, 20, 21, 22, 24]
[3, 6, 7, 9, 11, 12, 13, 14, 16, 17, 18, 19, 20, 21, 22, 24]
[3, 6, 7, 9, 11, 12, 13, 14, 16, 17, 18, 19, 20, 21, 22, 24]
[3, 6, 7, 9, 11, 12, 13, 14, 15, 16, 17, 18, 19, 20, 21, 22, 24]
[3, 6, 7, 9, 11, 12, 13, 14, 15, 16, 17, 18, 19, 20, 21, 22, 24]
[3, 6, 7, 9, 11, 12, 13, 14, 15, 16, 17, 18, 19, 20, 21, 22, 24]
[3, 6, 7, 9, 10, 11, 12, 13, 14, 15, 16, 17, 18, 19, 20, 21, 22, 24]
True EVDs
0.004073625447840433
0.004107509553048617
0.004107509553048617
0.0004965164622091931
0.0004605057676166625
0.004107509553048617
0.0
0.0
0.0
0.0004605057676166625
0.0
0.0004605057676166625
0.0
0.0004605057676166625
0.0004605057676166625
0.0
0.0
0.0004605057676166625
Bound errors
-2.318797503898508
2.6662050717230192
3.8457322436973946
0.3821834377446143
-7.390315681700785
3.086769456167734
-69.40161019525401
-14.878012144743732
-15.619585486630566
5.158339730522019
-9.143015004474218
4.624669647545155
1.8070501750039822
0.19993876562702884
-124.27636290778574
1.7829008014762353
4.04272060532492
0.6877548637595821
Policy optimalities
0.88
0.92
0.92
0.96
0.96
0.92
1.0
1.0
1.0
0.96
1.0
0.96
1.0
0.96
0.96
1.0
1.0
0.96
Policy accuracies
0.88
0.92
0.92
0.96
0.96
0.92
1.0
1.0
1.0
0.96
1.0
0.96
1.0
0.96
0.96
1.0
1.0
0.96
Confidence
1.0
Accuracy
0.6111111111111112
Confusion matrices
[[18, 0], [7, 0]]
NEW THRESHOLD 0.8
Percent Improvements
8.660468655786408
3.67532431460765
2.4957971426332746
5.97445375339702
13.747103535702005
3.254759930162935
75.76032473010908
21.236726679598792
21.978300021485627
1.1984481234792013
15.50172953932928
1.7321182064560643
4.551664359851079
6.156849088374191
130.63315076178696
4.575813733378826
2.315993929530141
5.669032990241638
Num demos
1
2
3
4
7
9
10
11
13
14
15
17
18
19
20
21
22
23
Percent states
0.04
0.08
0.12
0.16
0.28
0.36
0.4
0.44
0.52
0.56
0.6
0.68
0.72
0.76
0.8
0.84
0.88
0.92
Uncertain states
[21]
[21, 7]
[21, 14, 7]
[24, 21, 14, 7]
[20, 21, 22, 7, 24, 11, 14]
[6, 7, 11, 14, 19, 20, 21, 22, 24]
[6, 7, 9, 11, 14, 19, 20, 21, 22, 24]
[3, 6, 7, 9, 11, 14, 19, 20, 21, 22, 24]
[3, 6, 7, 9, 11, 14, 17, 18, 19, 20, 21, 22, 24]
[3, 6, 7, 9, 11, 14, 17, 18, 19, 20, 21, 22, 24]
[3, 6, 7, 9, 11, 13, 14, 17, 18, 19, 20, 21, 22, 24]
[3, 6, 7, 9, 11, 13, 14, 16, 17, 18, 19, 20, 21, 22, 24]
[3, 6, 7, 9, 11, 12, 13, 14, 16, 17, 18, 19, 20, 21, 22, 24]
[3, 6, 7, 9, 11, 12, 13, 14, 16, 17, 18, 19, 20, 21, 22, 24]
[3, 6, 7, 9, 11, 12, 13, 14, 15, 16, 17, 18, 19, 20, 21, 22, 24]
[3, 6, 7, 9, 11, 12, 13, 14, 15, 16, 17, 18, 19, 20, 21, 22, 24]
[3, 6, 7, 9, 11, 12, 13, 14, 15, 16, 17, 18, 19, 20, 21, 22, 24]
[3, 6, 7, 9, 10, 11, 12, 13, 14, 15, 16, 17, 18, 19, 20, 21, 22, 24]
True EVDs
0.004073625447840433
0.004107509553048617
0.004107509553048617
0.0004965164622091931
0.0004605057676166625
0.004107509553048617
0.0
0.0
0.0
0.0004605057676166625
0.0
0.0004605057676166625
0.0
0.0004605057676166625
0.0004605057676166625
0.0
0.0
0.0004605057676166625
Bound errors
-2.318797503898508
2.6662050717230192
3.8457322436973946
0.3821834377446143
-7.390315681700785
3.086769456167734
-69.40161019525401
-14.878012144743732
-15.619585486630566
5.158339730522019
-9.143015004474218
4.624669647545155
1.8070501750039822
0.19993876562702884
-124.27636290778574
1.7829008014762353
4.04272060532492
0.6877548637595821
Policy optimalities
0.88
0.92
0.92
0.96
0.96
0.92
1.0
1.0
1.0
0.96
1.0
0.96
1.0
0.96
0.96
1.0
1.0
0.96
Policy accuracies
0.88
0.92
0.92
0.96
0.96
0.92
1.0
1.0
1.0
0.96
1.0
0.96
1.0
0.96
0.96
1.0
1.0
0.96
Confidence
1.0
Accuracy
0.6111111111111112
Confusion matrices
[[18, 0], [7, 0]]
NEW THRESHOLD 0.9
Percent Improvements
8.660468655786408
3.67532431460765
2.4957971426332746
5.97445375339702
13.747103535702005
3.254759930162935
75.76032473010908
21.236726679598792
21.978300021485627
1.1984481234792013
15.50172953932928
1.7321182064560643
4.551664359851079
6.156849088374191
130.63315076178696
4.575813733378826
2.315993929530141
5.669032990241638
Num demos
1
2
3
4
7
9
10
11
13
14
15
17
18
19
20
21
22
23
Percent states
0.04
0.08
0.12
0.16
0.28
0.36
0.4
0.44
0.52
0.56
0.6
0.68
0.72
0.76
0.8
0.84
0.88
0.92
Uncertain states
[21]
[21, 7]
[21, 14, 7]
[24, 21, 14, 7]
[20, 21, 22, 7, 24, 11, 14]
[6, 7, 11, 14, 19, 20, 21, 22, 24]
[6, 7, 9, 11, 14, 19, 20, 21, 22, 24]
[3, 6, 7, 9, 11, 14, 19, 20, 21, 22, 24]
[3, 6, 7, 9, 11, 14, 17, 18, 19, 20, 21, 22, 24]
[3, 6, 7, 9, 11, 14, 17, 18, 19, 20, 21, 22, 24]
[3, 6, 7, 9, 11, 13, 14, 17, 18, 19, 20, 21, 22, 24]
[3, 6, 7, 9, 11, 13, 14, 16, 17, 18, 19, 20, 21, 22, 24]
[3, 6, 7, 9, 11, 12, 13, 14, 16, 17, 18, 19, 20, 21, 22, 24]
[3, 6, 7, 9, 11, 12, 13, 14, 16, 17, 18, 19, 20, 21, 22, 24]
[3, 6, 7, 9, 11, 12, 13, 14, 15, 16, 17, 18, 19, 20, 21, 22, 24]
[3, 6, 7, 9, 11, 12, 13, 14, 15, 16, 17, 18, 19, 20, 21, 22, 24]
[3, 6, 7, 9, 11, 12, 13, 14, 15, 16, 17, 18, 19, 20, 21, 22, 24]
[3, 6, 7, 9, 10, 11, 12, 13, 14, 15, 16, 17, 18, 19, 20, 21, 22, 24]
True EVDs
0.004073625447840433
0.004107509553048617
0.004107509553048617
0.0004965164622091931
0.0004605057676166625
0.004107509553048617
0.0
0.0
0.0
0.0004605057676166625
0.0
0.0004605057676166625
0.0
0.0004605057676166625
0.0004605057676166625
0.0
0.0
0.0004605057676166625
Bound errors
-2.318797503898508
2.6662050717230192
3.8457322436973946
0.3821834377446143
-7.390315681700785
3.086769456167734
-69.40161019525401
-14.878012144743732
-15.619585486630566
5.158339730522019
-9.143015004474218
4.624669647545155
1.8070501750039822
0.19993876562702884
-124.27636290778574
1.7829008014762353
4.04272060532492
0.6877548637595821
Policy optimalities
0.88
0.92
0.92
0.96
0.96
0.92
1.0
1.0
1.0
0.96
1.0
0.96
1.0
0.96
0.96
1.0
1.0
0.96
Policy accuracies
0.88
0.92
0.92
0.96
0.96
0.92
1.0
1.0
1.0
0.96
1.0
0.96
1.0
0.96
0.96
1.0
1.0
0.96
Confidence
1.0
Accuracy
0.6111111111111112
Confusion matrices
[[18, 0], [7, 0]]
NEW THRESHOLD 1.0
Percent Improvements
8.660468655786408
3.67532431460765
2.4957971426332746
5.97445375339702
13.747103535702005
3.254759930162935
75.76032473010908
21.236726679598792
21.978300021485627
1.1984481234792013
15.50172953932928
1.7321182064560643
4.551664359851079
6.156849088374191
130.63315076178696
4.575813733378826
2.315993929530141
5.669032990241638
Num demos
1
2
3
4
7
9
10
11
13
14
15
17
18
19
20
21
22
23
Percent states
0.04
0.08
0.12
0.16
0.28
0.36
0.4
0.44
0.52
0.56
0.6
0.68
0.72
0.76
0.8
0.84
0.88
0.92
Uncertain states
[21]
[21, 7]
[21, 14, 7]
[24, 21, 14, 7]
[20, 21, 22, 7, 24, 11, 14]
[6, 7, 11, 14, 19, 20, 21, 22, 24]
[6, 7, 9, 11, 14, 19, 20, 21, 22, 24]
[3, 6, 7, 9, 11, 14, 19, 20, 21, 22, 24]
[3, 6, 7, 9, 11, 14, 17, 18, 19, 20, 21, 22, 24]
[3, 6, 7, 9, 11, 14, 17, 18, 19, 20, 21, 22, 24]
[3, 6, 7, 9, 11, 13, 14, 17, 18, 19, 20, 21, 22, 24]
[3, 6, 7, 9, 11, 13, 14, 16, 17, 18, 19, 20, 21, 22, 24]
[3, 6, 7, 9, 11, 12, 13, 14, 16, 17, 18, 19, 20, 21, 22, 24]
[3, 6, 7, 9, 11, 12, 13, 14, 16, 17, 18, 19, 20, 21, 22, 24]
[3, 6, 7, 9, 11, 12, 13, 14, 15, 16, 17, 18, 19, 20, 21, 22, 24]
[3, 6, 7, 9, 11, 12, 13, 14, 15, 16, 17, 18, 19, 20, 21, 22, 24]
[3, 6, 7, 9, 11, 12, 13, 14, 15, 16, 17, 18, 19, 20, 21, 22, 24]
[3, 6, 7, 9, 10, 11, 12, 13, 14, 15, 16, 17, 18, 19, 20, 21, 22, 24]
True EVDs
0.004073625447840433
0.004107509553048617
0.004107509553048617
0.0004965164622091931
0.0004605057676166625
0.004107509553048617
0.0
0.0
0.0
0.0004605057676166625
0.0
0.0004605057676166625
0.0
0.0004605057676166625
0.0004605057676166625
0.0
0.0
0.0004605057676166625
Bound errors
-2.318797503898508
2.6662050717230192
3.8457322436973946
0.3821834377446143
-7.390315681700785
3.086769456167734
-69.40161019525401
-14.878012144743732
-15.619585486630566
5.158339730522019
-9.143015004474218
4.624669647545155
1.8070501750039822
0.19993876562702884
-124.27636290778574
1.7829008014762353
4.04272060532492
0.6877548637595821
Policy optimalities
0.88
0.92
0.92
0.96
0.96
0.92
1.0
1.0
1.0
0.96
1.0
0.96
1.0
0.96
0.96
1.0
1.0
0.96
Policy accuracies
0.88
0.92
0.92
0.96
0.96
0.92
1.0
1.0
1.0
0.96
1.0
0.96
1.0
0.96
0.96
1.0
1.0
0.96
Confidence
1.0
Accuracy
0.6111111111111112
Confusion matrices
[[18, 0], [7, 0]]
**************************************************
Total running minutes: 1.2426284193992614
