Number of demos
[1, 2, 3, 4, 5, 6, 7, 8, 9, 10, 11, 12, 13, 14, 15, 16, 17, 18, 19, 20, 21, 22, 23, 24, 25, 26, 27, 28, 29, 30, 31, 32, 33, 34, 35, 36, 37, 38, 39, 40, 41, 42, 43, 44, 45, 46, 47, 48, 49, 50]
Average number of unique demos across worlds for each amount of demos
[0.95, 1.9, 2.85, 3.65, 4.45, 5.3, 5.9, 6.75, 7.55, 8.35, 9.1, 9.75, 10.6, 11.45, 11.9, 12.4, 12.9, 13.3, 13.85, 14.65, 15.1, 15.55, 16.0, 16.3, 16.85, 17.05, 17.55, 18.1, 18.3, 18.65, 19.15, 19.35, 19.8, 20.25, 20.4, 20.6, 20.85, 21.15, 21.35, 21.5, 21.85, 21.95, 22.05, 22.1, 22.4, 22.55, 22.75, 23.0, 23.15, 23.45]
Average bound across worlds for each number of demos
[1.6931191786453699, 0.8928601308585252, 0.8600238775249011, 0.4105766653110637, 0.23209976235399465, 0.27460360964816144, 0.09577720470605053, 0.0729784163327803, 0.0829581033477324, 0.06699484725293159, 0.00915245895681768, 0.06960295944321011, 0.07930337949411184, 0.00544458447424175, 0.005479881841275864, 0.004430091133382517, 0.00470437110824399, 0.004558601158032477, 0.0037547389845527268, 0.0035201184496622554, 0.002901548791718186, 0.0027096671854751776, 0.002985057843372919, 0.002693646773768271, 0.0019508064101138808, 0.001983205406334389, 0.001996811041936203, 0.0017989522803488075, 0.001675511963488717, 0.001628007712623147, 0.0015865089521065235, 0.0014893499366753704, 0.0014503933901359317, 0.0014608519551016239, 0.0013825405679402363, 0.0014230866196467355, 0.001427951193089166, 0.0017713576171014388, 0.0014283088835657688, 0.0017706125713634478, 0.0011630512496453335, 0.0013760434170901467, 0.0010033706911118253, 0.0010549141676951888, 0.0012176000121882486, 0.0010496680524805385, 0.0010666521580851196, 0.0009602558695954916, 0.0010562473830416578, 0.0009867346520987075]
Average ground-truth nEVD across worlds for each number of demos
[0.20813838353844152, 0.16196944895906867, 0.04788748568325636, 0.004512518805160119, 0.0039906161627046395, 0.004358505704184683, 0.004227179118755894, 0.0032659613832023496, 0.002974611864178457, 0.00249410635249597, 0.003252124375378122, 0.0031517841293314205, 0.00233591949041894, 0.001993860242398751, 0.0020777215959272176, 0.0019097204860637866, 0.0014256791264107781, 0.0018718782064919728, 0.0015129180120700715, 0.0013045900789688425, 0.0013045900789688425, 0.0010621687477820989, 0.0011927971886235087, 0.0012270599211527146, 0.0010004569579297657, 0.0010004569579297657, 0.000927869394970945, 0.000927869394970945, 0.0007159431685424219, 0.00035460298368992615, 0.00027594003271421536, 0.00027594003271421536, 0.00047370380423158233, 0.00035460298368992615, 0.000331577695309093, 0.00035460298368992615, 0.000331577695309093, 0.00011294420464359361, 8.991891626276048e-05, 0.00013035678582870594, 0.00020901973680441675, 8.991891626276048e-05, 0.00020901973680441675, 8.991891626276048e-05, 8.991891626276048e-05, 0.00020901973680441675, 0.0002268129505548847, 0.00020901973680441675, 0.00013035678582870594, 0.00013035678582870594]
Average bound error across worlds for each number of demos
[1.4849807951069287, 0.7308906818994566, 0.8121363918416448, 0.4060641465059036, 0.22810914619128994, 0.2702451039439767, 0.09155002558729464, 0.06971245494957795, 0.07998349148355395, 0.0645007409004356, 0.005900334581439557, 0.06645117531387869, 0.0769674600036929, 0.0034507242318429997, 0.0034021602453486455, 0.0025203706473187317, 0.0032786919818332113, 0.002686722951540503, 0.002241820972482656, 0.0022155283706934126, 0.0015969587127493436, 0.001647498437693079, 0.0017922606547494102, 0.0014665868526155565, 0.000950349452184115, 0.0009827484484046236, 0.0010689416469652582, 0.0008710828853778628, 0.0009595687949462948, 0.001273404728933221, 0.0013105689193923088, 0.0012134099039611548, 0.0009766895859043491, 0.0011062489714116976, 0.0010509628726311432, 0.0010684836359568088, 0.0010963734977800731, 0.0016584134124578453, 0.0013383899673030083, 0.0016402557855347416, 0.0009540315128409168, 0.001286124500827386, 0.0007943509543074087, 0.0009649952514324284, 0.0011276810959254882, 0.0008406483156761216, 0.0008398392075302352, 0.0007512361327910748, 0.0009258905972129517, 0.0008563778662700014]
Average policy optimality across worlds for each number of demos
[0.804, 0.8540000000000001, 0.8879999999999999, 0.9359999999999999, 0.9400000000000002, 0.9320000000000002, 0.9380000000000001, 0.9400000000000001, 0.944, 0.9460000000000001, 0.9400000000000001, 0.9400000000000001, 0.9520000000000002, 0.9560000000000001, 0.958, 0.96, 0.9680000000000002, 0.9640000000000001, 0.9640000000000001, 0.9760000000000002, 0.9760000000000002, 0.9780000000000001, 0.9760000000000002, 0.9800000000000001, 0.982, 0.982, 0.984, 0.984, 0.9860000000000001, 0.99, 0.992, 0.992, 0.9880000000000001, 0.99, 0.9920000000000002, 0.99, 0.9920000000000002, 0.9940000000000001, 0.9960000000000001, 0.9960000000000001, 0.9940000000000001, 0.9960000000000001, 0.9940000000000001, 0.9960000000000001, 0.9960000000000001, 0.9940000000000001, 0.9940000000000001, 0.9940000000000001, 0.9960000000000001, 0.9960000000000001]
---------------------
Accuracy of each threshold at point of termination, taken over worlds
{0.01: 0.9452554744525548, 0.02: 0.9469525959367946, 0.03: 0.9469026548672567, 0.04: 0.9471947194719472, 0.05: 0.9474835886214442}
**************************************************
