NEW THRESHOLD 0.1
Num demos
1
2
3
4
5
6
7
8
9
10
1
2
3
4
5
6
7
8
9
10
1
2
3
4
5
6
7
8
9
10
1
2
3
4
5
6
7
8
9
10
1
2
3
4
5
6
7
8
9
10
1
2
3
4
5
6
7
8
9
10
1
2
3
4
5
6
7
8
9
10
1
2
3
4
5
6
7
8
9
10
1
2
3
4
5
6
7
8
9
10
Bound errors
0.04933554933367956
0.04933554933367956
0.04933554933367956
0.04933554933367956
0.04933554933367956
0.04933554933367956
0.04933554933367956
0.04933554933367956
0.04933554933367956
0.04933554933367956
0.05725962993501164
0.05725962993501164
0.05725962993501164
0.05725962993501164
0.05725962993501164
0.05725962993501164
0.05725962993501164
0.05725962993501164
0.05725962993501164
0.05725962993501164
0.027012570632931058
0.027012570632931058
0.027012570632931058
0.027012570632931058
0.027012570632931058
0.027012570632931058
0.027012570632931058
0.027012570632931058
0.027012570632931058
0.027012570632931058
0.04781072005407174
0.04781072005407174
0.04781072005407174
0.04781072005407174
0.04781072005407174
0.04781072005407174
0.04781072005407174
0.04781072005407174
0.04781072005407174
0.04781072005407174
0.04668060871445324
0.04668060871445324
0.04668060871445324
0.04668060871445324
0.04668060871445324
0.04668060871445324
0.04668060871445324
0.04668060871445324
0.04668060871445324
0.04668060871445324
0.05730716921972041
0.05730716921972041
0.05730716921972041
0.05730716921972041
0.05730716921972041
0.05730716921972041
0.05730716921972041
0.05730716921972041
0.05730716921972041
0.05730716921972041
0.040480697286688024
0.040480697286688024
0.040480697286688024
0.040480697286688024
0.040480697286688024
0.040480697286688024
0.040480697286688024
0.040480697286688024
0.040480697286688024
0.040480697286688024
0.06566130309910032
0.06566130309910032
0.06566130309910032
0.06566130309910032
0.06566130309910032
0.06566130309910032
0.06566130309910032
0.06566130309910032
0.06566130309910032
0.06566130309910032
0.047243013687119154
0.047243013687119154
0.047243013687119154
0.047243013687119154
0.047243013687119154
0.047243013687119154
0.047243013687119154
0.047243013687119154
0.047243013687119154
0.047243013687119154
Policy optimalities
1.0
1.0
1.0
1.0
1.0
1.0
1.0
1.0
1.0
1.0
1.0
1.0
1.0
1.0
1.0
1.0
1.0
1.0
1.0
1.0
0.45
0.45
0.45
0.45
0.45
0.45
0.45
0.45
0.45
0.45
1.0
1.0
1.0
1.0
1.0
1.0
1.0
1.0
1.0
1.0
1.0
1.0
1.0
1.0
1.0
1.0
1.0
1.0
1.0
1.0
1.0
1.0
1.0
1.0
1.0
1.0
1.0
1.0
1.0
1.0
1.0
1.0
1.0
1.0
1.0
1.0
1.0
1.0
1.0
1.0
1.0
1.0
1.0
1.0
1.0
1.0
1.0
1.0
1.0
1.0
1.0
1.0
1.0
1.0
1.0
1.0
1.0
1.0
1.0
1.0
Accuracy
1.0
Confusion matrices
[[90, 0], [10, 0]]
NEW THRESHOLD 0.2
Num demos
1
2
3
4
5
6
7
8
9
10
1
2
3
4
5
6
7
8
9
10
1
2
3
4
5
6
7
8
9
10
1
2
3
4
5
6
7
8
9
10
1
2
3
4
5
6
7
8
9
10
1
2
3
4
5
6
7
8
9
10
1
2
3
4
5
6
7
8
9
10
1
2
3
4
5
6
7
8
9
10
1
2
3
4
5
6
7
8
9
10
1
2
3
4
5
6
7
8
9
10
Bound errors
0.04933554933367956
0.04933554933367956
0.04933554933367956
0.04933554933367956
0.04933554933367956
0.04933554933367956
0.04933554933367956
0.04933554933367956
0.04933554933367956
0.04933554933367956
0.05725962993501164
0.05725962993501164
0.05725962993501164
0.05725962993501164
0.05725962993501164
0.05725962993501164
0.05725962993501164
0.05725962993501164
0.05725962993501164
0.05725962993501164
0.13576489377828838
0.13576489377828838
0.13576489377828838
0.13576489377828838
0.13576489377828838
0.13576489377828838
0.13576489377828838
0.13576489377828838
0.13576489377828838
0.13576489377828838
0.027012570632931058
0.027012570632931058
0.027012570632931058
0.027012570632931058
0.027012570632931058
0.027012570632931058
0.027012570632931058
0.027012570632931058
0.027012570632931058
0.027012570632931058
0.04781072005407174
0.04781072005407174
0.04781072005407174
0.04781072005407174
0.04781072005407174
0.04781072005407174
0.04781072005407174
0.04781072005407174
0.04781072005407174
0.04781072005407174
0.04668060871445324
0.04668060871445324
0.04668060871445324
0.04668060871445324
0.04668060871445324
0.04668060871445324
0.04668060871445324
0.04668060871445324
0.04668060871445324
0.04668060871445324
0.05730716921972041
0.05730716921972041
0.05730716921972041
0.05730716921972041
0.05730716921972041
0.05730716921972041
0.05730716921972041
0.05730716921972041
0.05730716921972041
0.05730716921972041
0.040480697286688024
0.040480697286688024
0.040480697286688024
0.040480697286688024
0.040480697286688024
0.040480697286688024
0.040480697286688024
0.040480697286688024
0.040480697286688024
0.040480697286688024
0.06566130309910032
0.06566130309910032
0.06566130309910032
0.06566130309910032
0.06566130309910032
0.06566130309910032
0.06566130309910032
0.06566130309910032
0.06566130309910032
0.06566130309910032
0.047243013687119154
0.047243013687119154
0.047243013687119154
0.047243013687119154
0.047243013687119154
0.047243013687119154
0.047243013687119154
0.047243013687119154
0.047243013687119154
0.047243013687119154
Policy optimalities
1.0
1.0
1.0
1.0
1.0
1.0
1.0
1.0
1.0
1.0
1.0
1.0
1.0
1.0
1.0
1.0
1.0
1.0
1.0
1.0
1.0
1.0
1.0
1.0
1.0
1.0
1.0
1.0
1.0
1.0
0.45
0.45
0.45
0.45
0.45
0.45
0.45
0.45
0.45
0.45
1.0
1.0
1.0
1.0
1.0
1.0
1.0
1.0
1.0
1.0
1.0
1.0
1.0
1.0
1.0
1.0
1.0
1.0
1.0
1.0
1.0
1.0
1.0
1.0
1.0
1.0
1.0
1.0
1.0
1.0
1.0
1.0
1.0
1.0
1.0
1.0
1.0
1.0
1.0
1.0
1.0
1.0
1.0
1.0
1.0
1.0
1.0
1.0
1.0
1.0
1.0
1.0
1.0
1.0
1.0
1.0
1.0
1.0
1.0
1.0
Accuracy
1.0
Confusion matrices
[[100, 0], [0, 0]]
NEW THRESHOLD 0.3
Num demos
1
2
3
4
5
6
7
8
9
10
1
2
3
4
5
6
7
8
9
10
1
2
3
4
5
6
7
8
9
10
1
2
3
4
5
6
7
8
9
10
1
2
3
4
5
6
7
8
9
10
1
2
3
4
5
6
7
8
9
10
1
2
3
4
5
6
7
8
9
10
1
2
3
4
5
6
7
8
9
10
1
2
3
4
5
6
7
8
9
10
1
2
3
4
5
6
7
8
9
10
Bound errors
0.04933554933367956
0.04933554933367956
0.04933554933367956
0.04933554933367956
0.04933554933367956
0.04933554933367956
0.04933554933367956
0.04933554933367956
0.04933554933367956
0.04933554933367956
0.05725962993501164
0.05725962993501164
0.05725962993501164
0.05725962993501164
0.05725962993501164
0.05725962993501164
0.05725962993501164
0.05725962993501164
0.05725962993501164
0.05725962993501164
0.13576489377828838
0.13576489377828838
0.13576489377828838
0.13576489377828838
0.13576489377828838
0.13576489377828838
0.13576489377828838
0.13576489377828838
0.13576489377828838
0.13576489377828838
0.027012570632931058
0.027012570632931058
0.027012570632931058
0.027012570632931058
0.027012570632931058
0.027012570632931058
0.027012570632931058
0.027012570632931058
0.027012570632931058
0.027012570632931058
0.04781072005407174
0.04781072005407174
0.04781072005407174
0.04781072005407174
0.04781072005407174
0.04781072005407174
0.04781072005407174
0.04781072005407174
0.04781072005407174
0.04781072005407174
0.04668060871445324
0.04668060871445324
0.04668060871445324
0.04668060871445324
0.04668060871445324
0.04668060871445324
0.04668060871445324
0.04668060871445324
0.04668060871445324
0.04668060871445324
0.05730716921972041
0.05730716921972041
0.05730716921972041
0.05730716921972041
0.05730716921972041
0.05730716921972041
0.05730716921972041
0.05730716921972041
0.05730716921972041
0.05730716921972041
0.040480697286688024
0.040480697286688024
0.040480697286688024
0.040480697286688024
0.040480697286688024
0.040480697286688024
0.040480697286688024
0.040480697286688024
0.040480697286688024
0.040480697286688024
0.06566130309910032
0.06566130309910032
0.06566130309910032
0.06566130309910032
0.06566130309910032
0.06566130309910032
0.06566130309910032
0.06566130309910032
0.06566130309910032
0.06566130309910032
0.047243013687119154
0.047243013687119154
0.047243013687119154
0.047243013687119154
0.047243013687119154
0.047243013687119154
0.047243013687119154
0.047243013687119154
0.047243013687119154
0.047243013687119154
Policy optimalities
1.0
1.0
1.0
1.0
1.0
1.0
1.0
1.0
1.0
1.0
1.0
1.0
1.0
1.0
1.0
1.0
1.0
1.0
1.0
1.0
1.0
1.0
1.0
1.0
1.0
1.0
1.0
1.0
1.0
1.0
0.45
0.45
0.45
0.45
0.45
0.45
0.45
0.45
0.45
0.45
1.0
1.0
1.0
1.0
1.0
1.0
1.0
1.0
1.0
1.0
1.0
1.0
1.0
1.0
1.0
1.0
1.0
1.0
1.0
1.0
1.0
1.0
1.0
1.0
1.0
1.0
1.0
1.0
1.0
1.0
1.0
1.0
1.0
1.0
1.0
1.0
1.0
1.0
1.0
1.0
1.0
1.0
1.0
1.0
1.0
1.0
1.0
1.0
1.0
1.0
1.0
1.0
1.0
1.0
1.0
1.0
1.0
1.0
1.0
1.0
Accuracy
1.0
Confusion matrices
[[100, 0], [0, 0]]
NEW THRESHOLD 0.4
Num demos
1
2
3
4
5
6
7
8
9
10
1
2
3
4
5
6
7
8
9
10
1
2
3
4
5
6
7
8
9
10
1
2
3
4
5
6
7
8
9
10
1
2
3
4
5
6
7
8
9
10
1
2
3
4
5
6
7
8
9
10
1
2
3
4
5
6
7
8
9
10
1
2
3
4
5
6
7
8
9
10
1
2
3
4
5
6
7
8
9
10
1
2
3
4
5
6
7
8
9
10
Bound errors
0.04933554933367956
0.04933554933367956
0.04933554933367956
0.04933554933367956
0.04933554933367956
0.04933554933367956
0.04933554933367956
0.04933554933367956
0.04933554933367956
0.04933554933367956
0.05725962993501164
0.05725962993501164
0.05725962993501164
0.05725962993501164
0.05725962993501164
0.05725962993501164
0.05725962993501164
0.05725962993501164
0.05725962993501164
0.05725962993501164
0.13576489377828838
0.13576489377828838
0.13576489377828838
0.13576489377828838
0.13576489377828838
0.13576489377828838
0.13576489377828838
0.13576489377828838
0.13576489377828838
0.13576489377828838
0.027012570632931058
0.027012570632931058
0.027012570632931058
0.027012570632931058
0.027012570632931058
0.027012570632931058
0.027012570632931058
0.027012570632931058
0.027012570632931058
0.027012570632931058
0.04781072005407174
0.04781072005407174
0.04781072005407174
0.04781072005407174
0.04781072005407174
0.04781072005407174
0.04781072005407174
0.04781072005407174
0.04781072005407174
0.04781072005407174
0.04668060871445324
0.04668060871445324
0.04668060871445324
0.04668060871445324
0.04668060871445324
0.04668060871445324
0.04668060871445324
0.04668060871445324
0.04668060871445324
0.04668060871445324
0.05730716921972041
0.05730716921972041
0.05730716921972041
0.05730716921972041
0.05730716921972041
0.05730716921972041
0.05730716921972041
0.05730716921972041
0.05730716921972041
0.05730716921972041
0.040480697286688024
0.040480697286688024
0.040480697286688024
0.040480697286688024
0.040480697286688024
0.040480697286688024
0.040480697286688024
0.040480697286688024
0.040480697286688024
0.040480697286688024
0.06566130309910032
0.06566130309910032
0.06566130309910032
0.06566130309910032
0.06566130309910032
0.06566130309910032
0.06566130309910032
0.06566130309910032
0.06566130309910032
0.06566130309910032
0.047243013687119154
0.047243013687119154
0.047243013687119154
0.047243013687119154
0.047243013687119154
0.047243013687119154
0.047243013687119154
0.047243013687119154
0.047243013687119154
0.047243013687119154
Policy optimalities
1.0
1.0
1.0
1.0
1.0
1.0
1.0
1.0
1.0
1.0
1.0
1.0
1.0
1.0
1.0
1.0
1.0
1.0
1.0
1.0
1.0
1.0
1.0
1.0
1.0
1.0
1.0
1.0
1.0
1.0
0.45
0.45
0.45
0.45
0.45
0.45
0.45
0.45
0.45
0.45
1.0
1.0
1.0
1.0
1.0
1.0
1.0
1.0
1.0
1.0
1.0
1.0
1.0
1.0
1.0
1.0
1.0
1.0
1.0
1.0
1.0
1.0
1.0
1.0
1.0
1.0
1.0
1.0
1.0
1.0
1.0
1.0
1.0
1.0
1.0
1.0
1.0
1.0
1.0
1.0
1.0
1.0
1.0
1.0
1.0
1.0
1.0
1.0
1.0
1.0
1.0
1.0
1.0
1.0
1.0
1.0
1.0
1.0
1.0
1.0
Accuracy
1.0
Confusion matrices
[[100, 0], [0, 0]]
NEW THRESHOLD 0.5
Num demos
1
2
3
4
5
6
7
8
9
10
1
2
3
4
5
6
7
8
9
10
1
2
3
4
5
6
7
8
9
10
1
2
3
4
5
6
7
8
9
10
1
2
3
4
5
6
7
8
9
10
1
2
3
4
5
6
7
8
9
10
1
2
3
4
5
6
7
8
9
10
1
2
3
4
5
6
7
8
9
10
1
2
3
4
5
6
7
8
9
10
1
2
3
4
5
6
7
8
9
10
Bound errors
0.04933554933367956
0.04933554933367956
0.04933554933367956
0.04933554933367956
0.04933554933367956
0.04933554933367956
0.04933554933367956
0.04933554933367956
0.04933554933367956
0.04933554933367956
0.05725962993501164
0.05725962993501164
0.05725962993501164
0.05725962993501164
0.05725962993501164
0.05725962993501164
0.05725962993501164
0.05725962993501164
0.05725962993501164
0.05725962993501164
0.13576489377828838
0.13576489377828838
0.13576489377828838
0.13576489377828838
0.13576489377828838
0.13576489377828838
0.13576489377828838
0.13576489377828838
0.13576489377828838
0.13576489377828838
0.027012570632931058
0.027012570632931058
0.027012570632931058
0.027012570632931058
0.027012570632931058
0.027012570632931058
0.027012570632931058
0.027012570632931058
0.027012570632931058
0.027012570632931058
0.04781072005407174
0.04781072005407174
0.04781072005407174
0.04781072005407174
0.04781072005407174
0.04781072005407174
0.04781072005407174
0.04781072005407174
0.04781072005407174
0.04781072005407174
0.04668060871445324
0.04668060871445324
0.04668060871445324
0.04668060871445324
0.04668060871445324
0.04668060871445324
0.04668060871445324
0.04668060871445324
0.04668060871445324
0.04668060871445324
0.05730716921972041
0.05730716921972041
0.05730716921972041
0.05730716921972041
0.05730716921972041
0.05730716921972041
0.05730716921972041
0.05730716921972041
0.05730716921972041
0.05730716921972041
0.040480697286688024
0.040480697286688024
0.040480697286688024
0.040480697286688024
0.040480697286688024
0.040480697286688024
0.040480697286688024
0.040480697286688024
0.040480697286688024
0.040480697286688024
0.06566130309910032
0.06566130309910032
0.06566130309910032
0.06566130309910032
0.06566130309910032
0.06566130309910032
0.06566130309910032
0.06566130309910032
0.06566130309910032
0.06566130309910032
0.047243013687119154
0.047243013687119154
0.047243013687119154
0.047243013687119154
0.047243013687119154
0.047243013687119154
0.047243013687119154
0.047243013687119154
0.047243013687119154
0.047243013687119154
Policy optimalities
1.0
1.0
1.0
1.0
1.0
1.0
1.0
1.0
1.0
1.0
1.0
1.0
1.0
1.0
1.0
1.0
1.0
1.0
1.0
1.0
1.0
1.0
1.0
1.0
1.0
1.0
1.0
1.0
1.0
1.0
0.45
0.45
0.45
0.45
0.45
0.45
0.45
0.45
0.45
0.45
1.0
1.0
1.0
1.0
1.0
1.0
1.0
1.0
1.0
1.0
1.0
1.0
1.0
1.0
1.0
1.0
1.0
1.0
1.0
1.0
1.0
1.0
1.0
1.0
1.0
1.0
1.0
1.0
1.0
1.0
1.0
1.0
1.0
1.0
1.0
1.0
1.0
1.0
1.0
1.0
1.0
1.0
1.0
1.0
1.0
1.0
1.0
1.0
1.0
1.0
1.0
1.0
1.0
1.0
1.0
1.0
1.0
1.0
1.0
1.0
Accuracy
1.0
Confusion matrices
[[100, 0], [0, 0]]
**************************************************
