Done with 1 demonstrations
Done with 2 demonstrations
Done with 3 demonstrations
Done with 4 demonstrations
Done with 5 demonstrations
Done with 6 demonstrations
Done with 7 demonstrations
Done with 8 demonstrations
Done with 9 demonstrations
Random Norm: False, Alpha: 0.9
Accuracies: [1.0, 1.0, 1.0, 0.99, 1.0, 1.0, 1.0, 1.0, 1.0]
Bound errors: [[0.04690624999999926, 3.7293437499999964, 0.03562500000000002, 0.03562500000000135, 0.0, 0.0, 0.27796406249999883, 0.6083265624999985, 0.0, 0.10331250000000036, 33.57985781249994, 3.985843750000015, 14.849687499999954, 3.8718437499999965, 3.614690624999975, 18.56596874999995, 0.5290312500000027, 0.0, 0.0, 0.11459374999999739, 0.0, 7.449721874999992, 7.457499999999992, 11.328749999999957, 0.36075210937499946, 11.221874999999988, 7.445624999999993, 4.067128124999995, 0.0, 0.09262499999999996, 25.51658437499995, 0.011874999999999858, 33.518968749999935, 3.556562500000016, 0.06715312500000437, 22.586249999999946, 7.072396718749992, 6.968784374999988, 28.391711874999917, 3.6051030468749756, 26.26749999999994, 0.0, 13.827249999999983, 0.0, 0.0, 18.361570312499953, 14.059999999999967, 0.035624999999999574, 25.86018749999994, 0.0, 25.785167187499944, 0.023749999999999938, 1.8762499999999953, 1.3555312499999967, 10.872749999999987, 0.0, 6.902195312499992, 7.552499999999992, 14.451637499999961, 0.011874999999996305, 0.035624999999999574, 21.705252656249947, 0.24958281249999814, 0.0, 0.0, 0.0, 0.24937500000000012, 0.023749999999999716, 0.8077968750000011, 7.552499999999991, 0.0, 3.4910436718749693, 0.0, 7.529343749999992, 0.04512499999999875, 36.779546874999895, 0.07124999999999915, 0.20840624999999946, 22.244071874999943, 0.10509374999999999, 0.0, 29.515312499999915, 7.392128124999992, 22.657499999999928, 31.319072601562432, 18.98812499999995, 33.248812499999936, 0.0, 3.7999999999999963, 0.1662499999999998, 18.63662499999995, 0.0, 0.4263124999999981, 0.0, 0.0, 0.09500000000000003, 0.0, 0.08312500000000078, 10.867974765624966, 0.025289296875000034], [0.0, 0.011281249999999687, 7.457499999999992, 15.057499999999962, 0.0, 3.44413742187497, 0.0, 0.0, 0.04749999999999943, 0.10331250000000036, 0.0, 0.0, 0.0784937499999998, 0.023749999999999716, 6.959937499999992, 0.0682812499999983, 0.5290312500000027, 0.12869085937500024, 0.0, 0.11459374999999739, 11.211781249999968, 0.0, 0.0, 11.118562499999957, 0.0, 0.04749999999999943, 26.374374999999937, 21.258987187499976, 0.0, 0.23274999999999935, 0.2814375000000009, 0.0, 0.0, 0.0, 0.0, 0.0, 0.023749999999999716, 0.0, 0.0, 0.0718437500000011, 26.303124999999945, 0.0, 0.05699999999999861, 25.958067187499942, 0.0, 0.0, 0.0, 14.834249999999964, 0.09500000000000064, 0.15642937499999832, 21.810456249999973, 14.962499999999984, 29.996249999999915, 21.957468749999947, 21.691358906249977, 0.0, 0.0, 0.0, 0.0, 7.525457656249978, 14.843749999999984, 0.0, 25.74954218749995, 0.0, 36.949062499999904, 18.45968749999996, 25.313649531249943, 0.023749999999999716, 0.0, 0.07006250000000058, 3.658093749999996, 0.0, 0.0, 0.0, 0.0, 0.40389843750000054, 0.0, 0.3152812499999982, 0.0, 0.0, 0.21018749999999997, 29.338968749999914, 0.0, 0.059375000000001066, 8.132982210937488, 0.0, 0.0, 0.0700624999999988, 0.0, 26.271656249999946, 18.63662499999995, 7.369506249999992, 14.938749999999956, 0.0, 0.7876019531249998, 0.0, 0.011874999999999858, 0.8146249999999995, 0.0, 22.411687499999978], [0.0, 0.011281249999999687, 0.03562500000000002, 0.0, 0.0, 3.46788742187497, 0.03562500000000135, 0.0, 0.04749999999999943, 22.411687499999974, 0.0, 0.0, 0.1745625000000004, 18.60753124999998, 0.0, 0.023156250000003098, 0.5290312500000027, 0.12869085937500024, 0.0, 14.917374999999955, 0.04690625000000104, 7.278068749999992, 0.0, 0.0, 0.5068146093749997, 0.04749999999999943, 0.0, 4.067128124999995, 0.0, 0.23274999999999935, 0.0, 0.011874999999999858, 33.40318749999994, 0.0, 7.341718749999988, 0.0, 0.8799374999999987, 0.0, 0.04690624999999926, 0.0, 1.733749999999997, 0.0, 0.010093749999999346, 0.017570546874999593, 22.586249999999936, 0.0, 0.0, 26.01812499999995, 0.0, 0.15642937499999832, 0.052428124999999604, 0.023749999999999938, 29.996249999999915, 21.957468749999947, 19.315874999999977, 17.89177304687498, 0.24055781250000052, 0.0, 26.35062499999995, 0.0, 0.035624999999999574, 0.0, 0.09500000000000064, 0.0, 0.0, 0.0, 4.869343749999989, 22.609999999999935, 0.8077968750000011, 0.0, 0.41800000000000015, 0.0, 0.0, 7.5530937499999915, 0.0, 0.05061718749999855, 0.0, 0.0, 0.2851484375000002, 0.10509374999999999, 0.0, 29.093512499999918, 0.0, 0.0, 0.0, 0.0, 33.248812499999936, 7.3265810937499865, 0.0, 0.1662499999999998, 0.0344374999999999, 0.04868749999999977, 0.0, 0.0, 0.0, 0.0, 0.011874999999999858, 0.24937500000000057, 0.0, 0.025289296875000034], [0.0, 0.0, 0.03562500000000002, 15.057499999999962, 0.0, 0.10393593749999752, 0.03562500000000135, 0.0, 0.04749999999999943, 0.10331250000000036, 0.0, 0.1662499999999998, 0.1745625000000004, 0.023749999999999716, 0.023156249999999545, 0.0, 0.0, 2.6076609374999915, 0.0, 0.11459374999999739, 0.04690625000000104, 0.04515468750000018, -0.04749999999999943, 0.0, 0.1460625000000002, 0.0, 0.04749999999999943, 0.0, 1.0166350781249989, 0.0, 0.2814375000000009, 0.0, 2.107218749999994, 0.09499999999999886, 0.03503124999999585, 0.0, 0.0, 0.5654578125, 0.0, 0.0, 0.035625000000003126, 0.0, 0.021968749999999204, 0.41811874999999965, 22.586249999999936, 0.0, 0.07124999999999915, 26.01812499999995, 3.632356171874978, 1.6440937499999961, 1.3418749999999982, 0.0, 30.067499999999914, 0.0, 0.03562500000000046, 0.15585640625000075, 0.0, 0.0, 14.451637499999961, 0.011874999999996305, 26.18437499999995, 0.0, 0.09500000000000064, 0.0, 29.786062499999918, 0.0, 0.0, 0.023749999999999716, 0.0, 0.07006250000000058, 0.1157812499999995, 0.0, 0.0, 0.02375000000000016, 0.0, 0.40389843750000054, 0.07124999999999915, 0.3152812499999982, 0.0, 0.10509374999999999, 0.0, 0.0, 0.06056250000000052, 0.0, 0.0, 33.536187499999926, 0.0, 1.9463124999999977, 0.0, 0.1662499999999998, 0.0344374999999999, 0.0961874999999992, 0.9262499999999978, 0.0, 18.821874999999956, 0.140125, 0.023156249999999545, 0.1662499999999998, 0.0, 0.0], [0.04690624999999926, 0.011281249999999687, 0.0, 0.03562500000000135, 0.0, 0.10393593749999752, 5.664374999999994, 0.0, 0.0, 0.10331250000000036, 0.0, 0.1662499999999998, 0.0, 0.044531250000000355, 0.0, 0.0, 0.0, 0.12869085937500024, 0.0, 0.0, 0.04690625000000104, 0.04515468750000018, 0.0, 0.0, 0.1460625000000002, 0.0, 0.0, 4.067128124999995, 0.21374999999999922, 0.0, 0.2814375000000009, 0.0, 0.09500000000000242, 0.0, 0.06715312500000437, 0.0, 0.0, 0.0, 1.4885312499999976, 0.0, 1.733749999999997, 0.0, 9.844374999999989, 0.017570546874999593, 0.14250000000000007, 0.0, 0.07124999999999915, 0.035624999999999574, 0.0, 0.11578125000000128, 0.05702968749999915, 0.0, 0.0, 0.0, 0.03562500000000046, 0.0, 0.0, 0.0, 0.0, 0.011874999999996305, 0.035624999999999574, 0.0, 0.09500000000000064, 0.0, 26.03474999999993, 0.0, 0.0, 0.023749999999999716, 0.0, 0.07006250000000058, 0.0, 0.0, 0.0, 0.02375000000000016, 0.04512499999999875, 0.05061718749999855, 0.0, 0.0, 0.0, 0.10509374999999999, 0.0, 0.0, 0.0, 0.059375000000001066, 0.3370971093749997, 0.0, 0.0, 0.023749999999999716, 0.0, 0.24106249999999996, 0.0344374999999999, 0.04868749999999977, 0.023749999999999716, 0.0, 0.29429218749999997, 0.23512500000000003, 0.023156249999999545, 0.1662499999999998, 0.0, 0.0], [0.0, 0.011281249999999687, 0.03562500000000002, 0.0, 0.0, 0.0, 0.03562500000000135, 0.0, 0.0, 0.10331250000000036, 0.0, 0.1662499999999998, 0.0, 0.044531250000000355, 0.023156249999999545, 0.0682812499999983, 0.5290312500000027, 0.12869085937500024, 0.0, 0.0, 0.0, 0.04515468750000018, 0.0, 0.0, 0.1460625000000002, 0.04749999999999943, 0.04749999999999943, 4.067128124999995, 0.0, 0.0, 0.2814375000000009, 0.0, 0.09500000000000242, 0.0, 0.03618906250000009, 0.0, 0.0, 0.5654578125, 0.04690624999999926, 0.0, 0.035625000000003126, 0.0, 0.010093749999999346, 0.0, 11.257499999999967, 0.0, 0.07124999999999915, 0.0, 0.09500000000000064, 0.15642937499999832, 21.810456249999973, 0.023749999999999938, 0.0, 0.0, 0.03562500000000046, 0.15585640625000075, 0.24055781250000052, 0.0, 0.0, 0.0, 1.6981249999999992, 0.0, 0.09500000000000064, 0.0, 0.0, 0.0, 0.0, 0.8787499999999984, 0.8077968750000011, 0.07006250000000058, 0.1157812499999995, 0.0, 0.0, 0.0, 0.04512499999999875, 0.40389843750000054, 0.0, 0.0, 0.0, 0.10509374999999999, 0.0, 0.0, 0.06056250000000052, 0.0, 0.0, 0.0, 0.0, 1.9463124999999977, 0.0, 0.0, 14.812874999999982, 0.0961874999999992, 0.0, 0.0, 0.6218076562500006, 0.0, 0.023156249999999545, 0.1662499999999998, 0.0, 0.0], [0.0, 0.011281249999999687, 0.0, 0.03562500000000135, 0.0, 0.10393593749999752, 0.03562500000000135, 0.0, 0.04749999999999943, 0.0, 0.0, 0.1662499999999998, 0.0, 0.044531250000000355, 0.0, 0.0682812499999983, 0.5290312500000027, 0.12869085937500024, 0.0, 0.11459374999999739, 0.04690625000000104, 0.04515468750000018, 0.04749999999999943, 0.0, 0.5068146093749997, 0.0, 0.0, 0.0, 0.21374999999999922, 0.0, 0.04925156250000029, 0.011874999999999858, 2.107218749999994, 0.09499999999999886, 0.10218437500000022, 0.0, 0.0, 0.5654578125, 0.0, 3.6051030468749756, 0.0, 0.0, 0.05699999999999861, 0.0, 0.07125000000000092, 0.0, 0.07124999999999915, 14.869874999999963, 0.0, 1.6440937499999961, 0.052428124999999604, 0.0, 0.0, 0.0, 0.03562500000000046, 0.15585640625000075, 0.24055781250000052, 0.0, 0.0, 0.011874999999996305, 0.035624999999999574, 0.0, 0.09500000000000064, 0.0, 0.0, 0.0, 0.0, 0.0, 0.0, 0.07006250000000058, 0.1157812499999995, 0.0, 0.0, 0.0, 0.0, 0.05061718749999855, 0.0, 0.0, 0.0, 0.10509374999999999, 0.0, 0.17812500000000142, 0.06056250000000052, 0.0, 0.0, 0.047500000000002984, 0.0, 0.023749999999999716, 0.0, 0.0, 0.03099374999999993, 0.0961874999999992, 0.023749999999999716, 0.0, 0.29429218749999997, 14.829381249999983, 0.011874999999999858, 0.1662499999999998, 4.068374999999989, 0.0], [0.04690624999999926, 0.011281249999999687, 0.03562500000000002, 0.0, 0.0, 0.10393593749999752, 0.03562500000000135, 0.0, 0.04749999999999943, 0.10331250000000036, 0.0, 0.1662499999999998, 0.0, 0.044531250000000355, 0.0, 0.023156250000003098, 0.5290312500000027, 0.12869085937500024, 0.0, 0.0, 0.0, 0.04515468750000018, 0.0, 0.0, 0.1460625000000002, 0.0, 0.0, 0.0, 25.32937499999995, 0.27787499999999987, 0.04925156250000029, 0.0, 0.0, 0.09499999999999886, 0.0, 0.0, 0.0, 0.0, 1.4885312499999976, 0.0, 0.035625000000003126, 0.0, 0.021968749999999204, 0.0, 0.07125000000000092, 0.0, 0.0, 0.035624999999999574, 0.0, 0.11578125000000128, 0.004601562499999545, 0.0, 0.0, 4.13428124999999, 0.08629265625000038, 0.0, 0.0, 0.0, 0.0, 0.011874999999996305, 0.0, 0.0, 0.09500000000000064, 0.0, 0.0, 0.0, 0.0, 0.023749999999999716, 0.0, 0.07006250000000058, 0.0, 0.0, 0.0, 0.02375000000000016, 0.04512499999999875, 0.05061718749999855, 0.07124999999999915, 0.0, 0.2851484375000002, 0.10509374999999999, 0.0, 0.17812500000000142, 0.06056250000000052, 0.0, 0.0, 0.0, 0.0, 0.023749999999999716, 0.0, 19.70062499999996, 0.03099374999999993, 0.0961874999999992, 0.0, 8.712687499999973, 0.6218076562500006, 0.0, 3.6943124999999757, 0.0, 0.0, 0.10331249999999947], [0.0, 0.0, 0.03562500000000002, 0.0, 0.0, 0.0, 0.03562500000000135, 0.0, 0.04749999999999943, 0.0, 0.0, 0.1662499999999998, 0.1745625000000004, 0.044531250000000355, 0.0, 0.023156250000003098, 0.0, 0.12869085937500024, 0.0, 0.1502187500000005, 0.04690625000000104, 0.04515468750000018, 0.04749999999999943, 0.0, 0.0, 0.0, 0.0, 0.0, 25.32937499999995, 0.0, 0.04925156250000029, 0.0, 0.0, 0.09499999999999886, 0.03618906250000009, 0.0, 0.0, 0.5654578125, 0.04690624999999926, 0.0718437500000011, 0.035625000000003126, 0.0, 0.05699999999999861, 0.0, 0.0, 0.0, 0.0, 0.035624999999999574, 3.5373561718749773, 0.04064812499999704, 0.05702968749999915, 0.0, 22.28106249999994, 0.0, 0.03562500000000046, 0.15585640625000075, 0.0, 0.0, 0.0, 0.0, 0.035624999999999574, 0.0, 0.09500000000000064, 0.0, 0.0, 0.0, 0.0, 0.0, 0.0, 0.13668125000000053, 0.36990624999999966, 0.0, 0.0, 0.02375000000000016, 0.0, 0.05061718749999855, 0.0, 0.0, 0.3230608593750004, 0.0, 0.0, 0.0, 0.0, 0.059375000000001066, 0.0, 0.047500000000002984, 0.0, 1.9463124999999977, 0.0, 0.0, 0.03099374999999993, 0.0961874999999992, 0.0, 0.3241874999999972, 0.29429218749999997, 7.459874999999992, 0.011874999999999858, 19.621656249999962, 0.0, 0.10331249999999947]]
Policy losses: [[0.04747031249999978, 3.740624999999996, 0.03562500000000002, 0.03562500000000135, 0.0, 0.10393593749999752, 0.3135890625000002, 15.021964062499954, 0.04749999999999943, 0.10331250000000036, 33.57985781249994, 3.985843750000015, 14.849687499999954, 22.479374999999976, 3.614690624999975, 18.56596874999995, 0.5290312500000027, 0.0, 0.0, 0.1502187500000005, 11.211781249999968, 7.449721874999992, 7.457499999999992, 11.328749999999957, 0.5068146093749997, 11.269374999999988, 33.81999999999993, 4.114628124999996, 0.21374999999999922, 0.09262499999999996, 25.56583593749995, 0.011874999999999858, 33.518968749999935, 3.556562500000016, 0.10334218750000446, 22.586249999999946, 7.072396718749992, 6.968784374999988, 28.438618124999916, 3.6051030468749756, 26.303124999999945, 0.0, 13.839124999999983, 0.41811874999999965, 0.213750000000001, 18.361570312499953, 14.131249999999966, 0.035624999999999574, 29.49254367187492, 0.04064812499999704, 25.842196874999942, 0.023749999999999938, 1.9474999999999945, 1.3555312499999967, 10.872749999999987, 17.89177304687498, 7.1427531249999925, 7.552499999999992, 14.451637499999961, 0.011874999999996305, 0.035624999999999574, 21.705252656249947, 26.01278124999995, 0.0, 0.0, 0.011874999999999858, 3.9668437499999962, 0.023749999999999716, 0.8077968750000011, 14.987437499999963, 3.7061874999999964, 3.4910436718749693, 0.0, 7.5530937499999915, 0.04512499999999875, 37.1834453124999, 0.07124999999999915, 0.5236874999999976, 22.567132734374944, 0.14071875, 0.21018749999999997, 29.693437499999916, 7.392128124999992, 22.71687499999993, 31.65616971093743, 18.98812499999995, 33.248812499999936, 7.3265810937499865, 3.7999999999999963, 0.1662499999999998, 18.63662499999995, 0.0961874999999992, 0.42749999999999844, 0.3241874999999972, 6.654488749999993, 0.23512500000000003, 0.0350312499999994, 0.24937500000000057, 10.867974765624966, 0.02876273437500032], [0.04747031249999978, 0.011281249999999687, 7.457499999999992, 15.057499999999962, 0.0, 3.44413742187497, 0.03562500000000135, 0.035625000000003126, 0.04749999999999943, 0.10331250000000036, 0.0, 0.1662499999999998, 0.2530562500000002, 0.023749999999999716, 6.983093749999991, 0.09143750000000139, 0.5290312500000027, 0.12869085937500024, 0.0, 0.1502187500000005, 11.211781249999968, 0.04515468750000018, 22.339071874999973, 11.118562499999957, 0.0, 0.04749999999999943, 26.374374999999937, 21.306487187499975, 0.21374999999999922, 0.23274999999999935, 0.3306890625000012, 0.0, 0.0, 0.09499999999999886, 0.0011578125000042405, 0.0, 7.096146718749992, 0.5654578125, 0.0, 0.0718437500000011, 26.303124999999945, 0.0, 0.06887499999999847, 25.958067187499942, 22.586249999999936, 0.0, 0.07124999999999915, 14.869874999999963, 3.632356171874978, 0.15642937499999832, 21.810456249999973, 14.962499999999984, 30.067499999999914, 21.957468749999947, 21.726983906249977, 25.10209492187495, 0.24055781250000052, 0.0, 0.0, 7.525457656249978, 14.843749999999984, 0.0, 25.763198437499952, 0.0, 36.949062499999904, 18.47156249999996, 25.313649531249943, 0.023749999999999716, 0.8077968750000011, 0.07006250000000058, 3.7061874999999964, 0.0, 0.0, 0.02375000000000016, 0.0, 0.40389843750000054, 0.0, 0.3152812499999982, 0.3230608593750004, 0.14071875, 0.21018749999999997, 29.517093749999916, 0.0, 0.059375000000001066, 8.132982210937488, 0.047500000000002984, 0.0, 0.0700624999999988, 0.0, 26.271656249999946, 18.63662499999995, 7.369506249999992, 14.963687499999956, 0.3241874999999972, 0.8175892968750009, 0.140125, 0.0350312499999994, 0.8146249999999995, 0.0, 22.415160937499977], [0.04747031249999978, 0.011281249999999687, 0.03562500000000002, 0.0, 0.0, 3.46788742187497, 0.03562500000000135, 0.035625000000003126, 0.04749999999999943, 22.411687499999974, 0.0, 0.1662499999999998, 0.1745625000000004, 18.60753124999998, 0.023156249999999545, 0.023156250000003098, 0.5290312500000027, 0.12869085937500024, 0.0, 14.917374999999955, 0.04690625000000104, 7.278068749999992, 0.04749999999999943, 0.0, 0.5068146093749997, 0.04749999999999943, 0.0, 4.114628124999996, 0.21374999999999922, 0.23274999999999935, 0.04925156250000029, 0.011874999999999858, 33.40318749999994, 0.09499999999999886, 7.377907812499988, 0.0, 0.8799374999999987, 0.0, 0.04690624999999926, 0.0, 1.733749999999997, 0.0, 0.021968749999999204, 0.017570546874999593, 22.586249999999936, 0.0, 0.07124999999999915, 26.05374999999995, 0.0, 0.15642937499999832, 0.052428124999999604, 0.023749999999999938, 30.067499999999914, 21.957468749999947, 22.060781249999977, 17.89177304687498, 0.24055781250000052, 0.0, 26.35062499999995, 0.0, 0.035624999999999574, 0.0, 0.10865625000000101, 0.0, 0.0, 0.0, 4.869343749999989, 22.609999999999935, 0.8077968750000011, 0.0, 0.41800000000000015, 0.0, 0.0, 7.5530937499999915, 0.0, 0.05061718749999855, 0.0, 0.0, 0.3230608593750004, 0.14071875, 0.21018749999999997, 29.27163749999992, 0.0, 0.059375000000001066, 0.0, 0.047500000000002984, 33.248812499999936, 7.3265810937499865, 0.0, 0.1662499999999998, 0.0344374999999999, 0.0961874999999992, 0.024937500000000057, 0.3241874999999972, 6.654488749999993, 0.23512500000000003, 0.0350312499999994, 0.24937500000000057, 0.0, 0.02876273437500032], [0.04747031249999978, 0.011281249999999687, 0.03562500000000002, 15.057499999999962, 0.0, 0.10393593749999752, 0.03562500000000135, 0.035625000000003126, 0.04749999999999943, 0.10331250000000036, 0.0, 0.1662499999999998, 0.1745625000000004, 0.023749999999999716, 0.023156249999999545, 0.0, 0.5290312500000027, 2.6076609374999915, 0.0, 0.1502187500000005, 0.04690625000000104, 0.04515468750000018, 0.0, 0.0, 0.1460625000000002, 0.04749999999999943, 0.04749999999999943, 0.04750000000000121, 1.230385078124998, 0.0, 0.3306890625000012, 0.011874999999999858, 2.107218749999994, 0.09499999999999886, 0.03618906250000009, 0.0, 0.0, 0.5654578125, 0.0, 0.0, 0.035625000000003126, 0.0, 0.021968749999999204, 0.41811874999999965, 22.586249999999936, 0.0, 0.07124999999999915, 26.05374999999995, 3.632356171874978, 1.6440937499999961, 1.3943031249999978, 0.023749999999999938, 30.067499999999914, 0.0, 0.03562500000000046, 0.15585640625000075, 0.24055781250000052, 0.0, 14.451637499999961, 0.011874999999996305, 26.21999999999995, 0.0, 0.10865625000000101, 0.0, 29.786062499999918, 0.011874999999999858, 0.0, 0.023749999999999716, 0.0, 0.07006250000000058, 0.163875, 0.0, 0.0, 0.02375000000000016, 0.0, 0.40389843750000054, 0.07124999999999915, 0.3152812499999982, 0.03791242187500021, 0.14071875, 0.0, 0.17812500000000142, 0.06056250000000052, 0.059375000000001066, 0.0, 33.58368749999993, 33.248812499999936, 1.9463124999999977, 0.0, 0.1662499999999998, 0.0344374999999999, 0.0961874999999992, 0.9511874999999979, 0.3241874999999972, 25.47636374999995, 0.140125, 0.023156249999999545, 0.1662499999999998, 0.0, 0.10678593749999976], [0.04747031249999978, 0.011281249999999687, 0.03562500000000002, 0.03562500000000135, 0.0, 0.10393593749999752, 5.664374999999994, 0.035625000000003126, 0.0, 0.10331250000000036, 0.0, 0.1662499999999998, 0.0, 0.044531250000000355, 0.023156249999999545, 0.023156250000003098, 0.0, 0.12869085937500024, 0.0, 0.0, 0.04690625000000104, 0.04515468750000018, 0.04749999999999943, 0.0, 0.1460625000000002, 0.0, 0.0, 4.114628124999996, 0.21374999999999922, 0.0, 0.3306890625000012, 0.011874999999999858, 0.09500000000000242, 0.0, 0.10334218750000446, 0.0, 0.0, 0.0, 1.4885312499999976, 0.0, 1.733749999999997, 0.0, 9.856249999999989, 0.017570546874999593, 0.14250000000000007, 0.0, 0.07124999999999915, 0.035624999999999574, 0.0, 0.15642937499999832, 0.05702968749999915, 0.023749999999999938, 0.0, 0.0, 0.03562500000000046, 0.0, 0.0, 0.0, 0.0, 0.011874999999996305, 0.035624999999999574, 0.0, 0.10865625000000101, 0.0, 26.03474999999993, 0.011874999999999858, 0.0, 0.023749999999999716, 0.0, 0.07006250000000058, 0.04809375000000049, 0.0, 0.0, 0.02375000000000016, 0.04512499999999875, 0.05061718749999855, 0.0, 0.0, 0.3230608593750004, 0.14071875, 0.0, 0.17812500000000142, 0.0, 0.059375000000001066, 0.3370971093749997, 0.047500000000002984, 0.0, 0.023749999999999716, 0.0, 0.24106249999999996, 0.0344374999999999, 0.0961874999999992, 0.024937500000000057, 0.3241874999999972, 0.29429218749999997, 0.23512500000000003, 0.023156249999999545, 0.1662499999999998, 0.0, 0.10678593749999976], [0.0005640625000005173, 0.011281249999999687, 0.03562500000000002, 0.0, 0.0, 0.0, 0.03562500000000135, 0.035625000000003126, 0.0, 0.10331250000000036, 0.0, 0.1662499999999998, 0.0, 0.044531250000000355, 0.023156249999999545, 0.09143750000000139, 0.5290312500000027, 0.12869085937500024, 0.0, 0.035625000000003126, 0.0, 0.04515468750000018, 0.04749999999999943, 0.0, 0.1460625000000002, 0.04749999999999943, 0.04749999999999943, 4.114628124999996, 0.0, 0.0, 0.3306890625000012, 0.011874999999999858, 0.09500000000000242, 0.09499999999999886, 0.03618906250000009, 0.0, 0.0, 0.5654578125, 0.04690624999999926, 0.0, 0.035625000000003126, 0.0, 0.021968749999999204, 0.0, 11.257499999999967, 0.0, 0.07124999999999915, 0.0, 3.632356171874978, 0.15642937499999832, 21.810456249999973, 0.023749999999999938, 0.07124999999999915, 0.0, 0.03562500000000046, 0.15585640625000075, 0.24055781250000052, 0.0, 0.0, 0.0, 1.7337499999999988, 0.0, 0.10865625000000101, 0.0, 0.0, 0.0, 0.0, 0.8787499999999984, 0.8077968750000011, 0.07006250000000058, 0.163875, 0.0, 0.0, 0.0, 0.04512499999999875, 0.40389843750000054, 0.0, 0.0, 0.03791242187500021, 0.14071875, 0.0, 0.17812500000000142, 0.06056250000000052, 0.059375000000001066, 0.0, 0.047500000000002984, 0.0, 1.9463124999999977, 0.0, 0.0, 14.812874999999982, 0.0961874999999992, 0.024937500000000057, 0.3241874999999972, 0.6218076562500006, 0.0, 0.023156249999999545, 0.1662499999999998, 0.0, 0.10678593749999976], [0.0005640625000005173, 0.011281249999999687, 0.0, 0.03562500000000135, 0.0, 0.10393593749999752, 0.03562500000000135, 0.035625000000003126, 0.04749999999999943, 0.0, 0.0, 0.1662499999999998, 0.0, 0.044531250000000355, 0.023156249999999545, 0.09143750000000139, 0.5290312500000027, 0.12869085937500024, 0.0, 0.1502187500000005, 0.04690625000000104, 0.04515468750000018, 0.04749999999999943, 0.0, 0.5068146093749997, 0.04749999999999943, 0.0, 0.04750000000000121, 0.21374999999999922, 0.0, 0.04925156250000029, 0.011874999999999858, 2.107218749999994, 0.09499999999999886, 0.10334218750000446, 0.0, 0.0, 0.5654578125, 0.0, 3.6051030468749756, 0.0, 0.0, 0.06887499999999847, 0.0, 0.07125000000000092, 0.0, 0.07124999999999915, 14.869874999999963, 0.0, 1.6440937499999961, 0.052428124999999604, 0.0, 0.07124999999999915, 0.0, 0.03562500000000046, 0.15585640625000075, 0.24055781250000052, 0.0, 0.0, 0.011874999999996305, 0.035624999999999574, 0.0, 0.10865625000000101, 0.0, 0.0, 0.011874999999999858, 0.0, 0.0, 0.0, 0.07006250000000058, 0.163875, 0.0, 0.0, 0.02375000000000016, 0.0, 0.05061718749999855, 0.0, 0.0, 0.3230608593750004, 0.14071875, 0.0, 0.17812500000000142, 0.06056250000000052, 0.059375000000001066, 0.0, 0.047500000000002984, 0.0, 0.023749999999999716, 0.0, 0.0, 0.03099374999999993, 0.0961874999999992, 0.024937500000000057, 0.3241874999999972, 0.29429218749999997, 14.829381249999983, 0.011874999999999858, 0.1662499999999998, 4.068374999999989, 0.10678593749999976], [0.04747031249999978, 0.011281249999999687, 0.03562500000000002, 0.0, 0.0, 0.10393593749999752, 0.03562500000000135, 0.0, 0.04749999999999943, 0.10331250000000036, 0.0, 0.1662499999999998, 0.0, 0.044531250000000355, 0.023156249999999545, 0.023156250000003098, 0.5290312500000027, 0.12869085937500024, 0.0, 0.035625000000003126, 0.0, 0.04515468750000018, 0.0, 0.0, 0.1460625000000002, 0.0, 0.0, 0.04750000000000121, 25.32937499999995, 0.27787499999999987, 0.04925156250000029, 0.0, 0.0, 0.09499999999999886, 0.0011578125000042405, 0.0, 0.0, 0.0, 1.4885312499999976, 0.0, 0.035625000000003126, 0.0, 0.021968749999999204, 0.0, 0.07125000000000092, 0.0, 0.0, 0.035624999999999574, 0.0, 0.15642937499999832, 0.05702968749999915, 0.023749999999999938, 0.07124999999999915, 4.13428124999999, 0.08629265625000038, 0.0, 0.0, 0.0, 0.0, 0.011874999999996305, 0.035624999999999574, 0.0, 0.10865625000000101, 0.0, 0.0, 0.011874999999999858, 0.0, 0.023749999999999716, 0.0, 0.07006250000000058, 0.04809375000000049, 0.0, 0.0, 0.02375000000000016, 0.04512499999999875, 0.05061718749999855, 0.07124999999999915, 0.0, 0.3230608593750004, 0.14071875, 0.0, 0.17812500000000142, 0.06056250000000052, 0.059375000000001066, 0.0, 0.0, 0.0, 0.023749999999999716, 0.0, 19.70062499999996, 0.03099374999999993, 0.0961874999999992, 0.001187500000000341, 8.712687499999973, 0.6218076562500006, 0.0, 3.6943124999999757, 0.0, 0.0, 0.10678593749999976], [0.0005640625000005173, 0.0, 0.03562500000000002, 0.0, 0.0, 0.0, 0.03562500000000135, 0.0, 0.04749999999999943, 0.0, 0.0, 0.1662499999999998, 0.1745625000000004, 0.044531250000000355, 0.023156249999999545, 0.023156250000003098, 0.0, 0.12869085937500024, 0.0, 0.1502187500000005, 0.04690625000000104, 0.04515468750000018, 0.04749999999999943, 0.0, 0.0, 0.0, 0.0, 0.04750000000000121, 25.32937499999995, 0.0, 0.04925156250000029, 0.0, 0.0, 0.09499999999999886, 0.03618906250000009, 0.0, 0.0, 0.5654578125, 0.04690624999999926, 0.0718437500000011, 0.035625000000003126, 0.0, 0.06887499999999847, 0.0, 0.0, 0.0, 0.0, 0.035624999999999574, 3.5373561718749773, 0.04064812499999704, 0.05702968749999915, 0.023749999999999938, 22.35231249999994, 0.0, 0.03562500000000046, 0.15585640625000075, 0.0, 0.0, 0.0, 0.0, 0.035624999999999574, 0.0, 0.10865625000000101, 0.0, 0.0, 0.0, 0.0, 0.0, 0.0, 0.13668125000000053, 0.41800000000000015, 0.0, 0.0, 0.02375000000000016, 0.0, 0.05061718749999855, 0.0, 0.0, 0.3230608593750004, 0.03562500000000002, 0.0, 0.0, 0.0, 0.059375000000001066, 0.0, 0.047500000000002984, 0.0, 1.9463124999999977, 0.0, 0.0, 0.03099374999999993, 0.0961874999999992, 0.001187500000000341, 0.3241874999999972, 0.29429218749999997, 7.459874999999992, 0.011874999999999858, 19.621656249999962, 0.0, 0.10678593749999976]]
EVDs: [[0.0005640625000005173, 0.011281249999999687, 0.0, 0.0, 0.0, 0.10393593749999752, 0.03562500000000135, 14.413637499999956, 0.04749999999999943, 0.0, 0.0, 0.0, 0.0, 18.60753124999998, 0.0, 0.0, 0.0, 0.0, 0.0, 0.035625000000003126, 11.211781249999968, 0.0, 0.0, 0.0, 0.1460625000000002, 0.04749999999999943, 26.374374999999937, 0.04750000000000121, 0.21374999999999922, 0.0, 0.04925156250000029, 0.0, 0.0, 0.0, 0.03618906250000009, 0.0, 0.0, 0.0, 0.04690624999999926, 0.0, 0.035625000000003126, 0.0, 0.011874999999999858, 0.41811874999999965, 0.213750000000001, 0.0, 0.07124999999999915, 0.0, 3.632356171874978, 0.04064812499999704, 0.05702968749999915, 0.0, 0.07124999999999915, 0.0, 0.0, 17.89177304687498, 0.24055781250000052, 0.0, 0.0, 0.0, 0.0, 0.0, 25.763198437499952, 0.0, 0.0, 0.011874999999999858, 3.717468749999996, 0.0, 0.0, 7.434937499999972, 3.7061874999999964, 0.0, 0.0, 0.02375000000000016, 0.0, 0.40389843750000054, 0.0, 0.3152812499999982, 0.3230608593750004, 0.03562500000000002, 0.21018749999999997, 0.17812500000000142, 0.0, 0.059375000000001066, 0.3370971093749997, 0.0, 0.0, 7.3265810937499865, 0.0, 0.0, 0.0, 0.0961874999999992, 0.001187500000000341, 0.3241874999999972, 6.654488749999993, 0.140125, 0.0350312499999994, 0.1662499999999998, 0.0, 0.003473437500000287], [0.04747031249999978, 0.0, 0.0, 0.0, 0.0, 0.0, 0.03562500000000135, 0.035625000000003126, 0.0, 0.0, 0.0, 0.1662499999999998, 0.1745625000000004, 0.0, 0.023156249999999545, 0.023156250000003098, 0.0, 0.0, 0.0, 0.035625000000003126, 0.0, 0.04515468750000018, 22.339071874999973, 0.0, 0.0, 0.0, 0.0, 0.04750000000000121, 0.21374999999999922, 0.0, 0.04925156250000029, 0.0, 0.0, 0.09499999999999886, 0.0011578125000042405, 0.0, 7.072396718749992, 0.5654578125, 0.0, 0.0, 0.0, 0.0, 0.011874999999999858, 0.0, 22.586249999999936, 0.0, 0.07124999999999915, 0.035624999999999574, 3.5373561718749773, 0.0, 0.0, 0.0, 0.07124999999999915, 0.0, 0.03562500000000046, 25.10209492187495, 0.24055781250000052, 0.0, 0.0, 0.0, 0.0, 0.0, 0.01365625000000037, 0.0, 0.0, 0.011874999999999858, 0.0, 0.0, 0.8077968750000011, 0.0, 0.04809375000000049, 0.0, 0.0, 0.02375000000000016, 0.0, 0.0, 0.0, 0.0, 0.3230608593750004, 0.14071875, 0.0, 0.17812500000000142, 0.0, 0.0, 0.0, 0.047500000000002984, 0.0, 0.0, 0.0, 0.0, 0.0, 0.0, 0.024937500000000057, 0.3241874999999972, 0.029987343750001116, 0.140125, 0.023156249999999545, 0.0, 0.0, 0.003473437500000287], [0.04747031249999978, 0.0, 0.0, 0.0, 0.0, 0.0, 0.0, 0.035625000000003126, 0.0, 0.0, 0.0, 0.1662499999999998, 0.0, 0.0, 0.023156249999999545, 0.0, 0.0, 0.0, 0.0, 0.0, 0.0, 0.0, 0.04749999999999943, 0.0, 0.0, 0.0, 0.0, 0.04750000000000121, 0.21374999999999922, 0.0, 0.04925156250000029, 0.0, 0.0, 0.09499999999999886, 0.03618906250000009, 0.0, 0.0, 0.0, 0.0, 0.0, 0.0, 0.0, 0.011874999999999858, 0.0, 0.0, 0.0, 0.07124999999999915, 0.035624999999999574, 0.0, 0.0, 0.0, 0.0, 0.07124999999999915, 0.0, 2.744906249999998, 0.0, 0.0, 0.0, 0.0, 0.0, 0.0, 0.0, 0.01365625000000037, 0.0, 0.0, 0.0, 0.0, 0.0, 0.0, 0.0, 0.0, 0.0, 0.0, 0.0, 0.0, 0.0, 0.0, 0.0, 0.03791242187500021, 0.03562500000000002, 0.21018749999999997, 0.17812500000000142, 0.0, 0.059375000000001066, 0.0, 0.047500000000002984, 0.0, 0.0, 0.0, 0.0, 0.0, 0.04749999999999943, 0.024937500000000057, 0.3241874999999972, 6.654488749999993, 0.23512500000000003, 0.023156249999999545, 0.0, 0.0, 0.003473437500000287], [0.04747031249999978, 0.011281249999999687, 0.0, 0.0, 0.0, 0.0, 0.0, 0.035625000000003126, 0.0, 0.0, 0.0, 0.0, 0.0, 0.0, 0.0, 0.0, 0.5290312500000027, 0.0, 0.0, 0.035625000000003126, 0.0, 0.0, 0.04749999999999943, 0.0, 0.0, 0.04749999999999943, 0.0, 0.04750000000000121, 0.21374999999999922, 0.0, 0.04925156250000029, 0.011874999999999858, 0.0, 0.0, 0.0011578125000042405, 0.0, 0.0, 0.0, 0.0, 0.0, 0.0, 0.0, 0.0, 0.0, 0.0, 0.0, 0.0, 0.035624999999999574, 0.0, 0.0, 0.052428124999999604, 0.023749999999999938, 0.0, 0.0, 0.0, 0.0, 0.24055781250000052, 0.0, 0.0, 0.0, 0.035624999999999574, 0.0, 0.01365625000000037, 0.0, 0.0, 0.011874999999999858, 0.0, 0.0, 0.0, 0.0, 0.04809375000000049, 0.0, 0.0, 0.0, 0.0, 0.0, 0.0, 0.0, 0.03791242187500021, 0.03562500000000002, 0.0, 0.17812500000000142, 0.0, 0.059375000000001066, 0.0, 0.047500000000002984, 33.248812499999936, 0.0, 0.0, 0.0, 0.0, 0.0, 0.024937500000000057, 0.3241874999999972, 6.654488749999993, 0.0, 0.0, 0.0, 0.0, 0.10678593749999976], [0.0005640625000005173, 0.0, 0.03562500000000002, 0.0, 0.0, 0.0, 0.0, 0.035625000000003126, 0.0, 0.0, 0.0, 0.0, 0.0, 0.0, 0.023156249999999545, 0.023156250000003098, 0.0, 0.0, 0.0, 0.0, 0.0, 0.0, 0.04749999999999943, 0.0, 0.0, 0.0, 0.0, 0.04750000000000121, 0.0, 0.0, 0.04925156250000029, 0.011874999999999858, 0.0, 0.0, 0.03618906250000009, 0.0, 0.0, 0.0, 0.0, 0.0, 0.0, 0.0, 0.011874999999999858, 0.0, 0.0, 0.0, 0.0, 0.0, 0.0, 0.04064812499999704, 0.0, 0.023749999999999938, 0.0, 0.0, 0.0, 0.0, 0.0, 0.0, 0.0, 0.0, 0.0, 0.0, 0.01365625000000037, 0.0, 0.0, 0.011874999999999858, 0.0, 0.0, 0.0, 0.0, 0.04809375000000049, 0.0, 0.0, 0.0, 0.0, 0.0, 0.0, 0.0, 0.3230608593750004, 0.03562500000000002, 0.0, 0.17812500000000142, 0.0, 0.0, 0.0, 0.047500000000002984, 0.0, 0.0, 0.0, 0.0, 0.0, 0.04749999999999943, 0.001187500000000341, 0.3241874999999972, 0.0, 0.0, 0.0, 0.0, 0.0, 0.10678593749999976], [0.0005640625000005173, 0.0, 0.0, 0.0, 0.0, 0.0, 0.0, 0.035625000000003126, 0.0, 0.0, 0.0, 0.0, 0.0, 0.0, 0.0, 0.023156250000003098, 0.0, 0.0, 0.0, 0.035625000000003126, 0.0, 0.0, 0.04749999999999943, 0.0, 0.0, 0.0, 0.0, 0.04750000000000121, 0.0, 0.0, 0.04925156250000029, 0.011874999999999858, 0.0, 0.09499999999999886, 0.0, 0.0, 0.0, 0.0, 0.0, 0.0, 0.0, 0.0, 0.011874999999999858, 0.0, 0.0, 0.0, 0.0, 0.0, 3.5373561718749773, 0.0, 0.0, 0.0, 0.07124999999999915, 0.0, 0.0, 0.0, 0.0, 0.0, 0.0, 0.0, 0.035624999999999574, 0.0, 0.01365625000000037, 0.0, 0.0, 0.0, 0.0, 0.0, 0.0, 0.0, 0.04809375000000049, 0.0, 0.0, 0.0, 0.0, 0.0, 0.0, 0.0, 0.03791242187500021, 0.03562500000000002, 0.0, 0.17812500000000142, 0.0, 0.059375000000001066, 0.0, 0.047500000000002984, 0.0, 0.0, 0.0, 0.0, 0.0, 0.0, 0.024937500000000057, 0.3241874999999972, 0.0, 0.0, 0.0, 0.0, 0.0, 0.10678593749999976], [0.0005640625000005173, 0.0, 0.0, 0.0, 0.0, 0.0, 0.0, 0.035625000000003126, 0.0, 0.0, 0.0, 0.0, 0.0, 0.0, 0.023156249999999545, 0.023156250000003098, 0.0, 0.0, 0.0, 0.035625000000003126, 0.0, 0.0, 0.0, 0.0, 0.0, 0.04749999999999943, 0.0, 0.04750000000000121, 0.0, 0.0, 0.0, 0.0, 0.0, 0.0, 0.0011578125000042405, 0.0, 0.0, 0.0, 0.0, 0.0, 0.0, 0.0, 0.011874999999999858, 0.0, 0.0, 0.0, 0.0, 0.0, 0.0, 0.0, 0.0, 0.0, 0.07124999999999915, 0.0, 0.0, 0.0, 0.0, 0.0, 0.0, 0.0, 0.0, 0.0, 0.01365625000000037, 0.0, 0.0, 0.011874999999999858, 0.0, 0.0, 0.0, 0.0, 0.04809375000000049, 0.0, 0.0, 0.02375000000000016, 0.0, 0.0, 0.0, 0.0, 0.3230608593750004, 0.03562500000000002, 0.0, 0.0, 0.0, 0.059375000000001066, 0.0, 0.0, 0.0, 0.0, 0.0, 0.0, 0.0, 0.0, 0.001187500000000341, 0.3241874999999972, 0.0, 0.0, 0.0, 0.0, 0.0, 0.10678593749999976], [0.0005640625000005173, 0.0, 0.0, 0.0, 0.0, 0.0, 0.0, 0.0, 0.0, 0.0, 0.0, 0.0, 0.0, 0.0, 0.023156249999999545, 0.0, 0.0, 0.0, 0.0, 0.035625000000003126, 0.0, 0.0, 0.0, 0.0, 0.0, 0.0, 0.0, 0.04750000000000121, 0.0, 0.0, 0.0, 0.0, 0.0, 0.0, 0.0011578125000042405, 0.0, 0.0, 0.0, 0.0, 0.0, 0.0, 0.0, 0.0, 0.0, 0.0, 0.0, 0.0, 0.0, 0.0, 0.04064812499999704, 0.052428124999999604, 0.023749999999999938, 0.07124999999999915, 0.0, 0.0, 0.0, 0.0, 0.0, 0.0, 0.0, 0.035624999999999574, 0.0, 0.01365625000000037, 0.0, 0.0, 0.011874999999999858, 0.0, 0.0, 0.0, 0.0, 0.04809375000000049, 0.0, 0.0, 0.0, 0.0, 0.0, 0.0, 0.0, 0.03791242187500021, 0.03562500000000002, 0.0, 0.0, 0.0, 0.059375000000001066, 0.0, 0.0, 0.0, 0.0, 0.0, 0.0, 0.0, 0.0, 0.001187500000000341, 0.0, 0.0, 0.0, 0.0, 0.0, 0.0, 0.003473437500000287], [0.0005640625000005173, 0.0, 0.0, 0.0, 0.0, 0.0, 0.0, 0.0, 0.0, 0.0, 0.0, 0.0, 0.0, 0.0, 0.023156249999999545, 0.0, 0.0, 0.0, 0.0, 0.0, 0.0, 0.0, 0.0, 0.0, 0.0, 0.0, 0.0, 0.04750000000000121, 0.0, 0.0, 0.0, 0.0, 0.0, 0.0, 0.0, 0.0, 0.0, 0.0, 0.0, 0.0, 0.0, 0.0, 0.011874999999999858, 0.0, 0.0, 0.0, 0.0, 0.0, 0.0, 0.0, 0.0, 0.023749999999999938, 0.07124999999999915, 0.0, 0.0, 0.0, 0.0, 0.0, 0.0, 0.0, 0.0, 0.0, 0.01365625000000037, 0.0, 0.0, 0.0, 0.0, 0.0, 0.0, 0.0, 0.04809375000000049, 0.0, 0.0, 0.0, 0.0, 0.0, 0.0, 0.0, 0.0, 0.03562500000000002, 0.0, 0.0, 0.0, 0.0, 0.0, 0.0, 0.0, 0.0, 0.0, 0.0, 0.0, 0.0, 0.001187500000000341, 0.0, 0.0, 0.0, 0.0, 0.0, 0.0, 0.003473437500000287]]
**************************************************
