Done with 1 demonstrations
Done with 2 demonstrations
Done with 3 demonstrations
Done with 4 demonstrations
Done with 5 demonstrations
Done with 6 demonstrations
Done with 7 demonstrations
Done with 8 demonstrations
Done with 9 demonstrations
Random Norm: False, Alpha: 0.95
Accuracies: [1.0, 1.0, 1.0, 1.0, 1.0, 1.0, 1.0, 1.0, 1.0]
Bound errors: [[0.03146874999999838, 7.387437499999992, 3.672314062499977, 18.70312499999995, 15.009999999999984, 0.12887343750000024, 22.518562499999945, 14.914999999999953, 3.696628124999968, 26.117281249999948, 22.023374999999948, 30.019999999999918, 33.32659374999994, 7.504999999999992, 0.10687499999999872, 33.55874999999993, 0.0700624999999997, 7.434937499999992, 37.7624999999999, 0.0, 0.08312500000000078, 0.0, 7.2543187499999915, 14.294884308593709, 18.845624999999956, 0.0, 0.0, 33.85799999999993, 21.982821874999978, 0.059375000000001066, 10.919062499999967, 14.917374999999955, 18.200671484374958, 0.0, 29.131542187499914, 3.823749999999997, 33.58638906249993, 0.07124999999999915, 29.924999999999915, 22.657499999999946, 3.6254078125000166, 0.0, 3.567249999999996, 21.547761953124976, 11.013468749999987, 0.0, 0.0, 0.08312500000000256, 18.70609374999998, 0.5790546875000011, 0.0, 0.0, 3.672314062499975, 3.801751562500016, 0.10331250000000125, 0.0, 18.76249999999996, 28.287812453124964, 7.76607484374997, 0.04750000000000121, 0.0, 0.16625000000000156, 0.0, 33.55874999999994, 0.023749999999999716, 2.5212260096153614, 14.012499999999966, 0.0, 3.9157812499999958, 14.789124999999984, 0.04750000000000121, 14.776062499999952, 18.036683300781228, 37.5249999999999, 0.8549999999999995, 0.2375000000000007, 0.5760859375000003, 18.67032031249996, 0.03562500000000046, 6.9199484374999916, 0.0938125000000003, 0.17812499999999964, 18.64374999999996, 0.057029687500000925, 0.035624999999999574, 0.0, 22.526874999999944, 0.1763437500000009, 0.0, 9.11999999999999, 11.223656249999967, 18.622374999999955, 14.777249999999983, 14.684624999999953, 18.838440624999983, 11.32874999999996, 11.017535937499987, 0.0, 15.15249999999996, 0.13893750000000082], [0.035625000000003126, 0.09381249999999985, 0.04289695312500008, 0.0, 0.011874999999999969, 11.18144062499999, 0.17515625000000012, 14.962499999999956, 36.2398281249999, 10.999812499999965, 22.165874999999946, 30.019999999999918, 37.1628124999999, 0.0938125000000003, 17.62249999999998, 0.1365625000000037, 0.0700624999999997, 0.0, 34.69845312499991, 3.7649687499999756, 18.845624999999977, 14.799218749999962, 7.298315624999992, 0.19543281250000177, 28.503395656249914, 0.16037187499999916, 0.023749999999999716, 15.050374999999955, 0.023750000000000604, 0.0, 0.0, 0.0, 18.200671484374958, 22.304812499999976, 29.131542187499914, 0.03443749999999923, 3.7406249999999694, 29.94874999999997, 0.16625000000000156, 22.657499999999946, 29.075106249999962, 25.723624999999945, 25.247596328124946, 21.547761953124976, 0.0, 0.0, 0.0, 11.38990624999996, 0.0, 0.0, 0.0, 21.620456249999975, 0.0, 0.2802499999999988, 11.150624999999987, 26.350624999999944, 0.0, 11.364374999999985, 22.63374999999993, 7.469374999999971, 0.0, 0.16625000000000156, 10.876223437499988, 0.0, 0.011874999999999858, 0.0, 11.29312499999999, 22.68065624999997, 0.0, 0.011875000000000746, 14.734381249999965, 0.04750000000000032, 0.0, 0.23156250000000256, 0.023749999999999716, 0.2375000000000007, 0.0, 0.0, 0.26991578124999993, 6.9199484374999916, 0.0, 0.0, 0.0, 3.636689062499996, 3.846312499999996, 0.0, 18.390226171874954, 33.24346874999993, 0.0, 0.0, 11.223656249999967, 0.0, 14.917374999999982, 0.09500000000000242, 0.14071875000000134, 2.778749999999997, 11.017535937499987, 0.023749999999999993, 6.081187499999973, 0.2639812500000005], [0.0670937500000015, 0.047499999999999876, 3.637282812499974, 0.0, 18.536726562499954, 0.08484687500000021, 0.17515625000000012, 14.962499999999956, 0.0, 10.999812499999965, 23.970874999999936, 0.0, 33.29156249999994, 0.0938125000000003, 0.04749999999999943, 0.0, 0.34368654687499944, 0.0, 0.0, 3.7174687499999752, 0.07398421875000061, 11.106687499999966, 0.043996875000000046, 0.1710890625000019, 18.88124999999996, 7.57624999999997, 0.0, 0.23453124999999986, 0.023750000000000604, 7.339937499999992, 0.0, 14.964874999999955, 0.0, 0.0, 29.131542187499914, 11.18981249999996, 0.427500000000002, 0.0, 0.16625000000000156, 0.0, 3.6254078125000166, 10.802093749999987, 25.247596328124946, 0.0, 3.6580937499999955, 0.0, 0.37999999999999723, 11.38990624999996, 0.0, 18.30219531249995, 10.74931382812499, 30.138749999999966, 0.20362656249999844, 0.2802499999999988, 0.10331250000000125, 26.350624999999944, 25.231319636718695, 0.47612367187500126, 0.04749999999999943, 6.982499999999973, 0.0, 0.0, 0.0, 0.0, 0.023749999999999716, 14.220080937499954, 0.011874999999999858, 26.18437499999994, 0.06946874999999997, 18.717968749999958, 14.686881249999963, 0.04750000000000032, 2.5901916992187513, 0.23156250000000256, 0.8787499999999993, 0.460304687499999, 0.0, 0.0, 0.0, 0.17287031249999973, 7.458687499999991, 0.03799999999999848, 18.64374999999996, 3.636689062499996, 0.0, 0.0, 0.09143750000000139, 33.24346874999993, 0.0, 0.03562500000000002, 0.1763437500000009, 0.0, 0.18762499999999993, 7.367249999999977, 0.008371874999999918, 0.0, 0.0, 7.552499999999991, 9.071312499999987, 0.2639812500000005], [0.0670937500000015, 0.0, 0.04289695312500008, 0.0, 18.548601562499954, 0.08484687500000021, 3.434814062499996, 0.0, 0.0, 0.14012500000000117, 0.1424999999999983, 0.09024999999999928, 33.32659374999994, 0.0, 0.04749999999999943, 0.01187500000000341, 0.0700624999999997, 0.0, 0.0, 0.14071874999999956, 0.0, 11.106687499999966, 0.06435953124999994, 3.661032812499972, 0.03562500000000135, 0.023749999999999716, 0.11518749999999756, 14.729749999999953, 0.023750000000000604, 1.6387499999999964, 0.07125000000000004, 0.07006250000000236, 0.0, 0.0, 0.0, 0.03443749999999923, 0.427500000000002, 0.07124999999999915, 0.0, 0.0, 0.7275515625000022, 10.802093749999987, 3.3612187499999937, 0.15920515625000142, 3.6580937499999955, 0.0, 0.37999999999999723, 9.798656249999965, 0.0, 0.0, 10.74931382812499, 0.0, 3.672314062499975, 0.2802499999999988, 11.152406249999988, 0.0, 18.76249999999996, 0.0, 0.04749999999999943, 6.982499999999973, 26.20040624999995, 0.16625000000000156, 10.876223437499988, 0.0, 1.8649687500000098, 0.0, 14.950624999999963, 3.812468749999967, 0.06946874999999997, 0.011875000000000746, 14.729749999999962, 0.04750000000000032, 2.308160449218752, 0.35625000000000284, 0.8787499999999993, 17.957671874999953, 0.0, 0.0, 0.0, 0.17287031249999973, 11.118562499999987, 0.0, 0.0, 0.0, 0.0, 27.934749999999923, 0.07956249999999798, 0.0, 11.142312499999967, 0.03562500000000002, 21.752446874999933, 0.0, 0.18762499999999993, 0.14250000000000185, 6.520562499999993, 6.92558609374999, 0.0, 0.023749999999999993, 0.0, 0.2639812500000005], [0.0670937500000015, 0.0, 0.0, 0.0, 0.011874999999999969, 0.4393749999999983, 3.720407812499996, 0.0, 0.006798437499998755, 10.999812499999965, 0.1424999999999983, 0.0, 0.37222187500000103, 0.0, 0.0, 0.01187500000000341, 0.0700624999999997, 0.0, 0.0, 0.14071874999999956, 0.07398421875000061, 11.106687499999966, 0.06435953124999994, 0.024343749999999886, 0.03562500000000135, 0.023749999999999716, 0.09143749999999784, 0.0, 0.023750000000000604, 0.0, 0.0, 0.07006250000000236, 0.0, 22.304812499999976, 0.0, 0.03443749999999923, 0.0, 0.07124999999999915, 0.16625000000000156, 0.0, 0.7275515625000022, 10.802093749999987, 0.13893750000000082, 0.15920515625000142, 3.6580937499999955, 0.0, 0.0, 0.08312500000000256, 33.67096874999993, 0.0, 0.0, 0.0, 0.0, 0.2802499999999988, 11.152406249999988, 7.344628124999992, 0.0, 0.47612367187500126, 6.260321874999974, 0.04750000000000121, 0.0, 0.0, 10.876223437499988, 33.55874999999994, 1.8649687500000098, 0.0, 0.0, 0.0, 0.06946874999999997, 0.011875000000000746, 0.04286874999999846, 0.04750000000000032, 2.308160449218752, 0.35625000000000284, 0.023749999999999716, 0.0, 0.0, 0.0, 0.0, 0.17287031249999973, 0.0, 0.0, 0.07125000000000092, 7.413532812499992, 0.04750000000000004, 0.0, 0.09143750000000139, 0.0, 0.0, 0.03562500000000002, 0.0, 0.0, 0.18762499999999993, 0.0, 0.14071875000000134, 0.0, 0.0, 0.023749999999999993, 0.0, 0.2639812500000005], [0.0670937500000015, 0.0, 0.0, 0.0, 0.011874999999999969, 0.08484687500000021, 0.0, 0.0, 0.0, 0.14012500000000117, 0.1424999999999983, 0.0, 0.37222187500000103, 0.0, 0.04749999999999943, 0.01187500000000341, 0.34368654687499944, 0.0, 0.0, 0.14071874999999956, 0.0, 0.0, 0.043996875000000046, 0.024343749999999886, 0.03562500000000135, 0.023749999999999716, 0.09143749999999784, 0.23453124999999986, 0.023750000000000604, 0.0, 0.07125000000000004, 0.07006250000000236, 0.0, 0.0, 9.346218749999972, 0.03443749999999923, 0.427500000000002, 22.372499999999974, 0.0, 0.0, 0.7275515625000022, 0.0, 0.0, 1.474904687499997, 0.0700624999999997, 0.0, 0.0, 0.08312500000000256, 0.0, 18.30219531249995, 0.0, 0.0, 0.0, 0.2802499999999988, 11.152406249999988, 0.0, 3.2062499999999927, 0.0, 0.04749999999999943, 0.04750000000000121, 0.0, 0.16625000000000156, 0.0, 33.60624999999994, 1.8649687500000098, 0.0, 0.0, 0.0, 0.06946874999999997, 0.0, 0.04286874999999846, 0.04750000000000032, 0.32418749999999985, 0.23156250000000256, 0.023749999999999716, 0.11874999999999858, 0.0, 0.0, 0.0, 0.0, 0.0, 0.0, 0.07125000000000092, 0.0, 0.04750000000000004, 0.0, 0.09143750000000139, 0.0, 11.016942187499966, 0.03562500000000002, 0.0, 0.0, 3.845124999999996, 7.367249999999977, 0.14071875000000134, 0.0, 11.041285937499987, 0.023749999999999993, 0.0, 0.2639812500000005], [0.0670937500000015, 0.0, 0.0, 0.0, 0.0, 0.08484687500000021, 0.0, 0.0, 0.0, 0.14012500000000117, 0.1424999999999983, 22.419999999999938, 0.37222187500000103, 0.0, 0.0, 0.01187500000000341, 0.0700624999999997, 0.0, 0.0, 0.14071874999999956, 0.07398421875000061, 0.19189999999999863, 0.043996875000000046, 0.024343749999999886, 0.03562500000000135, 0.023749999999999716, 0.09143749999999784, 0.23453124999999986, 0.023750000000000604, 0.0, 0.0, 0.07006250000000236, 0.0, 0.0, 0.0, 0.18690656249999904, 0.427500000000002, 0.07124999999999915, 0.0, 0.0, 0.0, 0.02240960937499903, 0.0, 0.007352109375000637, 0.39246874999999903, 0.0, 0.0, 0.0, 0.0, 18.30219531249995, 0.0, 0.0, 0.0, 0.2802499999999988, 11.152406249999988, 0.0, 0.0, 0.47612367187500126, 0.04749999999999943, 0.04750000000000121, 0.0, 0.16625000000000156, 0.27561875000000047, 0.0, 0.0, 0.10452968749999769, 0.0, 0.0, 0.0, 0.011875000000000746, 0.04286874999999846, 0.04750000000000032, 11.177937499999988, 0.0, 0.8787499999999993, 0.11874999999999858, 0.0, 18.59907031249996, 0.0, 0.0, 0.0, 0.0, 0.07125000000000092, 0.0, 0.0, 0.0, 0.09143750000000139, 0.0, 11.016942187499966, 0.03562500000000002, 0.0, 0.023749999999999716, 3.845124999999996, 7.367249999999977, 0.14071875000000134, 0.0, 0.023749999999999716, 0.023749999999999993, 0.0, 0.2639812500000005], [0.0670937500000015, 0.09381249999999985, 0.04289695312500008, 0.0, 0.0, 0.0, 3.720407812499996, 0.0, 0.006798437499998755, 0.0, 0.1424999999999983, 29.92499999999992, 0.37222187500000103, 0.0, 0.04749999999999943, 0.0, 0.0700624999999997, 0.0, 0.0, 0.14071874999999956, 0.0, 9.69178124999997, 0.043996875000000046, 5.561032812499976, 0.0, 1.9926249999999914, 0.09143749999999784, 0.23453124999999986, 0.023750000000000604, 1.6387499999999964, 0.07125000000000004, 0.07006250000000236, 0.0, 0.0, 0.0, 0.03443749999999923, 0.427500000000002, 20.70762499999998, 0.0, 0.0, 0.0, 0.0, 0.0, 0.15920515625000142, 0.0700624999999997, 0.0, 0.37999999999999723, 28.01549999999993, 0.0, 0.0, 10.74931382812499, 0.0, 0.0, 0.2802499999999988, 11.152406249999988, 0.0, 18.76249999999996, 0.0, 0.04749999999999943, 0.04750000000000121, 0.0, 0.16625000000000156, 0.27561875000000047, 0.04749999999999943, 0.0, 0.10452968749999769, 0.0, 0.0, 0.06946874999999997, 0.0, 0.0, 0.04750000000000032, 1.7289999999999957, 0.0, 0.023749999999999716, 0.11874999999999858, 0.0, 0.0, 0.0, 0.0, 0.0, 0.0, 0.07125000000000092, 0.057029687500000925, 0.04750000000000004, 0.0, 1.1162500000000009, 0.07124999999999915, 0.0, 0.0, 0.1763437500000009, 0.023749999999999716, 0.18762499999999993, 0.0, 0.14071875000000134, 2.778749999999997, 0.0, 0.023749999999999993, 0.0, 0.2639812500000005], [0.0670937500000015, 0.0, 0.0, 0.0, 0.011874999999999969, 0.0, 0.17515625000000012, 0.0, 0.0, 0.14012500000000117, 0.1424999999999983, 0.0, 0.37222187500000103, 0.0, 0.04749999999999943, 0.01187500000000341, 0.07689359374999949, 0.0, 0.0, 0.0, 0.0, 11.106687499999966, 0.043996875000000046, 0.024343749999999886, 0.0, 0.023749999999999716, 0.11518749999999756, 0.23453124999999986, 0.023750000000000604, 0.0, 0.07125000000000004, 0.0, 0.0, 0.0, 0.0, 0.03443749999999923, 0.427500000000002, 20.70762499999998, 0.2849999999999966, 0.0, 0.7275515625000022, 0.0, 0.0, 0.15920515625000142, 0.0700624999999997, 0.0, 0.0, 0.08312500000000256, 0.0, 0.0, 0.0, 0.0, 0.0, 0.2802499999999988, 0.0017812500000005116, 0.0, 0.0, 0.0, 0.04749999999999943, 0.04750000000000121, 0.0, 0.16625000000000156, 0.27561875000000047, 0.04749999999999943, 0.011874999999999858, 0.10452968749999769, 0.011874999999999858, 0.0, 0.06946874999999997, 0.011875000000000746, 0.0, 0.04750000000000032, 0.32418749999999985, 0.35625000000000284, 0.0, 0.11874999999999858, 11.581093749999974, 0.0, 0.0, 0.0, 0.0, 0.14012500000000117, 11.29312499999999, 0.057029687500000925, 0.0, 0.0, 1.1162500000000009, 0.07124999999999915, 0.0, 0.0, 0.1763437500000009, 0.023749999999999716, 0.18762499999999993, 0.09500000000000242, 0.008371874999999918, 0.8787500000000001, 0.023749999999999716, 0.023749999999999993, 0.0, 0.2639812500000005]]
Policy losses: [[0.0670937500000015, 7.434937499999991, 3.672314062499977, 18.70312499999995, 15.009999999999984, 0.12887343750000024, 22.693718749999945, 14.914999999999953, 36.7423781249999, 26.25740624999995, 22.165874999999946, 30.019999999999918, 33.32659374999994, 7.504999999999992, 18.809999999999977, 33.55874999999993, 0.07689359374999949, 7.434937499999992, 37.7624999999999, 0.14071874999999956, 7.250346562499972, 0.0350312499999994, 7.298315624999992, 14.294884308593709, 18.88124999999996, 0.07124999999999915, 0.023749999999999716, 33.85799999999993, 22.006571874999977, 0.059375000000001066, 10.919062499999967, 14.987437499999958, 18.200671484374958, 0.0, 29.131542187499914, 15.013562499999956, 37.327014062499906, 0.07124999999999915, 30.091249999999917, 22.657499999999946, 3.6254078125000166, 0.02662968750000072, 3.706187499999997, 21.566989062499978, 11.083531249999988, 0.0, 29.649499999999918, 0.08312500000000256, 18.70609374999998, 18.88124999999995, 0.0, 21.620456249999975, 3.672314062499975, 3.801751562500016, 0.14071875000000134, 26.350624999999944, 18.76249999999996, 28.287812453124964, 7.76607484374997, 0.04750000000000121, 0.0, 0.16625000000000156, 11.042473437499988, 33.60624999999994, 0.04749999999999943, 2.5212260096153614, 14.024374999999965, 0.0, 3.9157812499999958, 14.789124999999984, 14.777249999999963, 14.823562499999952, 22.355874999999976, 37.8812499999999, 0.8787499999999993, 18.195171874999954, 18.999999999999957, 18.67032031249996, 3.517051406249996, 6.9199484374999916, 11.212374999999987, 0.17812499999999964, 18.71499999999996, 0.058187500000000725, 3.8819374999999954, 0.0, 22.538749999999947, 33.49106249999993, 11.064442187499967, 9.11999999999999, 11.223656249999967, 18.646124999999955, 14.917374999999982, 14.779624999999955, 18.84681249999998, 11.32874999999996, 11.041285937499987, 0.023749999999999993, 15.15249999999996, 22.09106249999995], [0.035625000000003126, 0.09381249999999985, 0.04289695312500008, 0.0, 0.011874999999999969, 11.18144062499999, 0.17515625000000012, 14.962499999999956, 36.2398281249999, 10.999812499999965, 22.165874999999946, 30.019999999999918, 37.197843749999905, 0.0938125000000003, 18.70312499999998, 0.1365625000000037, 0.07689359374999949, 0.0, 34.69845312499991, 3.7649687499999756, 26.09597156249995, 14.834249999999962, 7.298315624999992, 0.19543281250000177, 28.539020656249917, 0.16037187499999916, 0.023749999999999716, 15.050374999999955, 0.023750000000000604, 0.059375000000001066, 18.54281249999995, 0.0, 18.200671484374958, 22.304812499999976, 29.131542187499914, 0.03443749999999923, 3.7406249999999694, 30.019999999999968, 0.16625000000000156, 22.657499999999946, 29.802657812499966, 25.750254687499947, 25.386533828124946, 21.566989062499978, 0.0700624999999997, 0.0, 0.0, 11.38990624999996, 0.0, 0.0, 0.0, 21.620456249999975, 0.0, 0.36453281249999847, 11.152406249999988, 26.350624999999944, 0.0, 28.287812453124964, 22.63374999999993, 7.469374999999971, 0.0, 0.16625000000000156, 10.876223437499988, 0.04749999999999943, 0.011874999999999858, 0.10452968749999769, 11.29312499999999, 26.18437499999994, 3.6830312499999964, 0.011875000000000746, 14.777249999999963, 0.04750000000000032, 4.319191699218747, 0.23156250000000256, 0.023749999999999716, 18.195171874999954, 0.0, 0.0, 0.272767265625, 6.9199484374999916, 0.0, 0.14012500000000117, 0.07125000000000092, 3.6378468749999957, 3.846312499999996, 0.0, 18.390226171874954, 33.314718749999926, 0.04750000000000121, 0.03562500000000002, 11.223656249999967, 0.023749999999999716, 14.917374999999982, 0.09500000000000242, 0.14071875000000134, 2.778749999999997, 11.041285937499987, 0.023749999999999993, 6.081187499999973, 0.2639812500000005], [0.0670937500000015, 0.047499999999999876, 3.637282812499974, 0.0, 18.548601562499954, 0.08484687500000021, 0.17515625000000012, 14.962499999999956, 0.018673437499998613, 10.999812499999965, 23.970874999999936, 0.0, 33.32659374999994, 0.0938125000000003, 0.04749999999999943, 33.55874999999993, 0.35051764062499924, 0.0, 0.0, 3.7174687499999752, 0.07398421875000061, 11.106687499999966, 0.043996875000000046, 0.19543281250000177, 18.88124999999996, 7.57624999999997, 0.023749999999999716, 0.23453124999999986, 0.023750000000000604, 7.399312499999993, 0.0, 15.034937499999957, 0.0, 0.0, 29.131542187499914, 11.18981249999996, 0.427500000000002, 0.0, 0.16625000000000156, 0.0, 3.6254078125000166, 10.828723437499988, 25.386533828124946, 21.566989062499978, 3.6580937499999955, 0.0, 0.37999999999999723, 11.38990624999996, 0.0, 18.30219531249995, 10.74931382812499, 30.138749999999966, 0.20362656249999844, 0.36453281249999847, 0.14071875000000134, 26.350624999999944, 25.231319636718695, 0.47612367187500126, 0.04749999999999943, 6.982499999999973, 0.0, 0.0, 0.0, 0.04749999999999943, 0.023749999999999716, 14.324610624999952, 0.011874999999999858, 26.18437499999994, 0.06946874999999997, 18.717968749999958, 14.729749999999962, 0.04750000000000032, 4.319191699218747, 0.23156250000000256, 0.8787499999999993, 0.460304687499999, 0.0, 0.0, 0.0028514843750000463, 0.17287031249999973, 7.458687499999991, 0.17812499999999964, 18.71499999999996, 3.6378468749999957, 0.0, 0.0, 0.09143750000000139, 33.314718749999926, 0.04750000000000121, 0.03562500000000002, 0.1763437500000009, 0.023749999999999716, 0.18762499999999993, 7.367249999999977, 0.008371874999999918, 0.0, 11.041285937499987, 7.552499999999991, 15.15249999999996, 0.2639812500000005], [0.0670937500000015, 0.0, 0.04289695312500008, 0.0, 18.548601562499954, 0.08484687500000021, 3.434814062499996, 0.0, 0.018673437499998613, 0.14012500000000117, 0.1424999999999983, 0.09024999999999928, 33.32659374999994, 0.0938125000000003, 0.04749999999999943, 0.01187500000000341, 0.07689359374999949, 0.0, 0.0, 0.14071874999999956, 0.0, 11.106687499999966, 0.06435953124999994, 3.661032812499972, 0.03562500000000135, 0.023749999999999716, 0.11518749999999756, 14.729749999999953, 0.023750000000000604, 1.6981249999999974, 0.07125000000000004, 0.07006250000000236, 0.0, 0.0, 0.0, 0.03443749999999923, 0.427500000000002, 0.07124999999999915, 0.16625000000000156, 0.0, 0.7275515625000022, 10.828723437499988, 3.3612187499999937, 0.15920515625000142, 3.6580937499999955, 0.0, 0.37999999999999723, 9.798656249999965, 0.0, 0.0, 10.74931382812499, 0.0, 3.672314062499975, 0.36453281249999847, 11.152406249999988, 0.0, 18.76249999999996, 0.0, 0.04749999999999943, 6.982499999999973, 26.20040624999995, 0.16625000000000156, 10.876223437499988, 0.04749999999999943, 1.8649687500000098, 0.10452968749999769, 14.962499999999963, 3.812468749999967, 0.06946874999999997, 0.011875000000000746, 14.729749999999962, 0.04750000000000032, 4.319191699218747, 0.35625000000000284, 0.8787499999999993, 17.957671874999953, 11.581093749999974, 0.0, 0.0028514843750000463, 0.17287031249999973, 11.118562499999987, 0.0, 0.07125000000000092, 0.0011578124999997996, 0.0, 27.934749999999923, 0.09143750000000139, 0.07124999999999915, 11.142312499999967, 0.03562500000000002, 21.928790624999934, 0.023749999999999716, 0.18762499999999993, 0.14250000000000185, 6.520562499999993, 6.92558609374999, 0.023749999999999716, 0.023749999999999993, 0.0, 0.2639812500000005], [0.0670937500000015, 0.0, 0.0, 0.0, 0.011874999999999969, 0.4393749999999983, 3.720407812499996, 0.0, 0.006798437499998755, 10.999812499999965, 0.1424999999999983, 0.0, 0.37222187500000103, 0.0, 0.0, 0.01187500000000341, 0.07689359374999949, 0.0, 0.0, 0.14071874999999956, 0.07398421875000061, 11.106687499999966, 0.06435953124999994, 0.024343749999999886, 0.03562500000000135, 0.023749999999999716, 0.11518749999999756, 0.0, 0.023750000000000604, 0.0, 0.0, 0.07006250000000236, 0.0, 22.304812499999976, 0.0, 0.03443749999999923, 0.0, 0.07124999999999915, 0.16625000000000156, 0.0, 0.7275515625000022, 10.828723437499988, 0.13893750000000082, 0.15920515625000142, 3.6580937499999955, 0.0, 0.0, 0.08312500000000256, 33.67096874999993, 0.0, 0.0, 0.0, 0.0, 0.36453281249999847, 11.152406249999988, 7.344628124999992, 0.0, 0.47612367187500126, 6.260321874999974, 0.04750000000000121, 0.0, 0.0, 10.876223437499988, 33.60624999999994, 1.8649687500000098, 0.10452968749999769, 0.011874999999999858, 0.0, 0.06946874999999997, 0.011875000000000746, 0.04286874999999846, 0.04750000000000032, 4.319191699218747, 0.35625000000000284, 0.023749999999999716, 0.0, 0.0, 0.0, 0.0028514843750000463, 0.17287031249999973, 0.0, 0.14012500000000117, 0.07125000000000092, 7.4146906249999915, 0.04750000000000004, 0.0, 0.09143750000000139, 0.07124999999999915, 0.04750000000000121, 0.03562500000000002, 0.1763437500000009, 0.023749999999999716, 0.18762499999999993, 0.0, 0.14071875000000134, 0.0, 0.023749999999999716, 0.023749999999999993, 0.0, 0.2639812500000005], [0.0670937500000015, 0.0, 0.0, 0.0, 0.011874999999999969, 0.08484687500000021, 0.0, 0.0, 0.018673437499998613, 0.14012500000000117, 0.1424999999999983, 0.0, 0.37222187500000103, 0.0, 0.04749999999999943, 0.01187500000000341, 0.35051764062499924, 0.0, 0.0, 0.14071874999999956, 0.0, 0.0, 0.043996875000000046, 0.024343749999999886, 0.03562500000000135, 0.023749999999999716, 0.11518749999999756, 0.23453124999999986, 0.023750000000000604, 0.059375000000001066, 0.07125000000000004, 0.07006250000000236, 0.0, 0.0, 9.346218749999972, 0.03443749999999923, 0.427500000000002, 22.372499999999974, 0.0, 0.0, 0.7275515625000022, 0.02662968750000072, 0.0, 1.474904687499997, 0.0700624999999997, 0.0, 0.0, 0.08312500000000256, 0.0, 18.30219531249995, 0.0, 0.0, 0.0, 0.36453281249999847, 11.152406249999988, 0.0, 3.2062499999999927, 0.0, 0.04749999999999943, 0.04750000000000121, 0.0, 0.16625000000000156, 0.0, 33.60624999999994, 1.8649687500000098, 0.10452968749999769, 0.011874999999999858, 0.0, 0.06946874999999997, 0.011875000000000746, 0.04286874999999846, 0.04750000000000032, 0.32418749999999985, 0.23156250000000256, 0.023749999999999716, 0.11874999999999858, 0.0, 0.0, 0.0028514843750000463, 0.17287031249999973, 0.0, 0.14012500000000117, 0.07125000000000092, 0.0011578124999997996, 0.04750000000000004, 0.0, 0.09143750000000139, 0.07124999999999915, 11.064442187499967, 0.03562500000000002, 0.1763437500000009, 0.0, 3.845124999999996, 7.367249999999977, 0.14071875000000134, 0.0, 11.041285937499987, 0.023749999999999993, 0.0, 0.2639812500000005], [0.0670937500000015, 0.0, 0.0, 0.0, 0.0, 0.08484687500000021, 0.0, 0.0, 0.018673437499998613, 0.14012500000000117, 0.1424999999999983, 22.419999999999938, 0.37222187500000103, 0.0, 0.0, 0.01187500000000341, 0.07689359374999949, 0.0, 0.0, 0.14071874999999956, 0.07398421875000061, 0.19189999999999863, 0.043996875000000046, 0.024343749999999886, 0.03562500000000135, 0.023749999999999716, 0.11518749999999756, 0.23453124999999986, 0.023750000000000604, 0.059375000000001066, 0.0, 0.07006250000000236, 0.0, 0.0, 0.0, 0.18690656249999904, 0.427500000000002, 0.07124999999999915, 0.0, 0.0, 0.0, 0.04903929687499975, 0.13893750000000082, 0.007352109375000637, 0.39246874999999903, 0.0, 0.0, 0.08312500000000256, 0.0, 18.30219531249995, 0.0, 0.0, 0.0, 0.36453281249999847, 11.152406249999988, 0.0, 0.0, 0.47612367187500126, 0.04749999999999943, 0.04750000000000121, 0.0, 0.16625000000000156, 0.27561875000000047, 0.04749999999999943, 0.0, 0.10452968749999769, 0.0, 0.0, 0.0, 0.011875000000000746, 0.04286874999999846, 0.04750000000000032, 11.177937499999988, 0.0, 0.8787499999999993, 0.11874999999999858, 0.0, 18.59907031249996, 0.0028514843750000463, 0.17287031249999973, 0.0, 0.14012500000000117, 0.07125000000000092, 0.0011578124999997996, 0.0, 0.0, 0.09143750000000139, 0.0, 11.064442187499967, 0.03562500000000002, 0.1763437500000009, 0.023749999999999716, 3.845124999999996, 7.367249999999977, 0.14071875000000134, 0.0, 0.023749999999999716, 0.023749999999999993, 0.0, 0.2639812500000005], [0.0670937500000015, 0.09381249999999985, 0.04289695312500008, 0.0, 0.011874999999999969, 0.0, 3.720407812499996, 0.0, 0.006798437499998755, 0.0, 0.1424999999999983, 29.92499999999992, 0.37222187500000103, 0.0, 0.04749999999999943, 0.0, 0.07689359374999949, 0.0, 0.0, 0.14071874999999956, 0.0, 9.69178124999997, 0.043996875000000046, 5.561032812499976, 0.0, 1.9926249999999914, 0.11518749999999756, 0.23453124999999986, 0.023750000000000604, 1.6981249999999974, 0.07125000000000004, 0.07006250000000236, 0.0, 0.0, 0.0, 0.03443749999999923, 0.427500000000002, 20.70762499999998, 0.0, 0.0, 0.0, 0.02662968750000072, 0.13893750000000082, 0.15920515625000142, 0.0700624999999997, 0.0, 0.37999999999999723, 28.01549999999993, 0.0, 0.0, 10.74931382812499, 0.0, 0.0, 0.36453281249999847, 11.152406249999988, 0.0, 18.76249999999996, 0.0, 0.04749999999999943, 0.04750000000000121, 0.0, 0.16625000000000156, 0.27561875000000047, 0.04749999999999943, 0.0, 0.10452968749999769, 0.0, 0.0, 0.06946874999999997, 0.011875000000000746, 0.0, 0.04750000000000032, 1.7289999999999957, 0.0, 0.023749999999999716, 0.11874999999999858, 0.0, 0.0, 0.0028514843750000463, 0.17287031249999973, 0.0, 0.14012500000000117, 0.07125000000000092, 0.058187500000000725, 0.04750000000000004, 0.0, 1.1162500000000009, 0.07124999999999915, 0.04750000000000121, 0.0, 0.1763437500000009, 0.023749999999999716, 0.18762499999999993, 0.0, 0.14071875000000134, 2.778749999999997, 0.023749999999999716, 0.023749999999999993, 0.0, 0.2639812500000005], [0.0670937500000015, 0.0, 0.0, 0.0, 0.011874999999999969, 0.0, 0.17515625000000012, 0.0, 0.018673437499998613, 0.14012500000000117, 0.1424999999999983, 0.0, 0.37222187500000103, 0.0, 0.04749999999999943, 0.01187500000000341, 0.07689359374999949, 0.0, 0.0, 0.0, 0.0, 11.106687499999966, 0.043996875000000046, 0.024343749999999886, 0.0, 0.023749999999999716, 0.11518749999999756, 0.23453124999999986, 0.023750000000000604, 0.059375000000001066, 0.07125000000000004, 0.0, 0.0, 0.0, 0.0, 0.03443749999999923, 0.427500000000002, 20.70762499999998, 0.2849999999999966, 0.0, 0.7275515625000022, 0.02662968750000072, 0.13893750000000082, 0.15920515625000142, 0.0700624999999997, 0.0, 0.0, 0.08312500000000256, 0.0, 0.0, 0.0, 0.0, 0.0, 0.36453281249999847, 0.0017812500000005116, 0.0, 0.0, 0.0, 0.04749999999999943, 0.04750000000000121, 0.0, 0.16625000000000156, 0.27561875000000047, 0.04749999999999943, 0.011874999999999858, 0.10452968749999769, 0.011874999999999858, 0.0, 0.06946874999999997, 0.011875000000000746, 0.0, 0.04750000000000032, 0.32418749999999985, 0.35625000000000284, 0.0, 0.11874999999999858, 11.581093749999974, 0.0, 3.4814264062499953, 0.17287031249999973, 0.0, 0.14012500000000117, 11.29312499999999, 0.058187500000000725, 0.0, 0.0, 1.1162500000000009, 0.07124999999999915, 0.04750000000000121, 0.0, 0.1763437500000009, 0.023749999999999716, 0.18762499999999993, 0.09500000000000242, 0.008371874999999918, 0.8787500000000001, 0.023749999999999716, 0.023749999999999993, 0.0, 0.2639812500000005]]
EVDs: [[0.035625000000003126, 0.047499999999999876, 0.0, 0.0, 0.0, 0.0, 0.17515625000000012, 0.0, 33.045749999999934, 0.14012500000000117, 0.1424999999999983, 0.0, 0.0, 0.0, 18.70312499999998, 0.0, 0.006831093749999795, 0.0, 0.0, 0.14071874999999956, 7.1672215624999716, 0.0350312499999994, 0.043996875000000046, 0.0, 0.03562500000000135, 0.07124999999999915, 0.023749999999999716, 0.0, 0.023750000000000604, 0.0, 0.0, 0.07006250000000236, 0.0, 0.0, 0.0, 11.18981249999996, 3.7406249999999694, 0.0, 0.16625000000000156, 0.0, 0.0, 0.02662968750000072, 0.13893750000000082, 0.019227109375000495, 0.0700624999999997, 0.0, 29.649499999999918, 0.0, 0.0, 18.30219531249995, 0.0, 21.620456249999975, 0.0, 0.0, 0.037406250000000085, 26.350624999999944, 0.0, 0.0, 0.0, 0.0, 0.0, 0.0, 11.042473437499988, 0.04749999999999943, 0.023749999999999716, 0.0, 0.011874999999999858, 0.0, 0.0, 0.0, 14.729749999999962, 0.04750000000000032, 4.319191699218747, 0.35625000000000284, 0.023749999999999716, 17.957671874999953, 18.423914062499957, 0.0, 3.4814264062499953, 0.0, 11.118562499999987, 0.0, 0.07125000000000092, 0.0011578124999997996, 3.846312499999996, 0.0, 0.01187500000000341, 33.314718749999926, 11.064442187499967, 0.0, 0.0, 0.023749999999999716, 0.140125, 0.09500000000000242, 0.008371874999999918, 0.0, 0.023749999999999716, 0.023749999999999993, 0.0, 21.95212499999995], [0.0, 0.0, 0.0, 0.0, 0.0, 0.0, 0.0, 0.0, 0.0, 0.0, 0.0, 0.0, 0.0350312499999994, 0.0, 1.0806249999999995, 0.0, 0.006831093749999795, 0.0, 0.0, 0.0, 7.250346562499972, 0.0350312499999994, 0.0, 0.0, 0.03562500000000135, 0.0, 0.0, 0.0, 0.0, 0.059375000000001066, 18.54281249999995, 0.0, 0.0, 0.0, 0.0, 0.0, 0.0, 0.07124999999999915, 0.0, 0.0, 0.7275515625000022, 0.02662968750000072, 0.13893750000000082, 0.019227109375000495, 0.0700624999999997, 0.0, 0.0, 0.0, 0.0, 0.0, 0.0, 0.0, 0.0, 0.08428281249999969, 0.0017812500000005116, 0.0, 0.0, 16.92343745312498, 0.0, 0.0, 0.0, 0.0, 0.0, 0.04749999999999943, 0.0, 0.10452968749999769, 0.0, 3.503718749999969, 3.6830312499999964, 0.0, 0.04286874999999846, 0.0, 4.319191699218747, 0.0, 0.0, 17.957671874999953, 0.0, 0.0, 0.0028514843750000463, 0.0, 0.0, 0.14012500000000117, 0.07125000000000092, 0.0011578124999997996, 0.0, 0.0, 0.0, 0.07124999999999915, 0.04750000000000121, 0.03562500000000002, 0.0, 0.023749999999999716, 0.0, 0.0, 0.0, 0.0, 0.023749999999999716, 0.0, 0.0, 0.0], [0.0, 0.0, 0.0, 0.0, 0.011874999999999969, 0.0, 0.0, 0.0, 0.018673437499998613, 0.0, 0.0, 0.0, 0.0350312499999994, 0.0, 0.0, 33.55874999999993, 0.006831093749999795, 0.0, 0.0, 0.0, 0.0, 0.0, 0.0, 0.024343749999999886, 0.0, 0.0, 0.023749999999999716, 0.0, 0.0, 0.059375000000001066, 0.0, 0.07006250000000236, 0.0, 0.0, 0.0, 0.0, 0.0, 0.0, 0.0, 0.0, 0.0, 0.02662968750000072, 0.13893750000000082, 21.566989062499978, 0.0, 0.0, 0.0, 0.0, 0.0, 0.0, 0.0, 0.0, 0.0, 0.08428281249999969, 0.037406250000000085, 0.0, 0.0, 0.0, 0.0, 0.0, 0.0, 0.0, 0.0, 0.04749999999999943, 0.0, 0.10452968749999769, 0.0, 0.0, 0.0, 0.0, 0.04286874999999846, 0.0, 1.7289999999999957, 0.0, 0.0, 0.0, 0.0, 0.0, 0.0028514843750000463, 0.0, 0.0, 0.14012500000000117, 0.07125000000000092, 0.0011578124999997996, 0.0, 0.0, 0.0, 0.07124999999999915, 0.04750000000000121, 0.0, 0.0, 0.023749999999999716, 0.0, 0.0, 0.0, 0.0, 11.041285937499987, 0.0, 6.081187499999973, 0.0], [0.0, 0.0, 0.0, 0.0, 0.0, 0.0, 0.0, 0.0, 0.018673437499998613, 0.0, 0.0, 0.0, 0.0, 0.0938125000000003, 0.0, 0.0, 0.006831093749999795, 0.0, 0.0, 0.0, 0.0, 0.0, 0.0, 0.0, 0.0, 0.0, 0.0, 0.0, 0.0, 0.059375000000001066, 0.0, 0.0, 0.0, 0.0, 0.0, 0.0, 0.0, 0.0, 0.16625000000000156, 0.0, 0.0, 0.02662968750000072, 0.0, 0.0, 0.0, 0.0, 0.0, 0.0, 0.0, 0.0, 0.0, 0.0, 0.0, 0.08428281249999969, 0.0, 0.0, 0.0, 0.0, 0.0, 0.0, 0.0, 0.0, 0.0, 0.04749999999999943, 0.0, 0.10452968749999769, 0.011874999999999858, 0.0, 0.0, 0.0, 0.0, 0.0, 2.011031249999995, 0.0, 0.0, 0.0, 11.581093749999974, 0.0, 0.0028514843750000463, 0.0, 0.0, 0.0, 0.07125000000000092, 0.0011578124999997996, 0.0, 0.0, 0.01187500000000341, 0.07124999999999915, 0.0, 0.0, 0.1763437500000009, 0.023749999999999716, 0.0, 0.0, 0.0, 0.0, 0.023749999999999716, 0.0, 0.0, 0.0], [0.0, 0.0, 0.0, 0.0, 0.0, 0.0, 0.0, 0.0, 0.0, 0.0, 0.0, 0.0, 0.0, 0.0, 0.0, 0.0, 0.006831093749999795, 0.0, 0.0, 0.0, 0.0, 0.0, 0.0, 0.0, 0.0, 0.0, 0.023749999999999716, 0.0, 0.0, 0.0, 0.0, 0.0, 0.0, 0.0, 0.0, 0.0, 0.0, 0.0, 0.0, 0.0, 0.0, 0.02662968750000072, 0.0, 0.0, 0.0, 0.0, 0.0, 0.0, 0.0, 0.0, 0.0, 0.0, 0.0, 0.08428281249999969, 0.0, 0.0, 0.0, 0.0, 0.0, 0.0, 0.0, 0.0, 0.0, 0.04749999999999943, 0.0, 0.10452968749999769, 0.011874999999999858, 0.0, 0.0, 0.0, 0.0, 0.0, 2.011031249999995, 0.0, 0.0, 0.0, 0.0, 0.0, 0.0028514843750000463, 0.0, 0.0, 0.14012500000000117, 0.0, 0.0011578124999997996, 0.0, 0.0, 0.0, 0.07124999999999915, 0.04750000000000121, 0.0, 0.1763437500000009, 0.023749999999999716, 0.0, 0.0, 0.0, 0.0, 0.023749999999999716, 0.0, 0.0, 0.0], [0.0, 0.0, 0.0, 0.0, 0.0, 0.0, 0.0, 0.0, 0.018673437499998613, 0.0, 0.0, 0.0, 0.0, 0.0, 0.0, 0.0, 0.006831093749999795, 0.0, 0.0, 0.0, 0.0, 0.0, 0.0, 0.0, 0.0, 0.0, 0.023749999999999716, 0.0, 0.0, 0.059375000000001066, 0.0, 0.0, 0.0, 0.0, 0.0, 0.0, 0.0, 0.0, 0.0, 0.0, 0.0, 0.02662968750000072, 0.0, 0.0, 0.0, 0.0, 0.0, 0.0, 0.0, 0.0, 0.0, 0.0, 0.0, 0.08428281249999969, 0.0, 0.0, 0.0, 0.0, 0.0, 0.0, 0.0, 0.0, 0.0, 0.0, 0.0, 0.10452968749999769, 0.011874999999999858, 0.0, 0.0, 0.011875000000000746, 0.0, 0.0, 0.0, 0.0, 0.0, 0.0, 0.0, 0.0, 0.0028514843750000463, 0.17287031249999973, 0.0, 0.14012500000000117, 0.0, 0.0011578124999997996, 0.0, 0.0, 0.0, 0.07124999999999915, 0.04750000000000121, 0.0, 0.1763437500000009, 0.0, 0.0, 0.0, 0.0, 0.0, 0.0, 0.0, 0.0, 0.0], [0.0, 0.0, 0.0, 0.0, 0.0, 0.0, 0.0, 0.0, 0.018673437499998613, 0.0, 0.0, 0.0, 0.0, 0.0, 0.0, 0.0, 0.006831093749999795, 0.0, 0.0, 0.0, 0.0, 0.0, 0.0, 0.0, 0.0, 0.0, 0.023749999999999716, 0.0, 0.0, 0.059375000000001066, 0.0, 0.0, 0.0, 0.0, 0.0, 0.0, 0.0, 0.0, 0.0, 0.0, 0.0, 0.02662968750000072, 0.13893750000000082, 0.0, 0.0, 0.0, 0.0, 0.08312500000000256, 0.0, 0.0, 0.0, 0.0, 0.0, 0.08428281249999969, 0.0, 0.0, 0.0, 0.0, 0.0, 0.0, 0.0, 0.0, 0.0, 0.04749999999999943, 0.0, 0.0, 0.0, 0.0, 0.0, 0.0, 0.0, 0.0, 0.0, 0.0, 0.0, 0.0, 0.0, 0.0, 0.0028514843750000463, 0.17287031249999973, 0.0, 0.14012500000000117, 0.0, 0.0011578124999997996, 0.0, 0.0, 0.0, 0.0, 0.04750000000000121, 0.0, 0.1763437500000009, 0.0, 0.0, 0.0, 0.0, 0.0, 0.0, 0.0, 0.0, 0.0], [0.0, 0.0, 0.0, 0.0, 0.011874999999999969, 0.0, 0.0, 0.0, 0.0, 0.0, 0.0, 0.0, 0.0, 0.0, 0.0, 0.0, 0.006831093749999795, 0.0, 0.0, 0.0, 0.0, 0.0, 0.0, 0.0, 0.0, 0.0, 0.023749999999999716, 0.0, 0.0, 0.059375000000001066, 0.0, 0.0, 0.0, 0.0, 0.0, 0.0, 0.0, 0.0, 0.0, 0.0, 0.0, 0.02662968750000072, 0.13893750000000082, 0.0, 0.0, 0.0, 0.0, 0.0, 0.0, 0.0, 0.0, 0.0, 0.0, 0.08428281249999969, 0.0, 0.0, 0.0, 0.0, 0.0, 0.0, 0.0, 0.0, 0.0, 0.0, 0.0, 0.0, 0.0, 0.0, 0.0, 0.011875000000000746, 0.0, 0.0, 0.0, 0.0, 0.0, 0.0, 0.0, 0.0, 0.0028514843750000463, 0.17287031249999973, 0.0, 0.14012500000000117, 0.0, 0.0011578124999997996, 0.0, 0.0, 0.0, 0.0, 0.04750000000000121, 0.0, 0.0, 0.0, 0.0, 0.0, 0.0, 0.0, 0.023749999999999716, 0.0, 0.0, 0.0], [0.0, 0.0, 0.0, 0.0, 0.0, 0.0, 0.0, 0.0, 0.018673437499998613, 0.0, 0.0, 0.0, 0.0, 0.0, 0.0, 0.0, 0.0, 0.0, 0.0, 0.0, 0.0, 0.0, 0.0, 0.0, 0.0, 0.0, 0.0, 0.0, 0.0, 0.059375000000001066, 0.0, 0.0, 0.0, 0.0, 0.0, 0.0, 0.0, 0.0, 0.0, 0.0, 0.0, 0.02662968750000072, 0.13893750000000082, 0.0, 0.0, 0.0, 0.0, 0.0, 0.0, 0.0, 0.0, 0.0, 0.0, 0.08428281249999969, 0.0, 0.0, 0.0, 0.0, 0.0, 0.0, 0.0, 0.0, 0.0, 0.0, 0.0, 0.0, 0.0, 0.0, 0.0, 0.0, 0.0, 0.0, 0.0, 0.0, 0.0, 0.0, 0.0, 0.0, 3.4814264062499953, 0.17287031249999973, 0.0, 0.0, 0.0, 0.0011578124999997996, 0.0, 0.0, 0.0, 0.0, 0.04750000000000121, 0.0, 0.0, 0.0, 0.0, 0.0, 0.0, 0.0, 0.0, 0.0, 0.0, 0.0]]
**************************************************
