Number of demos
[1, 2, 3, 4, 5, 6, 7, 8, 9, 10, 11, 12, 13, 14, 15, 16, 17, 18, 19, 20, 21, 22, 23, 24, 25, 26, 27, 28, 29, 30, 31, 32, 33, 34, 35, 36, 37, 38, 39, 40, 41, 42, 43, 44, 45, 46, 47, 48, 49, 50]
Average number of unique demos across worlds for each amount of demos
[1.0, 1.0, 1.0, 1.0, 1.0, 1.0, 1.0, 1.0, 1.0, 1.0, 1.0, 1.0, 1.0, 1.0, 1.0, 1.0, 1.0, 1.0, 1.0, 1.0, 1.0, 1.0, 1.0, 1.0, 1.0, 1.0, 1.0, 1.0, 1.0, 1.0, 1.0, 1.0, 1.0, 1.0, 1.0, 1.0, 1.0, 1.0, 1.0, 1.0, 1.0, 1.0, 1.0, 1.0, 1.0, 1.0, 1.0, 1.0, 1.0, 1.0]
Average bound across worlds for each number of demos
[1.6476480022497142, 1.3884525846698295, 1.2200085162280012, 1.1322814786880258, 1.1118125045139062, 1.0259493490821723, 1.0991132594737816, 0.9830225523236894, 0.9479218759417739, 1.000096574436174, 0.9306377478807638, 0.902154392211229, 0.876913620372673, 0.8395633431576279, 0.873290911355481, 0.7634474425349289, 0.831242340089054, 0.7990795846055829, 0.7636524371651776, 0.8803329852976317, 0.8574387257245011, 0.7793045083312163, 0.8076307283045873, 0.7875591212546734, 0.7923460821636948, 0.813868897260541, 0.8030544888519298, 0.8162529587420295, 0.7511216522371755, 0.7421197582323796, 0.7528761350393708, 0.8244714207596793, 0.7688207822644271, 0.7351067264922466, 0.7502921163209043, 0.8207043022936128, 0.739695232377455, 0.7953453297089753, 0.7826450515133027, 0.6947384511863879, 0.7103280072782948, 0.7454082467487387, 0.7079396385673111, 0.7800126368241935, 0.6733545878941225, 0.7200899496980682, 0.7418941184239897, 0.7327455837062633, 0.7029756730856772, 0.7314840978381156]
Average ground-truth nEVD across worlds for each number of demos
[0.3414623451045831, 0.3746989575099342, 0.34173943038426574, 0.3753014684493868, 0.2927734969965488, 0.2933337605510992, 0.34086460205622265, 0.3760231793793372, 0.4217115582544276, 0.34035995872610797, 0.421810628857329, 0.3751210746454252, 0.4226343175346, 0.2939024418640096, 0.3756245005188499, 0.2935492335925881, 0.4233823737142258, 0.42170400621140225, 0.29432935663122795, 0.3758981539341696, 0.2949779319148408, 0.29277854899490136, 0.4215160060831119, 0.2941356745679158, 0.4234894003250626, 0.3422318014716422, 0.42278772569638223, 0.37584239830510824, 0.2955330561737526, 0.34269717610065675, 0.2938766155139146, 0.3422388693833795, 0.42239990049137016, 0.3768850264767699, 0.4209988522502443, 0.3416860156393032, 0.4226791830215605, 0.42260817256265615, 0.37533209469857903, 0.2932248579742767, 0.375249610277996, 0.3756021590286433, 0.29353078198904997, 0.42400983365303124, 0.3418745920076315, 0.2949120048886875, 0.29449103184336933, 0.34013312171480276, 0.2952061736457713, 0.3751010026076917]
Average bound error across worlds for each number of demos
[1.306185657145131, 1.0137536271598955, 0.8782690858437352, 0.756980010238639, 0.8190390075173573, 0.7326155885310732, 0.7582486574175592, 0.6069993729443524, 0.5262103176873463, 0.6597366157100661, 0.5088271190234347, 0.5270333175658037, 0.45427930283807294, 0.5456609012936184, 0.4976664108366312, 0.46989820894234074, 0.407859966374828, 0.37737557839418073, 0.4693230805339497, 0.504434831363462, 0.5624607938096605, 0.4865259593363149, 0.38611472222147547, 0.49342344668675764, 0.36885668183863213, 0.47163709578889873, 0.3802667631555477, 0.4404105604369213, 0.4555885960634229, 0.39942258213172305, 0.4589995195254562, 0.48223255137629983, 0.346420881773057, 0.35822170001547665, 0.32929326407065995, 0.47901828665430973, 0.3170160493558946, 0.3727371571463192, 0.40731295681472346, 0.4015135932121111, 0.3350783970002988, 0.3698060877200953, 0.4144088565782612, 0.35600280317116234, 0.331479995886491, 0.4251779448093808, 0.4474030865806203, 0.39261246199146044, 0.4077694994399059, 0.356383095230424]
Average policy optimality across worlds for each number of demos
[0.7180000000000001, 0.7340000000000001, 0.7160000000000001, 0.7280000000000001, 0.7620000000000001, 0.756, 0.7160000000000001, 0.7180000000000002, 0.6940000000000001, 0.7140000000000001, 0.6940000000000001, 0.728, 0.6940000000000002, 0.758, 0.7180000000000001, 0.7620000000000001, 0.6860000000000002, 0.6980000000000001, 0.7540000000000001, 0.7200000000000001, 0.7540000000000001, 0.7699999999999999, 0.6960000000000002, 0.748, 0.686, 0.7120000000000001, 0.6880000000000001, 0.7260000000000002, 0.7400000000000001, 0.7060000000000001, 0.7560000000000001, 0.7100000000000002, 0.6900000000000002, 0.7160000000000001, 0.6960000000000001, 0.7140000000000001, 0.68, 0.6900000000000002, 0.7240000000000001, 0.764, 0.7300000000000001, 0.7280000000000001, 0.76, 0.6779999999999999, 0.7140000000000002, 0.7460000000000001, 0.7520000000000002, 0.7280000000000001, 0.7460000000000001, 0.7220000000000001]
---------------------
Accuracy of each threshold at point of termination, taken over worlds
{0.01: 0.8333333333333334, 0.02: 0.835820895522388, 0.03: 0.7573770491803279, 0.04: 0.7774647887323943, 0.05: 0.7922077922077922}
**************************************************
