NEW THRESHOLD 2.0
Accuracy
1.0
Confidence
1.0
Bound errors
1.5005400726015943
0.6184534658429506
1.2869141952241478
1.6709530324609245
1.5042531034414497
1.4441537439273175
0.9841373374460891
0.7457566130008777
1.314439030388339
0.6803181479403622
1.5995083209124246
1.6585108414808198
1.3136865926098258
0.005786675118314211
1.5010975447176738
0.6366420004907971
1.6524145854014742
0.37954688282104265
1.3725256136211634
0.8860064248422356
Policy loss bounds
1.6956295142127276
1.7608443494430221
1.2908848100940542
1.828119500481582
1.594941319852588
1.5705893236179556
1.1557722259192156
0.7457566130008777
1.5625775040298728
1.7484982540155944
1.6099165264180235
1.6585108414808198
1.5619764746416291
1.5348466283752094
1.7770667793360002
0.6366420004907971
1.6585871353396104
1.6425668120830077
1.864607820114284
1.229860371964608
True EVDs
0.19508944161113329
1.1423908836000716
0.00397061486990636
0.15716646802065753
0.09068821641113813
0.1264355796906381
0.17163488847312647
0.0
0.24813847364153366
1.0681801060752323
0.010408205505599013
0.0
0.24828988203180338
1.5290599532568951
0.2759692346183264
0.0
0.006172549938136318
1.263019929261965
0.4920822064931205
0.3438539471223724
Num demos
3
1
3
2
2
2
2
4
1
1
2
2
3
1
3
4
1
1
2
2
Percent states
0.12
0.04
0.12
0.08
0.08
0.08
0.08
0.16
0.04
0.04
0.08
0.08
0.12
0.04
0.12
0.16
0.04
0.04
0.08
0.08
Policy accuracies
0.64
0.16
0.88
0.88
0.76
0.68
0.84
1.0
0.68
0.08
0.84
1.0
0.84
0.32
0.84
1.0
0.84
0.28
0.52
0.68
NEW THRESHOLD 1.8
Accuracy
1.0
Confidence
1.0
Bound errors
1.5005400726015943
0.6184534658429506
1.2869141952241478
1.1397572567601395
1.5042531034414497
1.4441537439273175
0.9841373374460891
0.7457566130008777
1.314439030388339
0.6803181479403622
1.5995083209124246
1.6585108414808198
1.3136865926098258
0.005786675118314211
1.5010975447176738
0.6366420004907971
1.6524145854014742
0.37954688282104265
0.1624190987038283
0.8860064248422356
Policy loss bounds
1.6956295142127276
1.7608443494430221
1.2908848100940542
1.3025576417522364
1.594941319852588
1.5705893236179556
1.1557722259192156
0.7457566130008777
1.5625775040298728
1.7484982540155944
1.6099165264180235
1.6585108414808198
1.5619764746416291
1.5348466283752094
1.7770667793360002
0.6366420004907971
1.6585871353396104
1.6425668120830077
1.0091587983335564
1.229860371964608
True EVDs
0.19508944161113329
1.1423908836000716
0.00397061486990636
0.16280038499209692
0.09068821641113813
0.1264355796906381
0.17163488847312647
0.0
0.24813847364153366
1.0681801060752323
0.010408205505599013
0.0
0.24828988203180338
1.5290599532568951
0.2759692346183264
0.0
0.006172549938136318
1.263019929261965
0.8467396996297281
0.3438539471223724
Num demos
3
1
3
3
2
2
2
4
1
1
2
2
3
1
3
4
1
1
3
2
Percent states
0.12
0.04
0.12
0.12
0.08
0.08
0.08
0.16
0.04
0.04
0.08
0.08
0.12
0.04
0.12
0.16
0.04
0.04
0.12
0.08
Policy accuracies
0.64
0.16
0.88
0.84
0.76
0.68
0.84
1.0
0.68
0.08
0.84
1.0
0.84
0.32
0.84
1.0
0.84
0.28
0.6
0.68
NEW THRESHOLD 1.6
Accuracy
1.0
Confidence
1.0
Bound errors
0.2384501976635076
1.119893264651816
1.2869141952241478
1.1397572567601395
1.5042531034414497
1.4441537439273175
0.9841373374460891
0.7457566130008777
1.314439030388339
0.8717577002415062
1.3189446143954922
0.5725983414289572
1.3136865926098258
0.005786675118314211
0.3195774135523834
0.6366420004907971
1.1046409015833294
0.7198291361291889
0.1624190987038283
0.8860064248422356
Policy loss bounds
0.4335396392746409
1.2156941629261429
1.2908848100940542
1.3025576417522364
1.594941319852588
1.5705893236179556
1.1557722259192156
0.7457566130008777
1.5625775040298728
0.8729387141544099
1.329352819901091
0.6947527992752712
1.5619764746416291
1.5348466283752094
0.5955466481707098
0.6366420004907971
1.4455590470541215
1.288660736789272
1.0091587983335564
1.229860371964608
True EVDs
0.19508944161113329
0.09580089827432683
0.00397061486990636
0.16280038499209692
0.09068821641113813
0.1264355796906381
0.17163488847312647
0.0
0.24813847364153366
0.0011810139129036642
0.010408205505599013
0.12215445784631404
0.24828988203180338
1.5290599532568951
0.2759692346183264
0.0
0.3409181454707922
0.5688316006600831
0.8467396996297281
0.3438539471223724
Num demos
4
3
3
3
2
2
2
4
1
3
3
4
3
1
4
4
3
3
3
2
Percent states
0.16
0.12
0.12
0.12
0.08
0.08
0.08
0.16
0.04
0.12
0.12
0.16
0.12
0.04
0.16
0.16
0.12
0.12
0.12
0.08
Policy accuracies
0.64
0.88
0.88
0.84
0.76
0.68
0.84
1.0
0.68
0.92
0.84
0.84
0.84
0.32
0.84
1.0
0.92
0.64
0.6
0.68
NEW THRESHOLD 1.4
Accuracy
1.0
Confidence
1.0
Bound errors
0.2384501976635076
1.119893264651816
1.2869141952241478
1.1397572567601395
1.3578255225839684
0.15710289585266596
0.9841373374460891
0.7457566130008777
0.641928775295079
0.8717577002415062
1.3189446143954922
0.5725983414289572
0.6240024294011248
0.48651229186549183
0.3195774135523834
0.6366420004907971
1.022923697939106
0.7198291361291889
0.1624190987038283
0.8860064248422356
Policy loss bounds
0.4335396392746409
1.2156941629261429
1.2908848100940542
1.3025576417522364
1.3578255225839684
0.6301853253839146
1.1557722259192156
0.7457566130008777
1.340150126727376
0.8729387141544099
1.329352819901091
0.6947527992752712
0.6240024294011248
0.8220299177874895
0.5955466481707098
0.6366420004907971
1.3390948226061559
1.288660736789272
1.0091587983335564
1.229860371964608
True EVDs
0.19508944161113329
0.09580089827432683
0.00397061486990636
0.16280038499209692
0.0
0.4730824295312486
0.17163488847312647
0.0
0.6982213514322971
0.0011810139129036642
0.010408205505599013
0.12215445784631404
0.0
0.33551762592199763
0.2759692346183264
0.0
0.3161711246670498
0.5688316006600831
0.8467396996297281
0.3438539471223724
Num demos
4
3
3
3
4
3
2
4
3
3
3
4
4
3
4
4
4
3
3
2
Percent states
0.16
0.12
0.12
0.12
0.16
0.12
0.08
0.16
0.12
0.12
0.12
0.16
0.16
0.12
0.16
0.16
0.16
0.12
0.12
0.08
Policy accuracies
0.64
0.88
0.88
0.84
1.0
0.72
0.84
1.0
0.52
0.92
0.84
0.84
1.0
0.52
0.84
1.0
0.8
0.64
0.6
0.68
NEW THRESHOLD 1.2
Accuracy
1.0
Confidence
1.0
Bound errors
0.2384501976635076
0.2316212646561471
0.6415732859226894
0.6963959737943143
0.21490570776468665
0.15710289585266596
0.9841373374460891
0.7457566130008777
0.47470910263159577
0.8717577002415062
0.44484684467546814
0.5725983414289572
0.6240024294011248
0.48651229186549183
0.3195774135523834
0.6366420004907971
0.7047055253575406
0.0618571906516826
0.1624190987038283
0.5736669213089631
Policy loss bounds
0.4335396392746409
0.32742216293047394
0.6455439007925957
0.8591963587864112
0.6005579699481111
0.6301853253839146
1.1557722259192156
0.7457566130008777
0.8209767768022654
0.8729387141544099
0.45525505018106716
0.6947527992752712
0.6240024294011248
0.8220299177874895
0.5955466481707098
0.6366420004907971
1.0264577844178
0.6206298618887373
1.0091587983335564
0.9062565800597528
True EVDs
0.19508944161113329
0.09580089827432683
0.00397061486990636
0.16280038499209692
0.3856522621834244
0.4730824295312486
0.17163488847312647
0.0
0.34626767417066967
0.0011810139129036642
0.010408205505599013
0.12215445784631404
0.0
0.33551762592199763
0.2759692346183264
0.0
0.3217522590602594
0.5587726712370547
0.8467396996297281
0.33258965875078966
Num demos
4
4
4
4
5
3
2
4
4
3
4
4
4
3
4
4
9
4
3
4
Percent states
0.16
0.16
0.16
0.16
0.2
0.12
0.08
0.16
0.16
0.12
0.16
0.16
0.16
0.12
0.16
0.16
0.36
0.16
0.12
0.16
Policy accuracies
0.64
0.88
0.88
0.84
0.88
0.72
0.84
1.0
0.64
0.92
0.84
0.84
1.0
0.52
0.84
1.0
0.68
0.68
0.6
0.8
NEW THRESHOLD 1.0
Accuracy
1.0
Confidence
1.0
Bound errors
0.2384501976635076
0.2316212646561471
0.6415732859226894
0.6963959737943143
0.21490570776468665
0.15710289585266596
0.5782310258195417
0.7457566130008777
0.47470910263159577
0.8717577002415062
0.44484684467546814
0.5725983414289572
0.6240024294011248
0.48651229186549183
0.3195774135523834
0.6366420004907971
0.38737835117347563
0.0618571906516826
0.9266431731993159
0.5736669213089631
Policy loss bounds
0.4335396392746409
0.32742216293047394
0.6455439007925957
0.8591963587864112
0.6005579699481111
0.6301853253839146
0.7569148187500719
0.7457566130008777
0.8209767768022654
0.8729387141544099
0.45525505018106716
0.6947527992752712
0.6240024294011248
0.8220299177874895
0.5955466481707098
0.6366420004907971
0.7046688743482726
0.6206298618887373
0.9319769254135724
0.9062565800597528
True EVDs
0.19508944161113329
0.09580089827432683
0.00397061486990636
0.16280038499209692
0.3856522621834244
0.4730824295312486
0.1786837929305303
0.0
0.34626767417066967
0.0011810139129036642
0.010408205505599013
0.12215445784631404
0.0
0.33551762592199763
0.2759692346183264
0.0
0.317290523174797
0.5587726712370547
0.005333752214256417
0.33258965875078966
Num demos
4
4
4
4
5
3
4
4
4
3
4
4
4
3
4
4
10
4
4
4
Percent states
0.16
0.16
0.16
0.16
0.2
0.12
0.16
0.16
0.16
0.12
0.16
0.16
0.16
0.12
0.16
0.16
0.4
0.16
0.16
0.16
Policy accuracies
0.64
0.88
0.88
0.84
0.88
0.72
0.8
1.0
0.64
0.92
0.84
0.84
1.0
0.52
0.84
1.0
0.76
0.68
0.96
0.8
NEW THRESHOLD 0.8
Accuracy
1.0
Confidence
1.0
Bound errors
0.2384501976635076
0.2316212646561471
0.6415732859226894
0.6216066387313091
0.21490570776468665
0.15710289585266596
0.5782310258195417
0.7457566130008777
0.2117472212810529
0.5394623235020393
0.44484684467546814
0.5725983414289572
0.6240024294011248
0.4721391487182861
0.3195774135523834
0.6366420004907971
0.38737835117347563
0.0618571906516826
0.23519995031029417
0.6942897988415623
Policy loss bounds
0.4335396392746409
0.32742216293047394
0.6455439007925957
0.7787731067519666
0.6005579699481111
0.6301853253839146
0.7569148187500719
0.7457566130008777
0.5580148954517226
0.540643337414943
0.45525505018106716
0.6947527992752712
0.6240024294011248
0.5158062370471306
0.5955466481707098
0.6366420004907971
0.7046688743482726
0.6206298618887373
0.27505478138196426
0.7656334160272296
True EVDs
0.19508944161113329
0.09580089827432683
0.00397061486990636
0.15716646802065753
0.3856522621834244
0.4730824295312486
0.1786837929305303
0.0
0.34626767417066967
0.0011810139129036642
0.010408205505599013
0.12215445784631404
0.0
0.04366708832884446
0.2759692346183264
0.0
0.317290523174797
0.5587726712370547
0.03985483107167009
0.07134361718566731
Num demos
4
4
4
5
5
3
4
4
5
5
4
4
4
4
4
4
10
4
7
8
Percent states
0.16
0.16
0.16
0.2
0.2
0.12
0.16
0.16
0.2
0.2
0.16
0.16
0.16
0.16
0.16
0.16
0.4
0.16
0.28
0.32
Policy accuracies
0.64
0.88
0.88
0.88
0.88
0.72
0.8
1.0
0.64
0.92
0.84
0.84
1.0
0.8
0.84
1.0
0.76
0.68
0.84
0.92
NEW THRESHOLD 0.6
Accuracy
0.95
Confidence
1.0
Bound errors
0.2384501976635076
0.2316212646561471
0.3729424952881298
0.44893818663534446
0.548786862931337
-0.07204405813082237
0.41153848680356253
0.2422554705270948
0.2117472212810529
0.5394623235020393
0.44484684467546814
0.19351872072623524
0.18769792234827612
0.4721391487182861
0.3195774135523834
0.2803572807217484
0.440366534454336
0.2695171257749269
0.23519995031029417
0.5026377447316118
Policy loss bounds
0.4335396392746409
0.32742216293047394
0.37929244933703316
0.44893818663534446
0.548786862931337
0.21650479628868663
0.4170718916717933
0.2422554705270948
0.5580148954517226
0.540643337414943
0.45525505018106716
0.3156731785725493
0.4359878043800795
0.5158062370471306
0.5955466481707098
0.2803572807217484
0.4445193629932649
0.3432314085025188
0.27505478138196426
0.5739813619172791
True EVDs
0.19508944161113329
0.09580089827432683
0.006349954048903389
0.0
0.0
0.288548854419509
0.005533404868230789
0.0
0.34626767417066967
0.0011810139129036642
0.010408205505599013
0.12215445784631404
0.24828988203180338
0.04366708832884446
0.2759692346183264
0.0
0.004152828538928904
0.07371428272759187
0.03985483107167009
0.07134361718566731
Num demos
4
4
7
8
6
4
5
5
5
5
4
5
5
4
4
5
12
12
7
10
Percent states
0.16
0.16
0.28
0.32
0.24
0.16
0.2
0.2
0.2
0.2
0.16
0.2
0.2
0.16
0.16
0.2
0.48
0.48
0.28
0.4
Policy accuracies
0.64
0.88
0.84
1.0
1.0
0.84
0.96
1.0
0.64
0.92
0.84
0.84
0.84
0.8
0.84
1.0
0.96
0.92
0.84
0.92
NEW THRESHOLD 0.4
Accuracy
0.9
Confidence
1.0
Bound errors
0.03774131770240932
0.2316212646561471
0.3729424952881298
0.25125912692658875
0.3017774740329532
-0.07204405813082237
0.1625631407658799
0.2422554705270948
0.03391595681746762
0.16481768257963883
0.2571743793959977
0.19351872072623524
0.284299788566004
0.04842925553169972
0.08712626759186398
0.2803572807217484
-0.09584721731954685
0.2695171257749269
0.23519995031029417
0.256244940815616
Policy loss bounds
0.22759200022137205
0.32742216293047394
0.37929244933703316
0.2514706567762491
0.3017774740329532
0.21650479628868663
0.17322346801320843
0.2422554705270948
0.3635987343036091
0.16481768257963883
0.2571743793959977
0.3156731785725493
0.284299788566004
0.09163877726041526
0.3630955022101904
0.2803572807217484
0.2447873477789694
0.3432314085025188
0.27505478138196426
0.32758855800128334
True EVDs
0.18985068251896273
0.09580089827432683
0.006349954048903389
0.00021152984966031036
0.0
0.288548854419509
0.010660327247328502
0.0
0.3296827774861415
0.0
0.0
0.12215445784631404
0.0
0.04320952172871554
0.2759692346183264
0.0
0.34063456509851625
0.07371428272759187
0.03985483107167009
0.07134361718566731
Num demos
9
4
7
12
9
4
6
5
9
9
6
5
12
12
6
5
16
12
7
12
Percent states
0.36
0.16
0.28
0.48
0.36
0.16
0.24
0.2
0.36
0.36
0.24
0.2
0.48
0.48
0.24
0.2
0.64
0.48
0.28
0.48
Policy accuracies
0.72
0.88
0.84
0.96
1.0
0.84
0.92
1.0
0.84
1.0
1.0
0.84
1.0
0.84
0.84
1.0
0.84
0.92
0.84
0.92
NEW THRESHOLD 0.2
Accuracy
0.8
Confidence
1.0
Bound errors
-0.07974480514080547
0.14630392890396815
0.038959348569348844
0.08851461883778643
0.13810383435658993
0.17073466530482473
0.1625631407658799
0.05866014139881099
-0.21134107496364876
0.16481768257963883
-0.0032267552436125307
0.16583243990519286
0.0664879944672229
0.04842925553169972
0.02667252875161015
0.007142239481926843
-0.17615033200488592
0.17222034913910475
0.004083475465712429
0.12154611602324686
Policy loss bounds
0.11010587737815726
0.14630392890396815
0.03950483547807515
0.08872614868744674
0.13810383435658993
0.1716502680437048
0.17322346801320843
0.05866014139881099
0.11834170252249274
0.16481768257963883
0.11122685015521619
0.16583243990519286
0.0664879944672229
0.09163877726041526
0.02667252875161015
0.007142239481926843
0.16476781346590627
0.1722204006532213
0.004083585920311334
0.19288973320891417
True EVDs
0.18985068251896273
0.0
0.000545486908726306
0.00021152984966031036
0.0
0.0009156027388800858
0.010660327247328502
0.0
0.3296827774861415
0.0
0.11445360539882872
0.0
0.0
0.04320952172871554
0.0
0.0
0.3409181454707922
5.1514116546717764e-08
1.1045459890433919e-07
0.07134361718566731
Num demos
11
14
17
13
12
14
6
9
10
9
9
18
16
12
15
7
19
17
15
14
Percent states
0.44
0.56
0.68
0.52
0.48
0.56
0.24
0.36
0.4
0.36
0.36
0.72
0.64
0.48
0.6
0.28
0.76
0.68
0.6
0.56
Policy accuracies
0.72
1.0
0.96
0.96
1.0
0.96
0.92
1.0
0.84
1.0
0.96
1.0
1.0
0.84
1.0
1.0
0.92
1.0
1.0
0.92
NEW THRESHOLD 0.0
Accuracy
Confidence
0.0
Bound errors
Policy loss bounds
True EVDs
Num demos
Percent states
Policy accuracies
**************************************************
