NEW THRESHOLD 2.0
Accuracy
1.0
Confidence
1.0
Bound errors
1.254718571065654
1.1692437324064282
0.8130923407591372
1.4080964004010392
0.22975554339447307
0.42855357867502203
0.9028084004091879
0.7366889661404139
0.883767797835967
0.6402474888753064
1.0903666121945905
1.7594472398926109
1.5908383088272986
0.6579281994900452
1.9381662135719708
0.43183610496553265
1.6390532741603863
1.3843838815425822
0.48995570196555177
0.6622827135938959
Policy loss bounds
1.2636438836897705
1.1774199363137714
0.8146587011972666
1.4080964004010392
0.23865677028200155
0.42881948034658035
0.9034109193509352
0.7631154773087553
0.9050922232156016
0.6402474888753064
1.577242672259199
1.7594472398926109
1.5908383088272986
0.6594503209304603
1.9524416433026828
0.4387817652389314
1.6399458600821821
1.3906350262909222
0.5001454489563419
0.6751984475333871
True EVDs
0.008925312624116498
0.00817620390734324
0.001566360438129463
0.0
0.008901226887528481
0.000265901671558296
0.0006025189417473884
0.026426511168341327
0.02132442537963453
0.0
0.48687606006460854
0.0
0.0
0.0015221214404150724
0.014275429730712014
0.006945660273398793
0.0008925859217958121
0.006251144748340079
0.010189746990790163
0.01291573393949115
Num demos
2
1
1
1
2
2
2
1
2
2
1
1
1
4
1
5
1
1
4
1
Percent states
0.08
0.04
0.04
0.04
0.08
0.08
0.08
0.04
0.08
0.08
0.04
0.04
0.04
0.16
0.04
0.2
0.04
0.04
0.16
0.04
Policy accuracies
0.76
0.84
0.92
1.0
0.84
0.88
0.96
0.88
0.88
1.0
0.36
1.0
1.0
0.92
0.84
0.92
0.96
0.92
0.96
0.8
NEW THRESHOLD 1.8
Accuracy
1.0
Confidence
1.0
Bound errors
1.254718571065654
1.1692437324064282
0.8130923407591372
1.4080964004010392
0.22975554339447307
0.42855357867502203
0.9028084004091879
0.7366889661404139
0.883767797835967
0.6402474888753064
1.0903666121945905
1.7594472398926109
1.5908383088272986
0.6579281994900452
1.3444878100324413
0.43183610496553265
1.6390532741603863
1.3843838815425822
0.48995570196555177
0.6622827135938959
Policy loss bounds
1.2636438836897705
1.1774199363137714
0.8146587011972666
1.4080964004010392
0.23865677028200155
0.42881948034658035
0.9034109193509352
0.7631154773087553
0.9050922232156016
0.6402474888753064
1.577242672259199
1.7594472398926109
1.5908383088272986
0.6594503209304603
1.356083345756126
0.4387817652389314
1.6399458600821821
1.3906350262909222
0.5001454489563419
0.6751984475333871
True EVDs
0.008925312624116498
0.00817620390734324
0.001566360438129463
0.0
0.008901226887528481
0.000265901671558296
0.0006025189417473884
0.026426511168341327
0.02132442537963453
0.0
0.48687606006460854
0.0
0.0
0.0015221214404150724
0.011595535723684752
0.006945660273398793
0.0008925859217958121
0.006251144748340079
0.010189746990790163
0.01291573393949115
Num demos
2
1
1
1
2
2
2
1
2
2
1
1
1
4
2
5
1
1
4
1
Percent states
0.08
0.04
0.04
0.04
0.08
0.08
0.08
0.04
0.08
0.08
0.04
0.04
0.04
0.16
0.08
0.2
0.04
0.04
0.16
0.04
Policy accuracies
0.76
0.84
0.92
1.0
0.84
0.88
0.96
0.88
0.88
1.0
0.36
1.0
1.0
0.92
0.88
0.92
0.96
0.92
0.96
0.8
NEW THRESHOLD 1.6
Accuracy
1.0
Confidence
1.0
Bound errors
1.254718571065654
1.1692437324064282
0.8130923407591372
1.4080964004010392
0.22975554339447307
0.42855357867502203
0.9028084004091879
0.7366889661404139
0.883767797835967
0.6402474888753064
1.0903666121945905
0.03600756406248487
1.5908383088272986
0.6579281994900452
1.3444878100324413
0.43183610496553265
0.1924306587162084
1.3843838815425822
0.48995570196555177
0.6622827135938959
Policy loss bounds
1.2636438836897705
1.1774199363137714
0.8146587011972666
1.4080964004010392
0.23865677028200155
0.42881948034658035
0.9034109193509352
0.7631154773087553
0.9050922232156016
0.6402474888753064
1.577242672259199
0.03866840572303711
1.5908383088272986
0.6594503209304603
1.356083345756126
0.4387817652389314
0.19465441930697297
1.3906350262909222
0.5001454489563419
0.6751984475333871
True EVDs
0.008925312624116498
0.00817620390734324
0.001566360438129463
0.0
0.008901226887528481
0.000265901671558296
0.0006025189417473884
0.026426511168341327
0.02132442537963453
0.0
0.48687606006460854
0.0026608416605522433
0.0
0.0015221214404150724
0.011595535723684752
0.006945660273398793
0.002223760590764556
0.006251144748340079
0.010189746990790163
0.01291573393949115
Num demos
2
1
1
1
2
2
2
1
2
2
1
3
1
4
2
5
2
1
4
1
Percent states
0.08
0.04
0.04
0.04
0.08
0.08
0.08
0.04
0.08
0.08
0.04
0.12
0.04
0.16
0.08
0.2
0.08
0.04
0.16
0.04
Policy accuracies
0.76
0.84
0.92
1.0
0.84
0.88
0.96
0.88
0.88
1.0
0.36
0.92
1.0
0.92
0.88
0.92
0.92
0.92
0.96
0.8
NEW THRESHOLD 1.4
Accuracy
1.0
Confidence
1.0
Bound errors
1.254718571065654
1.1692437324064282
0.8130923407591372
0.5476898037041977
0.22975554339447307
0.42855357867502203
0.9028084004091879
0.7366889661404139
0.883767797835967
0.6402474888753064
0.8368032589412372
0.03600756406248487
0.3586614322388979
0.6579281994900452
1.3444878100324413
0.43183610496553265
0.1924306587162084
1.3843838815425822
0.48995570196555177
0.6622827135938959
Policy loss bounds
1.2636438836897705
1.1774199363137714
0.8146587011972666
0.5496158184157273
0.23865677028200155
0.42881948034658035
0.9034109193509352
0.7631154773087553
0.9050922232156016
0.6402474888753064
0.8368032589412372
0.03866840572303711
0.3586614322388979
0.6594503209304603
1.356083345756126
0.4387817652389314
0.19465441930697297
1.3906350262909222
0.5001454489563419
0.6751984475333871
True EVDs
0.008925312624116498
0.00817620390734324
0.001566360438129463
0.0019260147115295059
0.008901226887528481
0.000265901671558296
0.0006025189417473884
0.026426511168341327
0.02132442537963453
0.0
0.0
0.0026608416605522433
0.0
0.0015221214404150724
0.011595535723684752
0.006945660273398793
0.002223760590764556
0.006251144748340079
0.010189746990790163
0.01291573393949115
Num demos
2
1
1
2
2
2
2
1
2
2
5
3
4
4
2
5
2
1
4
1
Percent states
0.08
0.04
0.04
0.08
0.08
0.08
0.08
0.04
0.08
0.08
0.2
0.12
0.16
0.16
0.08
0.2
0.08
0.04
0.16
0.04
Policy accuracies
0.76
0.84
0.92
0.96
0.84
0.88
0.96
0.88
0.88
1.0
1.0
0.92
1.0
0.92
0.88
0.92
0.92
0.92
0.96
0.8
NEW THRESHOLD 1.2
Accuracy
1.0
Confidence
1.0
Bound errors
0.2856090919910237
1.1692437324064282
0.8130923407591372
0.5476898037041977
0.22975554339447307
0.42855357867502203
0.9028084004091879
0.7366889661404139
0.883767797835967
0.6402474888753064
0.8368032589412372
0.03600756406248487
0.3586614322388979
0.6579281994900452
0.38168351435096265
0.43183610496553265
0.1924306587162084
0.6274992163162556
0.48995570196555177
0.6622827135938959
Policy loss bounds
0.2945344046151402
1.1774199363137714
0.8146587011972666
0.5496158184157273
0.23865677028200155
0.42881948034658035
0.9034109193509352
0.7631154773087553
0.9050922232156016
0.6402474888753064
0.8368032589412372
0.03866840572303711
0.3586614322388979
0.6594503209304603
0.3932790500746474
0.4387817652389314
0.19465441930697297
0.6337503610645957
0.5001454489563419
0.6751984475333871
True EVDs
0.008925312624116498
0.00817620390734324
0.001566360438129463
0.0019260147115295059
0.008901226887528481
0.000265901671558296
0.0006025189417473884
0.026426511168341327
0.02132442537963453
0.0
0.0
0.0026608416605522433
0.0
0.0015221214404150724
0.011595535723684752
0.006945660273398793
0.002223760590764556
0.006251144748340079
0.010189746990790163
0.01291573393949115
Num demos
3
1
1
2
2
2
2
1
2
2
5
3
4
4
3
5
2
2
4
1
Percent states
0.12
0.04
0.04
0.08
0.08
0.08
0.08
0.04
0.08
0.08
0.2
0.12
0.16
0.16
0.12
0.2
0.08
0.08
0.16
0.04
Policy accuracies
0.76
0.84
0.92
0.96
0.84
0.88
0.96
0.88
0.88
1.0
1.0
0.92
1.0
0.92
0.88
0.92
0.92
0.92
0.96
0.8
NEW THRESHOLD 1.0
Accuracy
1.0
Confidence
1.0
Bound errors
0.2856090919910237
0.0837414631140443
0.8130923407591372
0.5476898037041977
0.22975554339447307
0.42855357867502203
0.9028084004091879
0.7366889661404139
0.883767797835967
0.6402474888753064
0.8368032589412372
0.03600756406248487
0.3586614322388979
0.6579281994900452
0.38168351435096265
0.43183610496553265
0.1924306587162084
0.6274992163162556
0.48995570196555177
0.6622827135938959
Policy loss bounds
0.2945344046151402
0.09191766702138754
0.8146587011972666
0.5496158184157273
0.23865677028200155
0.42881948034658035
0.9034109193509352
0.7631154773087553
0.9050922232156016
0.6402474888753064
0.8368032589412372
0.03866840572303711
0.3586614322388979
0.6594503209304603
0.3932790500746474
0.4387817652389314
0.19465441930697297
0.6337503610645957
0.5001454489563419
0.6751984475333871
True EVDs
0.008925312624116498
0.00817620390734324
0.001566360438129463
0.0019260147115295059
0.008901226887528481
0.000265901671558296
0.0006025189417473884
0.026426511168341327
0.02132442537963453
0.0
0.0
0.0026608416605522433
0.0
0.0015221214404150724
0.011595535723684752
0.006945660273398793
0.002223760590764556
0.006251144748340079
0.010189746990790163
0.01291573393949115
Num demos
3
2
1
2
2
2
2
1
2
2
5
3
4
4
3
5
2
2
4
1
Percent states
0.12
0.08
0.04
0.08
0.08
0.08
0.08
0.04
0.08
0.08
0.2
0.12
0.16
0.16
0.12
0.2
0.08
0.08
0.16
0.04
Policy accuracies
0.76
0.84
0.92
0.96
0.84
0.88
0.96
0.88
0.88
1.0
1.0
0.92
1.0
0.92
0.88
0.92
0.92
0.92
0.96
0.8
NEW THRESHOLD 0.8
Accuracy
0.95
Confidence
1.0
Bound errors
0.2856090919910237
0.0837414631140443
0.539478659076045
0.5476898037041977
0.22975554339447307
0.42855357867502203
0.22757260406928537
0.7366889661404139
-0.0023677812938591655
0.6402474888753064
0.023623091890473874
0.03600756406248487
0.3586614322388979
0.6579281994900452
0.38168351435096265
0.43183610496553265
0.1924306587162084
0.6274992163162556
0.48995570196555177
0.6622827135938959
Policy loss bounds
0.2945344046151402
0.09191766702138754
0.5410450195141744
0.5496158184157273
0.23865677028200155
0.42881948034658035
0.22757260406928537
0.7631154773087553
0.018956644085775364
0.6402474888753064
0.023623091890473874
0.03866840572303711
0.3586614322388979
0.6594503209304603
0.3932790500746474
0.4387817652389314
0.19465441930697297
0.6337503610645957
0.5001454489563419
0.6751984475333871
True EVDs
0.008925312624116498
0.00817620390734324
0.001566360438129463
0.0019260147115295059
0.008901226887528481
0.000265901671558296
0.0
0.026426511168341327
0.02132442537963453
0.0
0.0
0.0026608416605522433
0.0
0.0015221214404150724
0.011595535723684752
0.006945660273398793
0.002223760590764556
0.006251144748340079
0.010189746990790163
0.01291573393949115
Num demos
3
2
2
2
2
2
4
1
4
2
6
3
4
4
3
5
2
2
4
1
Percent states
0.12
0.08
0.08
0.08
0.08
0.08
0.16
0.04
0.16
0.08
0.24
0.12
0.16
0.16
0.12
0.2
0.08
0.08
0.16
0.04
Policy accuracies
0.76
0.84
0.92
0.96
0.84
0.88
1.0
0.88
0.88
1.0
1.0
0.92
1.0
0.92
0.88
0.92
0.92
0.92
0.96
0.8
NEW THRESHOLD 0.6
Accuracy
0.95
Confidence
1.0
Bound errors
0.2856090919910237
0.0837414631140443
0.539478659076045
0.5476898037041977
0.22975554339447307
0.42855357867502203
0.22757260406928537
0.5122504341539632
-0.0023677812938591655
0.11079433041513802
0.023623091890473874
0.03600756406248487
0.3586614322388979
0.016373822166672426
0.38168351435096265
0.43183610496553265
0.1924306587162084
0.007573071920328939
0.48995570196555177
0.1780327414785169
Policy loss bounds
0.2945344046151402
0.09191766702138754
0.5410450195141744
0.5496158184157273
0.23865677028200155
0.42881948034658035
0.22757260406928537
0.5122504341539632
0.018956644085775364
0.1116642863061696
0.023623091890473874
0.03866840572303711
0.3586614322388979
0.0178959436070875
0.3932790500746474
0.4387817652389314
0.19465441930697297
0.013824216668669018
0.5001454489563419
0.183504786147489
True EVDs
0.008925312624116498
0.00817620390734324
0.001566360438129463
0.0019260147115295059
0.008901226887528481
0.000265901671558296
0.0
0.0
0.02132442537963453
0.0008699558910315918
0.0
0.0026608416605522433
0.0
0.0015221214404150724
0.011595535723684752
0.006945660273398793
0.002223760590764556
0.006251144748340079
0.010189746990790163
0.005472044668972108
Num demos
3
2
2
2
2
2
4
3
4
3
6
3
4
6
3
5
2
3
4
2
Percent states
0.12
0.08
0.08
0.08
0.08
0.08
0.16
0.12
0.16
0.12
0.24
0.12
0.16
0.24
0.12
0.2
0.08
0.12
0.16
0.08
Policy accuracies
0.76
0.84
0.92
0.96
0.84
0.88
1.0
1.0
0.88
0.88
1.0
0.92
1.0
0.92
0.88
0.92
0.92
0.92
0.96
0.88
NEW THRESHOLD 0.4
Accuracy
0.95
Confidence
1.0
Bound errors
0.2856090919910237
0.0837414631140443
0.008507309935323495
0.001954572132386448
0.22975554339447307
0.03791313716932835
0.22757260406928537
0.1626947416537514
-0.0023677812938591655
0.11079433041513802
0.023623091890473874
0.03600756406248487
0.3586614322388979
0.016373822166672426
0.38168351435096265
0.05753595857214126
0.1924306587162084
0.007573071920328939
0.3692654762717303
0.1780327414785169
Policy loss bounds
0.2945344046151402
0.09191766702138754
0.010073670373452958
0.003880586843915954
0.23865677028200155
0.0395073487073012
0.22757260406928537
0.1626947416537514
0.018956644085775364
0.1116642863061696
0.023623091890473874
0.03866840572303711
0.3586614322388979
0.0178959436070875
0.3932790500746474
0.06441694101528418
0.19465441930697297
0.013824216668669018
0.37945522326252046
0.183504786147489
True EVDs
0.008925312624116498
0.00817620390734324
0.001566360438129463
0.0019260147115295059
0.008901226887528481
0.00159421153797285
0.0
0.0
0.02132442537963453
0.0008699558910315918
0.0
0.0026608416605522433
0.0
0.0015221214404150724
0.011595535723684752
0.006880982443142919
0.002223760590764556
0.006251144748340079
0.010189746990790163
0.005472044668972108
Num demos
3
2
4
5
2
3
4
4
4
3
6
3
4
6
3
8
2
3
5
2
Percent states
0.12
0.08
0.16
0.2
0.08
0.12
0.16
0.16
0.16
0.12
0.24
0.12
0.16
0.24
0.12
0.32
0.08
0.12
0.2
0.08
Policy accuracies
0.76
0.84
0.92
0.96
0.84
0.88
1.0
1.0
0.88
0.88
1.0
0.92
1.0
0.92
0.88
0.96
0.92
0.92
0.96
0.88
NEW THRESHOLD 0.2
Accuracy
0.95
Confidence
1.0
Bound errors
0.02183867184956471
0.0837414631140443
0.008507309935323495
0.001954572132386448
0.001534451615307402
0.03791313716932835
0.09522112491115907
0.1626947416537514
-0.0023677812938591655
0.11079433041513802
0.023623091890473874
0.03600756406248487
5.325200355133994e-06
0.016373822166672426
0.1425248300824397
0.05753595857214126
0.1924306587162084
0.007573071920328939
0.003484531224348532
0.1780327414785169
Policy loss bounds
0.02183867184956471
0.09191766702138754
0.010073670373452958
0.003880586843915954
0.001534451615307402
0.0395073487073012
0.09522112491115907
0.1626947416537514
0.018956644085775364
0.1116642863061696
0.023623091890473874
0.03866840572303711
0.004215934547308551
0.0178959436070875
0.1425248300824397
0.06441694101528418
0.19465441930697297
0.013824216668669018
0.013674278215138695
0.183504786147489
True EVDs
0.0
0.00817620390734324
0.001566360438129463
0.0019260147115295059
0.0
0.00159421153797285
0.0
0.0
0.02132442537963453
0.0008699558910315918
0.0
0.0026608416605522433
0.004210609346953417
0.0015221214404150724
0.0
0.006880982443142919
0.002223760590764556
0.006251144748340079
0.010189746990790163
0.005472044668972108
Num demos
5
2
4
5
5
3
5
4
4
3
6
3
6
6
5
8
2
3
7
2
Percent states
0.2
0.08
0.16
0.2
0.2
0.12
0.2
0.16
0.16
0.12
0.24
0.12
0.24
0.24
0.2
0.32
0.08
0.12
0.28
0.08
Policy accuracies
1.0
0.84
0.92
0.96
1.0
0.88
1.0
1.0
0.88
0.88
1.0
0.92
0.96
0.92
1.0
0.96
0.92
0.92
0.96
0.88
NEW THRESHOLD 0.0
Accuracy
Confidence
0.0
Bound errors
Policy loss bounds
True EVDs
Num demos
Percent states
Policy accuracies
**************************************************
