Accuracy
0.95
Bound errors
1.254718571065654
0.006635072085354745
0.154951546183483
0.007524515343972145
0.917319121363149
0.058670183035665326
0.5050193135753512
-0.1103569697912361
0.8605274939906413
1.4811945811902116
3.1739576342719116
0.013899634368678377
2.673916928161072
0.0033135484461777154
2.045562741853175
0.352671973524253
0.3958893531688285
0.013082226051286235
1.5290905788174771
0.011968303548739598
Policy loss bounds
1.2636438836897705
0.006635072085354745
0.15651790662161247
0.007524515343972145
0.9262203482506774
0.06026439457363818
0.5050193135753512
4.339090117637739
0.8818519193702758
1.4900326187217643
3.1739576342719116
0.013899634368678377
2.8688419607443874
0.0033135484461777154
2.05715827757686
0.35961763379765177
0.3967819390906243
0.015904393669509548
1.5392803258082672
0.026503963314885456
True EVDs
0.008925312624116498
0.0
0.001566360438129463
0.0
0.008901226887528481
0.00159421153797285
0.0
4.449447087428975
0.02132442537963453
0.008838037531552718
0.0
0.0
0.19492503258331523
0.0
0.011595535723684752
0.006945660273398793
0.0008925859217958121
0.0028221676182233137
0.010189746990790163
0.014535659766145858
Num demos
2
6
2
4
2
3
5
2
2
2
3
7
3
7
2
3
2
3
4
8
Percent states
0.08
0.24
0.08
0.16
0.08
0.12
0.2
0.08
0.08
0.08
0.12
0.28
0.12
0.28
0.08
0.12
0.08
0.12
0.16
0.32
Policy accuracies
0.76
1.0
0.92
1.0
0.84
0.88
1.0
0.28
0.88
0.88
1.0
1.0
0.52
1.0
0.88
0.92
0.96
0.96
0.96
0.76
**************************************************
