Accuracy
0.85
Bound errors
0.2384501976635076
0.12773324180473458
1.1611508602784153
0.7803079305198747
0.9861222656327909
1.29393715310834
2.7965620537538363
1.2454334827328457
0.3231183944450742
0.36160641443348673
1.861273290703233
-0.014774691434353837
2.0297016471769345
2.694664871841951
1.0657953925528494
0.7250441885031559
0.521094447632116
0.6393610703143382
Policy loss bounds
0.4335396392746409
0.22353414007906142
1.1675008143273187
0.9431083155119716
0.9861222656327909
1.4655720415814664
2.7965620537538363
1.2457781911686745
0.3280002006615541
0.5882157317981157
1.8623019732352362
1.5133701286222836
2.580229069594567
2.694664871841951
1.3819665172198992
0.7366998249042734
0.9888164756439625
0.7107046875000055
True EVDs
0.19508944161113329
0.09580089827432683
0.006349954048903389
0.16280038499209692
0.0
0.17163488847312647
0.0
0.0003447084358287449
0.0048818062164799276
0.22660931736462897
0.00102868253200319
1.5281448200566374
0.5505274224176324
0.0
0.3161711246670498
0.01165563640111753
0.4677220280118464
0.07134361718566731
Num demos
4
6
6
5
5
2
3
3
7
12
3
2
2
2
4
9
5
6
Percent states
0.16
0.24
0.24
0.2
0.2
0.08
0.12
0.12
0.28
0.48
0.12
0.08
0.08
0.08
0.16
0.36
0.2
0.24
Policy accuracies
0.64
0.88
0.84
0.84
1.0
0.84
1.0
0.96
0.92
0.84
0.96
0.36
0.64
1.0
0.8
0.88
0.64
0.92
**************************************************
