NEW THRESHOLD 2.0
Accuracy
1.0
Confidence
1.0
Bound errors
1.0632451538200614
1.207074342473154
1.6928803286527512
0.9208042370446083
1.1297611200895232
1.3614868630295558
0.9194124495114532
1.0459751691617025
0.617634343397756
0.946199514921251
1.1323183960493874
0.5888486541635909
1.1372223493511016
1.3944614867838119
0.9199367249539245
1.0459691102077089
0.8905246827991494
1.1149681011508847
0.6059764656494039
0.6684301340876461
WFCBs
1.0741770240702884
1.2079285729733658
1.708340474007827
0.9208042370446083
1.1317089386448538
1.369005408994912
0.9207951341011127
1.0459751691617025
0.6249154830570254
0.9465442233570798
1.1372002022658674
0.5888486541635909
1.1372223493511016
1.3944615687174695
0.9207951341011127
1.0459691102077089
0.8922196387062968
1.114972360067913
0.6381029843797081
0.6684301709091037
True EVDs
0.010931870250227025
0.0008542305002117517
0.015460145355075889
0.0
0.0019478185553305411
0.007518545965356178
0.001382684589659535
0.0
0.007281139659269404
0.0003447084358287449
0.0048818062164799276
0.0
0.0
8.19336577392141e-08
0.0008584091471881053
0.0
0.0016949559071474329
4.2589170282095775e-06
0.03212651873030425
3.682145771572687e-08
Num demos
1
1
1
1
1
1
1
1
1
1
1
1
1
1
1
1
1
1
1
1
Percent states
0.04
0.04
0.04
0.04
0.04
0.04
0.04
0.04
0.04
0.04
0.04
0.04
0.04
0.04
0.04
0.04
0.04
0.04
0.04
0.04
Policy accuracies
0.84
0.96
0.76
1.0
0.92
0.8
0.92
1.0
0.88
0.96
0.92
1.0
1.0
1.0
0.96
1.0
0.92
0.96
0.72
1.0
NEW THRESHOLD 1.9
Accuracy
1.0
Confidence
1.0
Bound errors
1.0632451538200614
1.207074342473154
1.6928803286527512
0.9208042370446083
1.1297611200895232
1.3614868630295558
0.9194124495114532
1.0459751691617025
0.617634343397756
0.946199514921251
1.1323183960493874
0.5888486541635909
1.1372223493511016
1.3944614867838119
0.9199367249539245
1.0459691102077089
0.8905246827991494
1.1149681011508847
0.6059764656494039
0.6684301340876461
WFCBs
1.0741770240702884
1.2079285729733658
1.708340474007827
0.9208042370446083
1.1317089386448538
1.369005408994912
0.9207951341011127
1.0459751691617025
0.6249154830570254
0.9465442233570798
1.1372002022658674
0.5888486541635909
1.1372223493511016
1.3944615687174695
0.9207951341011127
1.0459691102077089
0.8922196387062968
1.114972360067913
0.6381029843797081
0.6684301709091037
True EVDs
0.010931870250227025
0.0008542305002117517
0.015460145355075889
0.0
0.0019478185553305411
0.007518545965356178
0.001382684589659535
0.0
0.007281139659269404
0.0003447084358287449
0.0048818062164799276
0.0
0.0
8.19336577392141e-08
0.0008584091471881053
0.0
0.0016949559071474329
4.2589170282095775e-06
0.03212651873030425
3.682145771572687e-08
Num demos
1
1
1
1
1
1
1
1
1
1
1
1
1
1
1
1
1
1
1
1
Percent states
0.04
0.04
0.04
0.04
0.04
0.04
0.04
0.04
0.04
0.04
0.04
0.04
0.04
0.04
0.04
0.04
0.04
0.04
0.04
0.04
Policy accuracies
0.84
0.96
0.76
1.0
0.92
0.8
0.92
1.0
0.88
0.96
0.92
1.0
1.0
1.0
0.96
1.0
0.92
0.96
0.72
1.0
NEW THRESHOLD 1.7999999999999998
Accuracy
1.0
Confidence
1.0
Bound errors
1.0632451538200614
1.207074342473154
1.6928803286527512
0.9208042370446083
1.1297611200895232
1.3614868630295558
0.9194124495114532
1.0459751691617025
0.617634343397756
0.946199514921251
1.1323183960493874
0.5888486541635909
1.1372223493511016
1.3944614867838119
0.9199367249539245
1.0459691102077089
0.8905246827991494
1.1149681011508847
0.6059764656494039
0.6684301340876461
WFCBs
1.0741770240702884
1.2079285729733658
1.708340474007827
0.9208042370446083
1.1317089386448538
1.369005408994912
0.9207951341011127
1.0459751691617025
0.6249154830570254
0.9465442233570798
1.1372002022658674
0.5888486541635909
1.1372223493511016
1.3944615687174695
0.9207951341011127
1.0459691102077089
0.8922196387062968
1.114972360067913
0.6381029843797081
0.6684301709091037
True EVDs
0.010931870250227025
0.0008542305002117517
0.015460145355075889
0.0
0.0019478185553305411
0.007518545965356178
0.001382684589659535
0.0
0.007281139659269404
0.0003447084358287449
0.0048818062164799276
0.0
0.0
8.19336577392141e-08
0.0008584091471881053
0.0
0.0016949559071474329
4.2589170282095775e-06
0.03212651873030425
3.682145771572687e-08
Num demos
1
1
1
1
1
1
1
1
1
1
1
1
1
1
1
1
1
1
1
1
Percent states
0.04
0.04
0.04
0.04
0.04
0.04
0.04
0.04
0.04
0.04
0.04
0.04
0.04
0.04
0.04
0.04
0.04
0.04
0.04
0.04
Policy accuracies
0.84
0.96
0.76
1.0
0.92
0.8
0.92
1.0
0.88
0.96
0.92
1.0
1.0
1.0
0.96
1.0
0.92
0.96
0.72
1.0
NEW THRESHOLD 1.6999999999999997
Accuracy
1.0
Confidence
1.0
Bound errors
1.0632451538200614
1.207074342473154
1.6478398635089915
0.9208042370446083
1.1297611200895232
1.3614868630295558
0.9194124495114532
1.0459751691617025
0.617634343397756
0.946199514921251
1.1323183960493874
0.5888486541635909
1.1372223493511016
1.3944614867838119
0.9199367249539245
1.0459691102077089
0.8905246827991494
1.1149681011508847
0.6059764656494039
0.6684301340876461
WFCBs
1.0741770240702884
1.2079285729733658
1.6483853504177177
0.9208042370446083
1.1317089386448538
1.369005408994912
0.9207951341011127
1.0459751691617025
0.6249154830570254
0.9465442233570798
1.1372002022658674
0.5888486541635909
1.1372223493511016
1.3944615687174695
0.9207951341011127
1.0459691102077089
0.8922196387062968
1.114972360067913
0.6381029843797081
0.6684301709091037
True EVDs
0.010931870250227025
0.0008542305002117517
0.000545486908726306
0.0
0.0019478185553305411
0.007518545965356178
0.001382684589659535
0.0
0.007281139659269404
0.0003447084358287449
0.0048818062164799276
0.0
0.0
8.19336577392141e-08
0.0008584091471881053
0.0
0.0016949559071474329
4.2589170282095775e-06
0.03212651873030425
3.682145771572687e-08
Num demos
1
1
3
1
1
1
1
1
1
1
1
1
1
1
1
1
1
1
1
1
Percent states
0.04
0.04
0.12
0.04
0.04
0.04
0.04
0.04
0.04
0.04
0.04
0.04
0.04
0.04
0.04
0.04
0.04
0.04
0.04
0.04
Policy accuracies
0.84
0.96
0.96
1.0
0.92
0.8
0.92
1.0
0.88
0.96
0.92
1.0
1.0
1.0
0.96
1.0
0.92
0.96
0.72
1.0
NEW THRESHOLD 1.5999999999999996
Accuracy
1.0
Confidence
1.0
Bound errors
1.0632451538200614
1.207074342473154
1.3979636426364674
0.9208042370446083
1.1297611200895232
1.3614868630295558
0.9194124495114532
1.0459751691617025
0.617634343397756
0.946199514921251
1.1323183960493874
0.5888486541635909
1.1372223493511016
1.3944614867838119
0.9199367249539245
1.0459691102077089
0.8905246827991494
1.1149681011508847
0.6059764656494039
0.6684301340876461
WFCBs
1.0741770240702884
1.2079285729733658
1.3979636426364674
0.9208042370446083
1.1317089386448538
1.369005408994912
0.9207951341011127
1.0459751691617025
0.6249154830570254
0.9465442233570798
1.1372002022658674
0.5888486541635909
1.1372223493511016
1.3944615687174695
0.9207951341011127
1.0459691102077089
0.8922196387062968
1.114972360067913
0.6381029843797081
0.6684301709091037
True EVDs
0.010931870250227025
0.0008542305002117517
0.0
0.0
0.0019478185553305411
0.007518545965356178
0.001382684589659535
0.0
0.007281139659269404
0.0003447084358287449
0.0048818062164799276
0.0
0.0
8.19336577392141e-08
0.0008584091471881053
0.0
0.0016949559071474329
4.2589170282095775e-06
0.03212651873030425
3.682145771572687e-08
Num demos
1
1
4
1
1
1
1
1
1
1
1
1
1
1
1
1
1
1
1
1
Percent states
0.04
0.04
0.16
0.04
0.04
0.04
0.04
0.04
0.04
0.04
0.04
0.04
0.04
0.04
0.04
0.04
0.04
0.04
0.04
0.04
Policy accuracies
0.84
0.96
1.0
1.0
0.92
0.8
0.92
1.0
0.88
0.96
0.92
1.0
1.0
1.0
0.96
1.0
0.92
0.96
0.72
1.0
NEW THRESHOLD 1.4999999999999996
Accuracy
1.0
Confidence
1.0
Bound errors
1.0632451538200614
1.207074342473154
1.3979636426364674
0.9208042370446083
1.1297611200895232
1.3614868630295558
0.9194124495114532
1.0459751691617025
0.617634343397756
0.946199514921251
1.1323183960493874
0.5888486541635909
1.1372223493511016
1.3944614867838119
0.9199367249539245
1.0459691102077089
0.8905246827991494
1.1149681011508847
0.6059764656494039
0.6684301340876461
WFCBs
1.0741770240702884
1.2079285729733658
1.3979636426364674
0.9208042370446083
1.1317089386448538
1.369005408994912
0.9207951341011127
1.0459751691617025
0.6249154830570254
0.9465442233570798
1.1372002022658674
0.5888486541635909
1.1372223493511016
1.3944615687174695
0.9207951341011127
1.0459691102077089
0.8922196387062968
1.114972360067913
0.6381029843797081
0.6684301709091037
True EVDs
0.010931870250227025
0.0008542305002117517
0.0
0.0
0.0019478185553305411
0.007518545965356178
0.001382684589659535
0.0
0.007281139659269404
0.0003447084358287449
0.0048818062164799276
0.0
0.0
8.19336577392141e-08
0.0008584091471881053
0.0
0.0016949559071474329
4.2589170282095775e-06
0.03212651873030425
3.682145771572687e-08
Num demos
1
1
4
1
1
1
1
1
1
1
1
1
1
1
1
1
1
1
1
1
Percent states
0.04
0.04
0.16
0.04
0.04
0.04
0.04
0.04
0.04
0.04
0.04
0.04
0.04
0.04
0.04
0.04
0.04
0.04
0.04
0.04
Policy accuracies
0.84
0.96
1.0
1.0
0.92
0.8
0.92
1.0
0.88
0.96
0.92
1.0
1.0
1.0
0.96
1.0
0.92
0.96
0.72
1.0
NEW THRESHOLD 1.3999999999999995
Accuracy
1.0
Confidence
1.0
Bound errors
1.0632451538200614
1.207074342473154
1.3979636426364674
0.9208042370446083
1.1297611200895232
1.3614868630295558
0.9194124495114532
1.0459751691617025
0.617634343397756
0.946199514921251
1.1323183960493874
0.5888486541635909
1.1372223493511016
1.3944614867838119
0.9199367249539245
1.0459691102077089
0.8905246827991494
1.1149681011508847
0.6059764656494039
0.6684301340876461
WFCBs
1.0741770240702884
1.2079285729733658
1.3979636426364674
0.9208042370446083
1.1317089386448538
1.369005408994912
0.9207951341011127
1.0459751691617025
0.6249154830570254
0.9465442233570798
1.1372002022658674
0.5888486541635909
1.1372223493511016
1.3944615687174695
0.9207951341011127
1.0459691102077089
0.8922196387062968
1.114972360067913
0.6381029843797081
0.6684301709091037
True EVDs
0.010931870250227025
0.0008542305002117517
0.0
0.0
0.0019478185553305411
0.007518545965356178
0.001382684589659535
0.0
0.007281139659269404
0.0003447084358287449
0.0048818062164799276
0.0
0.0
8.19336577392141e-08
0.0008584091471881053
0.0
0.0016949559071474329
4.2589170282095775e-06
0.03212651873030425
3.682145771572687e-08
Num demos
1
1
4
1
1
1
1
1
1
1
1
1
1
1
1
1
1
1
1
1
Percent states
0.04
0.04
0.16
0.04
0.04
0.04
0.04
0.04
0.04
0.04
0.04
0.04
0.04
0.04
0.04
0.04
0.04
0.04
0.04
0.04
Policy accuracies
0.84
0.96
1.0
1.0
0.92
0.8
0.92
1.0
0.88
0.96
0.92
1.0
1.0
1.0
0.96
1.0
0.92
0.96
0.72
1.0
NEW THRESHOLD 1.2999999999999994
Accuracy
1.0
Confidence
1.0
Bound errors
1.0632451538200614
1.207074342473154
1.269644218372609
0.9208042370446083
1.1297611200895232
1.2124170421488216
0.9194124495114532
1.0459751691617025
0.617634343397756
0.946199514921251
1.1323183960493874
0.5888486541635909
1.1372223493511016
1.1682127811062033
0.9199367249539245
1.0459691102077089
0.8905246827991494
1.1149681011508847
0.6059764656494039
0.6684301340876461
WFCBs
1.0741770240702884
1.2079285729733658
1.2701897052813353
0.9208042370446083
1.1317089386448538
1.2160413639747512
0.9207951341011127
1.0459751691617025
0.6249154830570254
0.9465442233570798
1.1372002022658674
0.5888486541635909
1.1372223493511016
1.1731328479077472
0.9207951341011127
1.0459691102077089
0.8922196387062968
1.114972360067913
0.6381029843797081
0.6684301709091037
True EVDs
0.010931870250227025
0.0008542305002117517
0.000545486908726306
0.0
0.0019478185553305411
0.003624321825929481
0.001382684589659535
0.0
0.007281139659269404
0.0003447084358287449
0.0048818062164799276
0.0
0.0
0.004920066801543908
0.0008584091471881053
0.0
0.0016949559071474329
4.2589170282095775e-06
0.03212651873030425
3.682145771572687e-08
Num demos
1
1
6
1
1
4
1
1
1
1
1
1
1
3
1
1
1
1
1
1
Percent states
0.04
0.04
0.24
0.04
0.04
0.16
0.04
0.04
0.04
0.04
0.04
0.04
0.04
0.12
0.04
0.04
0.04
0.04
0.04
0.04
Policy accuracies
0.84
0.96
0.96
1.0
0.92
0.92
0.92
1.0
0.88
0.96
0.92
1.0
1.0
0.84
0.96
1.0
0.92
0.96
0.72
1.0
NEW THRESHOLD 1.1999999999999993
Accuracy
1.0
Confidence
1.0
Bound errors
1.0632451538200614
1.0534604719731546
1.0902633527167047
0.9208042370446083
1.1297611200895232
1.1546862075520123
0.9194124495114532
1.0459751691617025
0.617634343397756
0.946199514921251
1.1323183960493874
0.5888486541635909
1.1372223493511016
1.1682127811062033
0.9199367249539245
1.0459691102077089
0.8905246827991494
1.1149681011508847
0.6059764656494039
0.6684301340876461
WFCBs
1.0741770240702884
1.0543147024733663
1.090607148506517
0.9208042370446083
1.1317089386448538
1.1583105293779419
0.9207951341011127
1.0459751691617025
0.6249154830570254
0.9465442233570798
1.1372002022658674
0.5888486541635909
1.1372223493511016
1.1731328479077472
0.9207951341011127
1.0459691102077089
0.8922196387062968
1.114972360067913
0.6381029843797081
0.6684301709091037
True EVDs
0.010931870250227025
0.0008542305002117517
0.0003437957898122861
0.0
0.0019478185553305411
0.003624321825929481
0.001382684589659535
0.0
0.007281139659269404
0.0003447084358287449
0.0048818062164799276
0.0
0.0
0.004920066801543908
0.0008584091471881053
0.0
0.0016949559071474329
4.2589170282095775e-06
0.03212651873030425
3.682145771572687e-08
Num demos
1
2
8
1
1
5
1
1
1
1
1
1
1
3
1
1
1
1
1
1
Percent states
0.04
0.08
0.32
0.04
0.04
0.2
0.04
0.04
0.04
0.04
0.04
0.04
0.04
0.12
0.04
0.04
0.04
0.04
0.04
0.04
Policy accuracies
0.84
0.96
0.96
1.0
0.92
0.92
0.92
1.0
0.88
0.96
0.92
1.0
1.0
0.84
0.96
1.0
0.92
0.96
0.72
1.0
NEW THRESHOLD 1.0999999999999992
Accuracy
1.0
Confidence
1.0
Bound errors
1.0632451538200614
1.0534604719731546
1.0902633527167047
0.9208042370446083
0.9808064010146297
1.0670367021850062
0.9194124495114532
1.0459751691617025
0.617634343397756
0.946199514921251
1.0069265883449
0.5888486541635909
1.0107680034161197
0.9892822666171307
0.9199367249539245
1.0459691102077089
0.8905246827991494
0.8479393382811833
0.6059764656494039
0.6684301340876461
WFCBs
1.0741770240702884
1.0543147024733663
1.090607148506517
0.9208042370446083
0.9808064010146297
1.0706610240109358
0.9207951341011127
1.0459751691617025
0.6249154830570254
0.9465442233570798
1.0118083945613798
0.5888486541635909
1.0117966859481229
0.9919373787480366
0.9207951341011127
1.0459691102077089
0.8922196387062968
0.8479435971982114
0.6381029843797081
0.6684301709091037
True EVDs
0.010931870250227025
0.0008542305002117517
0.0003437957898122861
0.0
0.0
0.003624321825929481
0.001382684589659535
0.0
0.007281139659269404
0.0003447084358287449
0.0048818062164799276
0.0
0.00102868253200319
0.002655112130905833
0.0008584091471881053
0.0
0.0016949559071474329
4.2589170282095775e-06
0.03212651873030425
3.682145771572687e-08
Num demos
1
2
8
1
2
8
1
1
1
1
2
1
2
4
1
1
1
2
1
1
Percent states
0.04
0.08
0.32
0.04
0.08
0.32
0.04
0.04
0.04
0.04
0.08
0.04
0.08
0.16
0.04
0.04
0.04
0.08
0.04
0.04
Policy accuracies
0.84
0.96
0.96
1.0
1.0
0.92
0.92
1.0
0.88
0.96
0.92
1.0
0.96
0.88
0.96
1.0
0.92
0.96
0.72
1.0
NEW THRESHOLD 0.9999999999999991
Accuracy
1.0
Confidence
0.75
Bound errors
0.9208042370446083
0.9808064010146297
0.9836523946142899
0.9194124495114532
0.617634343397756
0.946199514921251
0.9774704912870354
0.5888486541635909
0.982369776975873
0.9892822666171307
0.9199367249539245
0.8905246827991494
0.8479393382811833
0.6059764656494039
0.6684301340876461
WFCBs
0.9208042370446083
0.9808064010146297
0.9872035884556684
0.9207951341011127
0.6249154830570254
0.9465442233570798
0.9823522975035154
0.5888486541635909
0.982369776975873
0.9919373787480366
0.9207951341011127
0.8922196387062968
0.8479435971982114
0.6381029843797081
0.6684301709091037
True EVDs
0.0
0.0
0.0035511938413784797
0.001382684589659535
0.007281139659269404
0.0003447084358287449
0.0048818062164799276
0.0
0.0
0.002655112130905833
0.0008584091471881053
0.0016949559071474329
4.2589170282095775e-06
0.03212651873030425
3.682145771572687e-08
Num demos
1
2
9
1
1
1
4
1
4
4
1
1
2
1
1
Percent states
0.04
0.08
0.36
0.04
0.04
0.04
0.16
0.04
0.16
0.16
0.04
0.04
0.08
0.04
0.04
Policy accuracies
1.0
1.0
0.88
0.92
0.88
0.96
0.92
1.0
1.0
0.88
0.96
0.92
0.96
0.72
1.0
NEW THRESHOLD 0.899999999999999
Accuracy
1.0
Confidence
0.4
Bound errors
0.617634343397756
0.8906142123307017
0.5888486541635909
0.8066013415221482
0.8905246827991494
0.8479393382811833
0.6059764656494039
0.6684301340876461
WFCBs
0.6249154830570254
0.8906142123307017
0.5888486541635909
0.806601423455806
0.8922196387062968
0.8479435971982114
0.6381029843797081
0.6684301709091037
True EVDs
0.007281139659269404
0.0
0.0
8.19336577392141e-08
0.0016949559071474329
4.2589170282095775e-06
0.03212651873030425
3.682145771572687e-08
Num demos
1
2
1
19
1
2
1
1
Percent states
0.04
0.08
0.04
0.76
0.04
0.08
0.04
0.04
Policy accuracies
0.88
1.0
1.0
1.0
0.92
0.96
0.72
1.0
NEW THRESHOLD 0.7999999999999989
Accuracy
1.0
Confidence
0.35
Bound errors
0.617634343397756
0.7977457605051061
0.5888486541635909
0.7938938090967698
0.6894829608262207
0.6059764656494039
0.6684301340876461
WFCBs
0.6249154830570254
0.7989267744180099
0.5888486541635909
0.7938938090967698
0.6894872197432489
0.6381029843797081
0.6684301709091037
True EVDs
0.007281139659269404
0.0011810139129036642
0.0
0.0
4.2589170282095775e-06
0.03212651873030425
3.682145771572687e-08
Num demos
1
4
1
25
3
1
1
Percent states
0.04
0.16
0.04
1.0
0.12
0.04
0.04
Policy accuracies
0.88
0.92
1.0
1.0
0.96
0.72
1.0
NEW THRESHOLD 0.6999999999999988
Accuracy
1.0
Confidence
0.25
Bound errors
0.617634343397756
0.5888486541635909
0.6894829608262207
0.6059764656494039
0.6684301340876461
WFCBs
0.6249154830570254
0.5888486541635909
0.6894872197432489
0.6381029843797081
0.6684301709091037
True EVDs
0.007281139659269404
0.0
4.2589170282095775e-06
0.03212651873030425
3.682145771572687e-08
Num demos
1
1
3
1
1
Percent states
0.04
0.04
0.12
0.04
0.04
Policy accuracies
0.88
1.0
0.96
0.72
1.0
NEW THRESHOLD 0.5999999999999988
Accuracy
1.0
Confidence
0.2
Bound errors
0.5859530058861459
0.5888486541635909
0.5945116353691148
0.5778187191427893
WFCBs
0.5859531474328029
0.5888486541635909
0.5945158942861429
0.5778187559642469
True EVDs
1.415466570941944e-07
0.0
4.2589170282095775e-06
3.682145771572687e-08
Num demos
19
1
4
16
Percent states
0.76
0.04
0.16
0.64
Policy accuracies
1.0
1.0
0.96
1.0
NEW THRESHOLD 0.49999999999999867
Accuracy
Confidence
0.0
Bound errors
WFCBs
True EVDs
Num demos
Percent states
Policy accuracies
NEW THRESHOLD 0.3999999999999986
Accuracy
Confidence
0.0
Bound errors
WFCBs
True EVDs
Num demos
Percent states
Policy accuracies
NEW THRESHOLD 0.2999999999999985
Accuracy
Confidence
0.0
Bound errors
WFCBs
True EVDs
Num demos
Percent states
Policy accuracies
NEW THRESHOLD 0.1999999999999984
Accuracy
Confidence
0.0
Bound errors
WFCBs
True EVDs
Num demos
Percent states
Policy accuracies
NEW THRESHOLD 0.09999999999999831
Accuracy
Confidence
0.0
Bound errors
WFCBs
True EVDs
Num demos
Percent states
Policy accuracies
NEW THRESHOLD -1.7763568394002505e-15
Accuracy
Confidence
0.0
Bound errors
WFCBs
True EVDs
Num demos
Percent states
Policy accuracies
**************************************************
