NEW THRESHOLD 2.0
Accuracy
1.0
Confidence
1.0
Bound errors
1.4061679790865012
0.9544773382084288
0.9777474020073994
1.0736099126080212
1.0475469294417707
1.55429613890308
1.0655989128856012
1.064129377590979
0.9203998907153466
1.5929399402374795
1.2675105745440212
1.0339941627160236
1.4001372149440943
1.0781060380193612
0.8137227768692593
1.2056400739543662
1.8318186599779949
1.058224916374392
1.3692266650439555
1.0163484736232389
WFCBs
1.4150932917106176
0.962653542115772
0.9793137624455288
1.0736099126080212
1.0564481563292993
1.56804036630583
1.0655989128856012
1.0905558887593203
0.9217174693090283
1.5938098961285112
1.2675105745440212
1.0339941627160236
1.4001372149440943
1.1081052778842566
0.8253183125929441
1.2056400739543662
1.8318186599779949
1.0613206587656627
1.385672115904414
1.02926420756273
True EVDs
0.008925312624116498
0.00817620390734324
0.001566360438129463
0.0
0.008901226887528481
0.01374422740275004
0.0
0.026426511168341327
0.0013175785936817678
0.0008699558910315918
0.0
0.0
0.0
0.029999239864895343
0.011595535723684752
0.0
0.0
0.0030957423912708355
0.016445450860458486
0.01291573393949115
Num demos
1
1
1
1
1
1
1
1
1
1
1
1
1
1
1
1
1
1
1
1
Percent states
0.04
0.04
0.04
0.04
0.04
0.04
0.04
0.04
0.04
0.04
0.04
0.04
0.04
0.04
0.04
0.04
0.04
0.04
0.04
0.04
Policy accuracies
0.76
0.84
0.92
1.0
0.84
0.76
1.0
0.88
0.96
0.88
1.0
1.0
1.0
0.64
0.88
1.0
1.0
0.96
0.88
0.8
NEW THRESHOLD 1.9
Accuracy
1.0
Confidence
1.0
Bound errors
1.4061679790865012
0.9544773382084288
0.9777474020073994
1.0736099126080212
1.0475469294417707
1.55429613890308
1.0655989128856012
1.064129377590979
0.9203998907153466
1.5929399402374795
1.2675105745440212
1.0339941627160236
1.4001372149440943
1.0781060380193612
0.8137227768692593
1.2056400739543662
1.8318186599779949
1.058224916374392
1.3692266650439555
1.0163484736232389
WFCBs
1.4150932917106176
0.962653542115772
0.9793137624455288
1.0736099126080212
1.0564481563292993
1.56804036630583
1.0655989128856012
1.0905558887593203
0.9217174693090283
1.5938098961285112
1.2675105745440212
1.0339941627160236
1.4001372149440943
1.1081052778842566
0.8253183125929441
1.2056400739543662
1.8318186599779949
1.0613206587656627
1.385672115904414
1.02926420756273
True EVDs
0.008925312624116498
0.00817620390734324
0.001566360438129463
0.0
0.008901226887528481
0.01374422740275004
0.0
0.026426511168341327
0.0013175785936817678
0.0008699558910315918
0.0
0.0
0.0
0.029999239864895343
0.011595535723684752
0.0
0.0
0.0030957423912708355
0.016445450860458486
0.01291573393949115
Num demos
1
1
1
1
1
1
1
1
1
1
1
1
1
1
1
1
1
1
1
1
Percent states
0.04
0.04
0.04
0.04
0.04
0.04
0.04
0.04
0.04
0.04
0.04
0.04
0.04
0.04
0.04
0.04
0.04
0.04
0.04
0.04
Policy accuracies
0.76
0.84
0.92
1.0
0.84
0.76
1.0
0.88
0.96
0.88
1.0
1.0
1.0
0.64
0.88
1.0
1.0
0.96
0.88
0.8
NEW THRESHOLD 1.7999999999999998
Accuracy
1.0
Confidence
1.0
Bound errors
1.4061679790865012
0.9544773382084288
0.9777474020073994
1.0736099126080212
1.0475469294417707
1.55429613890308
1.0655989128856012
1.064129377590979
0.9203998907153466
1.5929399402374795
1.2675105745440212
1.0339941627160236
1.4001372149440943
1.0781060380193612
0.8137227768692593
1.2056400739543662
1.533971425274058
1.058224916374392
1.3692266650439555
1.0163484736232389
WFCBs
1.4150932917106176
0.962653542115772
0.9793137624455288
1.0736099126080212
1.0564481563292993
1.56804036630583
1.0655989128856012
1.0905558887593203
0.9217174693090283
1.5938098961285112
1.2675105745440212
1.0339941627160236
1.4001372149440943
1.1081052778842566
0.8253183125929441
1.2056400739543662
1.533971425274058
1.0613206587656627
1.385672115904414
1.02926420756273
True EVDs
0.008925312624116498
0.00817620390734324
0.001566360438129463
0.0
0.008901226887528481
0.01374422740275004
0.0
0.026426511168341327
0.0013175785936817678
0.0008699558910315918
0.0
0.0
0.0
0.029999239864895343
0.011595535723684752
0.0
0.0
0.0030957423912708355
0.016445450860458486
0.01291573393949115
Num demos
1
1
1
1
1
1
1
1
1
1
1
1
1
1
1
1
2
1
1
1
Percent states
0.04
0.04
0.04
0.04
0.04
0.04
0.04
0.04
0.04
0.04
0.04
0.04
0.04
0.04
0.04
0.04
0.08
0.04
0.04
0.04
Policy accuracies
0.76
0.84
0.92
1.0
0.84
0.76
1.0
0.88
0.96
0.88
1.0
1.0
1.0
0.64
0.88
1.0
1.0
0.96
0.88
0.8
NEW THRESHOLD 1.6999999999999997
Accuracy
1.0
Confidence
1.0
Bound errors
1.4061679790865012
0.9544773382084288
0.9777474020073994
1.0736099126080212
1.0475469294417707
1.55429613890308
1.0655989128856012
1.064129377590979
0.9203998907153466
1.5929399402374795
1.2675105745440212
1.0339941627160236
1.4001372149440943
1.0781060380193612
0.8137227768692593
1.2056400739543662
1.533971425274058
1.058224916374392
1.3692266650439555
1.0163484736232389
WFCBs
1.4150932917106176
0.962653542115772
0.9793137624455288
1.0736099126080212
1.0564481563292993
1.56804036630583
1.0655989128856012
1.0905558887593203
0.9217174693090283
1.5938098961285112
1.2675105745440212
1.0339941627160236
1.4001372149440943
1.1081052778842566
0.8253183125929441
1.2056400739543662
1.533971425274058
1.0613206587656627
1.385672115904414
1.02926420756273
True EVDs
0.008925312624116498
0.00817620390734324
0.001566360438129463
0.0
0.008901226887528481
0.01374422740275004
0.0
0.026426511168341327
0.0013175785936817678
0.0008699558910315918
0.0
0.0
0.0
0.029999239864895343
0.011595535723684752
0.0
0.0
0.0030957423912708355
0.016445450860458486
0.01291573393949115
Num demos
1
1
1
1
1
1
1
1
1
1
1
1
1
1
1
1
2
1
1
1
Percent states
0.04
0.04
0.04
0.04
0.04
0.04
0.04
0.04
0.04
0.04
0.04
0.04
0.04
0.04
0.04
0.04
0.08
0.04
0.04
0.04
Policy accuracies
0.76
0.84
0.92
1.0
0.84
0.76
1.0
0.88
0.96
0.88
1.0
1.0
1.0
0.64
0.88
1.0
1.0
0.96
0.88
0.8
NEW THRESHOLD 1.5999999999999996
Accuracy
1.0
Confidence
1.0
Bound errors
1.4061679790865012
0.9544773382084288
0.9777474020073994
1.0736099126080212
1.0475469294417707
1.55429613890308
1.0655989128856012
1.064129377590979
0.9203998907153466
1.5929399402374795
1.2675105745440212
1.0339941627160236
1.4001372149440943
1.0781060380193612
0.8137227768692593
1.2056400739543662
1.533971425274058
1.058224916374392
1.3692266650439555
1.0163484736232389
WFCBs
1.4150932917106176
0.962653542115772
0.9793137624455288
1.0736099126080212
1.0564481563292993
1.56804036630583
1.0655989128856012
1.0905558887593203
0.9217174693090283
1.5938098961285112
1.2675105745440212
1.0339941627160236
1.4001372149440943
1.1081052778842566
0.8253183125929441
1.2056400739543662
1.533971425274058
1.0613206587656627
1.385672115904414
1.02926420756273
True EVDs
0.008925312624116498
0.00817620390734324
0.001566360438129463
0.0
0.008901226887528481
0.01374422740275004
0.0
0.026426511168341327
0.0013175785936817678
0.0008699558910315918
0.0
0.0
0.0
0.029999239864895343
0.011595535723684752
0.0
0.0
0.0030957423912708355
0.016445450860458486
0.01291573393949115
Num demos
1
1
1
1
1
1
1
1
1
1
1
1
1
1
1
1
2
1
1
1
Percent states
0.04
0.04
0.04
0.04
0.04
0.04
0.04
0.04
0.04
0.04
0.04
0.04
0.04
0.04
0.04
0.04
0.08
0.04
0.04
0.04
Policy accuracies
0.76
0.84
0.92
1.0
0.84
0.76
1.0
0.88
0.96
0.88
1.0
1.0
1.0
0.64
0.88
1.0
1.0
0.96
0.88
0.8
NEW THRESHOLD 1.4999999999999996
Accuracy
1.0
Confidence
0.95
Bound errors
1.4061679790865012
0.9544773382084288
0.9777474020073994
1.0736099126080212
1.0475469294417707
1.0467545122298834
1.0655989128856012
1.064129377590979
0.9203998907153466
1.0483492032927095
1.2675105745440212
1.0339941627160236
1.4001372149440943
1.0781060380193612
0.8137227768692593
1.2056400739543662
1.058224916374392
1.3692266650439555
1.0163484736232389
WFCBs
1.4150932917106176
0.962653542115772
0.9793137624455288
1.0736099126080212
1.0564481563292993
1.0468298842680783
1.0655989128856012
1.0905558887593203
0.9217174693090283
1.0483492032927095
1.2675105745440212
1.0339941627160236
1.4001372149440943
1.1081052778842566
0.8253183125929441
1.2056400739543662
1.0613206587656627
1.385672115904414
1.02926420756273
True EVDs
0.008925312624116498
0.00817620390734324
0.001566360438129463
0.0
0.008901226887528481
7.537203819487296e-05
0.0
0.026426511168341327
0.0013175785936817678
0.0
0.0
0.0
0.0
0.029999239864895343
0.011595535723684752
0.0
0.0030957423912708355
0.016445450860458486
0.01291573393949115
Num demos
1
1
1
1
1
2
1
1
1
2
1
1
1
1
1
1
1
1
1
Percent states
0.04
0.04
0.04
0.04
0.04
0.08
0.04
0.04
0.04
0.08
0.04
0.04
0.04
0.04
0.04
0.04
0.04
0.04
0.04
Policy accuracies
0.76
0.84
0.92
1.0
0.84
0.92
1.0
0.88
0.96
1.0
1.0
1.0
1.0
0.64
0.88
1.0
0.96
0.88
0.8
NEW THRESHOLD 1.3999999999999995
Accuracy
1.0
Confidence
0.9
Bound errors
1.3238824820543487
0.9544773382084288
0.9777474020073994
1.0736099126080212
1.0475469294417707
1.0467545122298834
1.0655989128856012
1.064129377590979
0.9203998907153466
1.0483492032927095
1.2675105745440212
1.0339941627160236
1.0781060380193612
0.8137227768692593
1.2056400739543662
1.058224916374392
1.3692266650439555
1.0163484736232389
WFCBs
1.332807794678465
0.962653542115772
0.9793137624455288
1.0736099126080212
1.0564481563292993
1.0468298842680783
1.0655989128856012
1.0905558887593203
0.9217174693090283
1.0483492032927095
1.2675105745440212
1.0339941627160236
1.1081052778842566
0.8253183125929441
1.2056400739543662
1.0613206587656627
1.385672115904414
1.02926420756273
True EVDs
0.008925312624116498
0.00817620390734324
0.001566360438129463
0.0
0.008901226887528481
7.537203819487296e-05
0.0
0.026426511168341327
0.0013175785936817678
0.0
0.0
0.0
0.029999239864895343
0.011595535723684752
0.0
0.0030957423912708355
0.016445450860458486
0.01291573393949115
Num demos
3
1
1
1
1
2
1
1
1
2
1
1
1
1
1
1
1
1
Percent states
0.12
0.04
0.04
0.04
0.04
0.08
0.04
0.04
0.04
0.08
0.04
0.04
0.04
0.04
0.04
0.04
0.04
0.04
Policy accuracies
0.76
0.84
0.92
1.0
0.84
0.92
1.0
0.88
0.96
1.0
1.0
1.0
0.64
0.88
1.0
0.96
0.88
0.8
NEW THRESHOLD 1.2999999999999994
Accuracy
1.0
Confidence
0.9
Bound errors
1.2890801066193398
0.9544773382084288
0.9777474020073994
1.0736099126080212
1.0475469294417707
1.0467545122298834
1.0655989128856012
1.064129377590979
0.9203998907153466
1.0483492032927095
1.2675105745440212
1.0339941627160236
1.0781060380193612
0.8137227768692593
1.2056400739543662
1.058224916374392
1.2183207731827221
1.0163484736232389
WFCBs
1.295152240078673
0.962653542115772
0.9793137624455288
1.0736099126080212
1.0564481563292993
1.0468298842680783
1.0655989128856012
1.0905558887593203
0.9217174693090283
1.0483492032927095
1.2675105745440212
1.0339941627160236
1.1081052778842566
0.8253183125929441
1.2056400739543662
1.0613206587656627
1.2183207731827221
1.02926420756273
True EVDs
0.006072133459333135
0.00817620390734324
0.001566360438129463
0.0
0.008901226887528481
7.537203819487296e-05
0.0
0.026426511168341327
0.0013175785936817678
0.0
0.0
0.0
0.029999239864895343
0.011595535723684752
0.0
0.0030957423912708355
0.0
0.01291573393949115
Num demos
4
1
1
1
1
2
1
1
1
2
1
1
1
1
1
1
4
1
Percent states
0.16
0.04
0.04
0.04
0.04
0.08
0.04
0.04
0.04
0.08
0.04
0.04
0.04
0.04
0.04
0.04
0.16
0.04
Policy accuracies
0.84
0.84
0.92
1.0
0.84
0.92
1.0
0.88
0.96
1.0
1.0
1.0
0.64
0.88
1.0
0.96
1.0
0.8
NEW THRESHOLD 1.1999999999999993
Accuracy
1.0
Confidence
0.85
Bound errors
0.9544773382084288
0.9777474020073994
1.0736099126080212
1.0475469294417707
1.0467545122298834
1.0655989128856012
1.064129377590979
0.9203998907153466
1.0483492032927095
1.1362802056746952
1.0339941627160236
1.0781060380193612
0.8137227768692593
1.16591616576871
1.058224916374392
1.1436011449243393
1.0163484736232389
WFCBs
0.962653542115772
0.9793137624455288
1.0736099126080212
1.0564481563292993
1.0468298842680783
1.0655989128856012
1.0905558887593203
0.9217174693090283
1.0483492032927095
1.1362802056746952
1.0339941627160236
1.1081052778842566
0.8253183125929441
1.1659501620001191
1.0613206587656627
1.144080316664754
1.02926420756273
True EVDs
0.00817620390734324
0.001566360438129463
0.0
0.008901226887528481
7.537203819487296e-05
0.0
0.026426511168341327
0.0013175785936817678
0.0
0.0
0.0
0.029999239864895343
0.011595535723684752
3.3996231409136195e-05
0.0030957423912708355
0.00047917174041460275
0.01291573393949115
Num demos
1
1
1
1
2
1
1
1
2
5
1
1
1
4
1
5
1
Percent states
0.04
0.04
0.04
0.04
0.08
0.04
0.04
0.04
0.08
0.2
0.04
0.04
0.04
0.16
0.04
0.2
0.04
Policy accuracies
0.84
0.92
1.0
0.84
0.92
1.0
0.88
0.96
1.0
1.0
1.0
0.64
0.88
0.96
0.96
0.96
0.8
NEW THRESHOLD 1.0999999999999992
Accuracy
1.0
Confidence
0.85
Bound errors
0.9544773382084288
0.9777474020073994
1.0736099126080212
1.0475469294417707
1.0467545122298834
1.0655989128856012
1.064129377590979
0.9203998907153466
1.0483492032927095
1.0724260375598076
1.0339941627160236
1.0797172137617088
0.8137227768692593
1.087316036235905
1.058224916374392
1.0449904024590413
1.0163484736232389
WFCBs
0.962653542115772
0.9793137624455288
1.0736099126080212
1.0564481563292993
1.0468298842680783
1.0655989128856012
1.0905558887593203
0.9217174693090283
1.0483492032927095
1.0724260375598076
1.0339941627160236
1.0797172137617088
0.8253183125929441
1.087316036235905
1.0613206587656627
1.0449904024590413
1.02926420756273
True EVDs
0.00817620390734324
0.001566360438129463
0.0
0.008901226887528481
7.537203819487296e-05
0.0
0.026426511168341327
0.0013175785936817678
0.0
0.0
0.0
0.0
0.011595535723684752
0.0
0.0030957423912708355
0.0
0.01291573393949115
Num demos
1
1
1
1
2
1
1
1
2
8
1
4
1
5
1
6
1
Percent states
0.04
0.04
0.04
0.04
0.08
0.04
0.04
0.04
0.08
0.32
0.04
0.16
0.04
0.2
0.04
0.24
0.04
Policy accuracies
0.84
0.92
1.0
0.84
0.92
1.0
0.88
0.96
1.0
1.0
1.0
1.0
0.88
1.0
0.96
1.0
0.8
NEW THRESHOLD 0.9999999999999991
Accuracy
1.0
Confidence
0.45
Bound errors
0.9544773382084288
0.9777474020073994
0.9727382986447761
0.9842549694544555
0.9203998907153466
0.9897211133932642
0.8137227768692593
0.9936325729460238
0.9966789362952357
WFCBs
0.962653542115772
0.9793137624455288
0.9729288282781395
0.9842549694544555
0.9217174693090283
0.9897211133932642
0.8253183125929441
0.9936665691774329
0.9971581080356503
True EVDs
0.00817620390734324
0.001566360438129463
0.00019052963336342303
0.0
0.0013175785936817678
0.0
0.011595535723684752
3.3996231409136195e-05
0.00047917174041460275
Num demos
1
1
7
6
1
8
1
8
8
Percent states
0.04
0.04
0.28
0.24
0.04
0.32
0.04
0.32
0.32
Policy accuracies
0.84
0.92
0.96
1.0
0.96
1.0
0.88
0.96
0.96
NEW THRESHOLD 0.899999999999999
Accuracy
1.0
Confidence
0.05
Bound errors
0.8137227768692593
WFCBs
0.8253183125929441
True EVDs
0.011595535723684752
Num demos
1
Percent states
0.04
Policy accuracies
0.88
NEW THRESHOLD 0.7999999999999989
Accuracy
Confidence
0.0
Bound errors
WFCBs
True EVDs
Num demos
Percent states
Policy accuracies
NEW THRESHOLD 0.6999999999999988
Accuracy
Confidence
0.0
Bound errors
WFCBs
True EVDs
Num demos
Percent states
Policy accuracies
NEW THRESHOLD 0.5999999999999988
Accuracy
Confidence
0.0
Bound errors
WFCBs
True EVDs
Num demos
Percent states
Policy accuracies
NEW THRESHOLD 0.49999999999999867
Accuracy
Confidence
0.0
Bound errors
WFCBs
True EVDs
Num demos
Percent states
Policy accuracies
NEW THRESHOLD 0.3999999999999986
Accuracy
Confidence
0.0
Bound errors
WFCBs
True EVDs
Num demos
Percent states
Policy accuracies
NEW THRESHOLD 0.2999999999999985
Accuracy
Confidence
0.0
Bound errors
WFCBs
True EVDs
Num demos
Percent states
Policy accuracies
NEW THRESHOLD 0.1999999999999984
Accuracy
Confidence
0.0
Bound errors
WFCBs
True EVDs
Num demos
Percent states
Policy accuracies
NEW THRESHOLD 0.09999999999999831
Accuracy
Confidence
0.0
Bound errors
WFCBs
True EVDs
Num demos
Percent states
Policy accuracies
NEW THRESHOLD -1.7763568394002505e-15
Accuracy
Confidence
0.0
Bound errors
WFCBs
True EVDs
Num demos
Percent states
Policy accuracies
**************************************************
