BASELINE POLICY: evd 0.13603855319680028, policy optimality 0.72, and policy accuracy 0.72
NEW THRESHOLD 0.0
Percent Improvements
30.1137377668
34.9113549083
32.0621186054
15.3653036685
40.1853256568
54.853705517
26.3547137101
5.40850268061
5.96572387411
16.4557718479
21.4562308193
1.14152642765
10.7425965116
4.87614503955
4.01951031032
2.42447845679
16.4570442747
5.76516759623
2.93008430287
2.97908403112
23.0023750696
4.1154555985
6.69927448443
2.20373329007
2.97174835319
Num demos
1
2
3
4
5
6
7
8
9
10
11
12
13
14
15
16
17
18
19
20
21
22
23
24
25
Percent states
0.04
0.08
0.12
0.16
0.2
0.24
0.28
0.32
0.36
0.4
0.44
0.48
0.52
0.56
0.6
0.64
0.68
0.72
0.76
0.8
0.84
0.88
0.92
0.96
1.0
Uncertain states
0.04
0.08
0.12
0.16
0.2
0.24
0.28
0.32
0.36
0.4
0.44
0.48
0.52
0.56
0.6
0.64
0.68
0.72
0.76
0.8
0.84
0.88
0.92
0.96
1.0
True EVDs
-69
-69
-69
-69
-69
-69
-69
-69
-69
-69
-69
-69
-69
-69
-69
-69
-69
-69
-69
-69
-69
-69
-69
-69
-69
Bound errors
-30.1332674689
-34.915282909
-32.06378549
-15.1991349372
-40.0225167122
-54.6908965724
-26.1879072281
-5.23879733178
-5.78934997928
-16.2793979531
-21.2798569245
-0.965152532812
-10.5662226168
-4.69977114471
-3.84313641549
-2.24810456195
-16.2806703799
-5.58879370139
-2.75371040803
-2.80271013628
-22.8260011748
-3.93908170366
-6.52290058959
-2.02735939523
-2.79537445835
Policy optimalities
0.68
0.72
0.76
0.84
0.88
0.88
0.88
0.92
1.0
1.0
1.0
1.0
1.0
1.0
1.0
1.0
1.0
1.0
1.0
1.0
1.0
1.0
1.0
1.0
1.0
Policy accuracies
Confidence
1.0
Accuracy
0.0
Confusion matrices
[[22, 3], [0, 0]]
NEW THRESHOLD 0.1
Percent Improvements
30.1137377668
34.9113549083
32.0621186054
15.3653036685
40.1853256568
54.853705517
26.3547137101
5.40850268061
5.96572387411
16.4557718479
21.4562308193
1.14152642765
10.7425965116
4.87614503955
4.01951031032
2.42447845679
16.4570442747
5.76516759623
2.93008430287
2.97908403112
23.0023750696
4.1154555985
6.69927448443
2.20373329007
2.97174835319
Num demos
1
2
3
4
5
6
7
8
9
10
11
12
13
14
15
16
17
18
19
20
21
22
23
24
25
Percent states
0.04
0.08
0.12
0.16
0.2
0.24
0.28
0.32
0.36
0.4
0.44
0.48
0.52
0.56
0.6
0.64
0.68
0.72
0.76
0.8
0.84
0.88
0.92
0.96
1.0
Uncertain states
0.04
0.08
0.12
0.16
0.2
0.24
0.28
0.32
0.36
0.4
0.44
0.48
0.52
0.56
0.6
0.64
0.68
0.72
0.76
0.8
0.84
0.88
0.92
0.96
1.0
True EVDs
-69
-69
-69
-69
-69
-69
-69
-69
-69
-69
-69
-69
-69
-69
-69
-69
-69
-69
-69
-69
-69
-69
-69
-69
-69
Bound errors
-30.1332674689
-34.915282909
-32.06378549
-15.1991349372
-40.0225167122
-54.6908965724
-26.1879072281
-5.23879733178
-5.78934997928
-16.2793979531
-21.2798569245
-0.965152532812
-10.5662226168
-4.69977114471
-3.84313641549
-2.24810456195
-16.2806703799
-5.58879370139
-2.75371040803
-2.80271013628
-22.8260011748
-3.93908170366
-6.52290058959
-2.02735939523
-2.79537445835
Policy optimalities
0.68
0.72
0.76
0.84
0.88
0.88
0.88
0.92
1.0
1.0
1.0
1.0
1.0
1.0
1.0
1.0
1.0
1.0
1.0
1.0
1.0
1.0
1.0
1.0
1.0
Policy accuracies
Confidence
1.0
Accuracy
0.0
Confusion matrices
[[22, 3], [0, 0]]
NEW THRESHOLD 0.2
Percent Improvements
30.1137377668
34.9113549083
32.0621186054
15.3653036685
40.1853256568
54.853705517
26.3547137101
5.40850268061
5.96572387411
16.4557718479
21.4562308193
1.14152642765
10.7425965116
4.87614503955
4.01951031032
2.42447845679
16.4570442747
5.76516759623
2.93008430287
2.97908403112
23.0023750696
4.1154555985
6.69927448443
2.20373329007
2.97174835319
Num demos
1
2
3
4
5
6
7
8
9
10
11
12
13
14
15
16
17
18
19
20
21
22
23
24
25
Percent states
0.04
0.08
0.12
0.16
0.2
0.24
0.28
0.32
0.36
0.4
0.44
0.48
0.52
0.56
0.6
0.64
0.68
0.72
0.76
0.8
0.84
0.88
0.92
0.96
1.0
Uncertain states
0.04
0.08
0.12
0.16
0.2
0.24
0.28
0.32
0.36
0.4
0.44
0.48
0.52
0.56
0.6
0.64
0.68
0.72
0.76
0.8
0.84
0.88
0.92
0.96
1.0
True EVDs
-69
-69
-69
-69
-69
-69
-69
-69
-69
-69
-69
-69
-69
-69
-69
-69
-69
-69
-69
-69
-69
-69
-69
-69
-69
Bound errors
-30.1332674689
-34.915282909
-32.06378549
-15.1991349372
-40.0225167122
-54.6908965724
-26.1879072281
-5.23879733178
-5.78934997928
-16.2793979531
-21.2798569245
-0.965152532812
-10.5662226168
-4.69977114471
-3.84313641549
-2.24810456195
-16.2806703799
-5.58879370139
-2.75371040803
-2.80271013628
-22.8260011748
-3.93908170366
-6.52290058959
-2.02735939523
-2.79537445835
Policy optimalities
0.68
0.72
0.76
0.84
0.88
0.88
0.88
0.92
1.0
1.0
1.0
1.0
1.0
1.0
1.0
1.0
1.0
1.0
1.0
1.0
1.0
1.0
1.0
1.0
1.0
Policy accuracies
Confidence
1.0
Accuracy
0.0
Confusion matrices
[[0, 25], [0, 0]]
NEW THRESHOLD 0.3
Percent Improvements
30.1137377668
34.9113549083
32.0621186054
15.3653036685
40.1853256568
54.853705517
26.3547137101
5.40850268061
5.96572387411
16.4557718479
21.4562308193
1.14152642765
10.7425965116
4.87614503955
4.01951031032
2.42447845679
16.4570442747
5.76516759623
2.93008430287
2.97908403112
23.0023750696
4.1154555985
6.69927448443
2.20373329007
2.97174835319
Num demos
1
2
3
4
5
6
7
8
9
10
11
12
13
14
15
16
17
18
19
20
21
22
23
24
25
Percent states
0.04
0.08
0.12
0.16
0.2
0.24
0.28
0.32
0.36
0.4
0.44
0.48
0.52
0.56
0.6
0.64
0.68
0.72
0.76
0.8
0.84
0.88
0.92
0.96
1.0
Uncertain states
0.04
0.08
0.12
0.16
0.2
0.24
0.28
0.32
0.36
0.4
0.44
0.48
0.52
0.56
0.6
0.64
0.68
0.72
0.76
0.8
0.84
0.88
0.92
0.96
1.0
True EVDs
-69
-69
-69
-69
-69
-69
-69
-69
-69
-69
-69
-69
-69
-69
-69
-69
-69
-69
-69
-69
-69
-69
-69
-69
-69
Bound errors
-30.1332674689
-34.915282909
-32.06378549
-15.1991349372
-40.0225167122
-54.6908965724
-26.1879072281
-5.23879733178
-5.78934997928
-16.2793979531
-21.2798569245
-0.965152532812
-10.5662226168
-4.69977114471
-3.84313641549
-2.24810456195
-16.2806703799
-5.58879370139
-2.75371040803
-2.80271013628
-22.8260011748
-3.93908170366
-6.52290058959
-2.02735939523
-2.79537445835
Policy optimalities
0.68
0.72
0.76
0.84
0.88
0.88
0.88
0.92
1.0
1.0
1.0
1.0
1.0
1.0
1.0
1.0
1.0
1.0
1.0
1.0
1.0
1.0
1.0
1.0
1.0
Policy accuracies
Confidence
1.0
Accuracy
0.0
Confusion matrices
[[0, 25], [0, 0]]
NEW THRESHOLD 0.4
Percent Improvements
30.1137377668
34.9113549083
32.0621186054
15.3653036685
40.1853256568
54.853705517
26.3547137101
5.40850268061
5.96572387411
16.4557718479
21.4562308193
1.14152642765
10.7425965116
4.87614503955
4.01951031032
2.42447845679
16.4570442747
5.76516759623
2.93008430287
2.97908403112
23.0023750696
4.1154555985
6.69927448443
2.20373329007
2.97174835319
Num demos
1
2
3
4
5
6
7
8
9
10
11
12
13
14
15
16
17
18
19
20
21
22
23
24
25
Percent states
0.04
0.08
0.12
0.16
0.2
0.24
0.28
0.32
0.36
0.4
0.44
0.48
0.52
0.56
0.6
0.64
0.68
0.72
0.76
0.8
0.84
0.88
0.92
0.96
1.0
Uncertain states
0.04
0.08
0.12
0.16
0.2
0.24
0.28
0.32
0.36
0.4
0.44
0.48
0.52
0.56
0.6
0.64
0.68
0.72
0.76
0.8
0.84
0.88
0.92
0.96
1.0
True EVDs
-69
-69
-69
-69
-69
-69
-69
-69
-69
-69
-69
-69
-69
-69
-69
-69
-69
-69
-69
-69
-69
-69
-69
-69
-69
Bound errors
-30.1332674689
-34.915282909
-32.06378549
-15.1991349372
-40.0225167122
-54.6908965724
-26.1879072281
-5.23879733178
-5.78934997928
-16.2793979531
-21.2798569245
-0.965152532812
-10.5662226168
-4.69977114471
-3.84313641549
-2.24810456195
-16.2806703799
-5.58879370139
-2.75371040803
-2.80271013628
-22.8260011748
-3.93908170366
-6.52290058959
-2.02735939523
-2.79537445835
Policy optimalities
0.68
0.72
0.76
0.84
0.88
0.88
0.88
0.92
1.0
1.0
1.0
1.0
1.0
1.0
1.0
1.0
1.0
1.0
1.0
1.0
1.0
1.0
1.0
1.0
1.0
Policy accuracies
Confidence
1.0
Accuracy
0.0
Confusion matrices
[[0, 25], [0, 0]]
NEW THRESHOLD 0.5
Percent Improvements
30.1137377668
34.9113549083
32.0621186054
15.3653036685
40.1853256568
54.853705517
26.3547137101
5.40850268061
5.96572387411
16.4557718479
21.4562308193
1.14152642765
10.7425965116
4.87614503955
4.01951031032
2.42447845679
16.4570442747
5.76516759623
2.93008430287
2.97908403112
23.0023750696
4.1154555985
6.69927448443
2.20373329007
2.97174835319
Num demos
1
2
3
4
5
6
7
8
9
10
11
12
13
14
15
16
17
18
19
20
21
22
23
24
25
Percent states
0.04
0.08
0.12
0.16
0.2
0.24
0.28
0.32
0.36
0.4
0.44
0.48
0.52
0.56
0.6
0.64
0.68
0.72
0.76
0.8
0.84
0.88
0.92
0.96
1.0
Uncertain states
0.04
0.08
0.12
0.16
0.2
0.24
0.28
0.32
0.36
0.4
0.44
0.48
0.52
0.56
0.6
0.64
0.68
0.72
0.76
0.8
0.84
0.88
0.92
0.96
1.0
True EVDs
-69
-69
-69
-69
-69
-69
-69
-69
-69
-69
-69
-69
-69
-69
-69
-69
-69
-69
-69
-69
-69
-69
-69
-69
-69
Bound errors
-30.1332674689
-34.915282909
-32.06378549
-15.1991349372
-40.0225167122
-54.6908965724
-26.1879072281
-5.23879733178
-5.78934997928
-16.2793979531
-21.2798569245
-0.965152532812
-10.5662226168
-4.69977114471
-3.84313641549
-2.24810456195
-16.2806703799
-5.58879370139
-2.75371040803
-2.80271013628
-22.8260011748
-3.93908170366
-6.52290058959
-2.02735939523
-2.79537445835
Policy optimalities
0.68
0.72
0.76
0.84
0.88
0.88
0.88
0.92
1.0
1.0
1.0
1.0
1.0
1.0
1.0
1.0
1.0
1.0
1.0
1.0
1.0
1.0
1.0
1.0
1.0
Policy accuracies
Confidence
1.0
Accuracy
0.0
Confusion matrices
[[0, 25], [0, 0]]
NEW THRESHOLD 0.6
Percent Improvements
30.1137377668
34.9113549083
32.0621186054
15.3653036685
40.1853256568
54.853705517
26.3547137101
5.40850268061
5.96572387411
16.4557718479
21.4562308193
1.14152642765
10.7425965116
4.87614503955
4.01951031032
2.42447845679
16.4570442747
5.76516759623
2.93008430287
2.97908403112
23.0023750696
4.1154555985
6.69927448443
2.20373329007
2.97174835319
Num demos
1
2
3
4
5
6
7
8
9
10
11
12
13
14
15
16
17
18
19
20
21
22
23
24
25
Percent states
0.04
0.08
0.12
0.16
0.2
0.24
0.28
0.32
0.36
0.4
0.44
0.48
0.52
0.56
0.6
0.64
0.68
0.72
0.76
0.8
0.84
0.88
0.92
0.96
1.0
Uncertain states
0.04
0.08
0.12
0.16
0.2
0.24
0.28
0.32
0.36
0.4
0.44
0.48
0.52
0.56
0.6
0.64
0.68
0.72
0.76
0.8
0.84
0.88
0.92
0.96
1.0
True EVDs
-69
-69
-69
-69
-69
-69
-69
-69
-69
-69
-69
-69
-69
-69
-69
-69
-69
-69
-69
-69
-69
-69
-69
-69
-69
Bound errors
-30.1332674689
-34.915282909
-32.06378549
-15.1991349372
-40.0225167122
-54.6908965724
-26.1879072281
-5.23879733178
-5.78934997928
-16.2793979531
-21.2798569245
-0.965152532812
-10.5662226168
-4.69977114471
-3.84313641549
-2.24810456195
-16.2806703799
-5.58879370139
-2.75371040803
-2.80271013628
-22.8260011748
-3.93908170366
-6.52290058959
-2.02735939523
-2.79537445835
Policy optimalities
0.68
0.72
0.76
0.84
0.88
0.88
0.88
0.92
1.0
1.0
1.0
1.0
1.0
1.0
1.0
1.0
1.0
1.0
1.0
1.0
1.0
1.0
1.0
1.0
1.0
Policy accuracies
Confidence
1.0
Accuracy
0.0
Confusion matrices
[[0, 25], [0, 0]]
NEW THRESHOLD 0.7
Percent Improvements
30.1137377668
34.9113549083
32.0621186054
15.3653036685
40.1853256568
54.853705517
26.3547137101
5.40850268061
5.96572387411
16.4557718479
21.4562308193
1.14152642765
10.7425965116
4.87614503955
4.01951031032
2.42447845679
16.4570442747
5.76516759623
2.93008430287
2.97908403112
23.0023750696
4.1154555985
6.69927448443
2.20373329007
2.97174835319
Num demos
1
2
3
4
5
6
7
8
9
10
11
12
13
14
15
16
17
18
19
20
21
22
23
24
25
Percent states
0.04
0.08
0.12
0.16
0.2
0.24
0.28
0.32
0.36
0.4
0.44
0.48
0.52
0.56
0.6
0.64
0.68
0.72
0.76
0.8
0.84
0.88
0.92
0.96
1.0
Uncertain states
0.04
0.08
0.12
0.16
0.2
0.24
0.28
0.32
0.36
0.4
0.44
0.48
0.52
0.56
0.6
0.64
0.68
0.72
0.76
0.8
0.84
0.88
0.92
0.96
1.0
True EVDs
-69
-69
-69
-69
-69
-69
-69
-69
-69
-69
-69
-69
-69
-69
-69
-69
-69
-69
-69
-69
-69
-69
-69
-69
-69
Bound errors
-30.1332674689
-34.915282909
-32.06378549
-15.1991349372
-40.0225167122
-54.6908965724
-26.1879072281
-5.23879733178
-5.78934997928
-16.2793979531
-21.2798569245
-0.965152532812
-10.5662226168
-4.69977114471
-3.84313641549
-2.24810456195
-16.2806703799
-5.58879370139
-2.75371040803
-2.80271013628
-22.8260011748
-3.93908170366
-6.52290058959
-2.02735939523
-2.79537445835
Policy optimalities
0.68
0.72
0.76
0.84
0.88
0.88
0.88
0.92
1.0
1.0
1.0
1.0
1.0
1.0
1.0
1.0
1.0
1.0
1.0
1.0
1.0
1.0
1.0
1.0
1.0
Policy accuracies
Confidence
1.0
Accuracy
0.0
Confusion matrices
[[0, 25], [0, 0]]
NEW THRESHOLD 0.8
Percent Improvements
30.1137377668
34.9113549083
32.0621186054
15.3653036685
40.1853256568
54.853705517
26.3547137101
5.40850268061
5.96572387411
16.4557718479
21.4562308193
1.14152642765
10.7425965116
4.87614503955
4.01951031032
2.42447845679
16.4570442747
5.76516759623
2.93008430287
2.97908403112
23.0023750696
4.1154555985
6.69927448443
2.20373329007
2.97174835319
Num demos
1
2
3
4
5
6
7
8
9
10
11
12
13
14
15
16
17
18
19
20
21
22
23
24
25
Percent states
0.04
0.08
0.12
0.16
0.2
0.24
0.28
0.32
0.36
0.4
0.44
0.48
0.52
0.56
0.6
0.64
0.68
0.72
0.76
0.8
0.84
0.88
0.92
0.96
1.0
Uncertain states
0.04
0.08
0.12
0.16
0.2
0.24
0.28
0.32
0.36
0.4
0.44
0.48
0.52
0.56
0.6
0.64
0.68
0.72
0.76
0.8
0.84
0.88
0.92
0.96
1.0
True EVDs
-69
-69
-69
-69
-69
-69
-69
-69
-69
-69
-69
-69
-69
-69
-69
-69
-69
-69
-69
-69
-69
-69
-69
-69
-69
Bound errors
-30.1332674689
-34.915282909
-32.06378549
-15.1991349372
-40.0225167122
-54.6908965724
-26.1879072281
-5.23879733178
-5.78934997928
-16.2793979531
-21.2798569245
-0.965152532812
-10.5662226168
-4.69977114471
-3.84313641549
-2.24810456195
-16.2806703799
-5.58879370139
-2.75371040803
-2.80271013628
-22.8260011748
-3.93908170366
-6.52290058959
-2.02735939523
-2.79537445835
Policy optimalities
0.68
0.72
0.76
0.84
0.88
0.88
0.88
0.92
1.0
1.0
1.0
1.0
1.0
1.0
1.0
1.0
1.0
1.0
1.0
1.0
1.0
1.0
1.0
1.0
1.0
Policy accuracies
Confidence
1.0
Accuracy
0.0
Confusion matrices
[[0, 25], [0, 0]]
NEW THRESHOLD 0.9
Percent Improvements
30.1137377668
34.9113549083
32.0621186054
15.3653036685
40.1853256568
54.853705517
26.3547137101
5.40850268061
5.96572387411
16.4557718479
21.4562308193
1.14152642765
10.7425965116
4.87614503955
4.01951031032
2.42447845679
16.4570442747
5.76516759623
2.93008430287
2.97908403112
23.0023750696
4.1154555985
6.69927448443
2.20373329007
2.97174835319
Num demos
1
2
3
4
5
6
7
8
9
10
11
12
13
14
15
16
17
18
19
20
21
22
23
24
25
Percent states
0.04
0.08
0.12
0.16
0.2
0.24
0.28
0.32
0.36
0.4
0.44
0.48
0.52
0.56
0.6
0.64
0.68
0.72
0.76
0.8
0.84
0.88
0.92
0.96
1.0
Uncertain states
0.04
0.08
0.12
0.16
0.2
0.24
0.28
0.32
0.36
0.4
0.44
0.48
0.52
0.56
0.6
0.64
0.68
0.72
0.76
0.8
0.84
0.88
0.92
0.96
1.0
True EVDs
-69
-69
-69
-69
-69
-69
-69
-69
-69
-69
-69
-69
-69
-69
-69
-69
-69
-69
-69
-69
-69
-69
-69
-69
-69
Bound errors
-30.1332674689
-34.915282909
-32.06378549
-15.1991349372
-40.0225167122
-54.6908965724
-26.1879072281
-5.23879733178
-5.78934997928
-16.2793979531
-21.2798569245
-0.965152532812
-10.5662226168
-4.69977114471
-3.84313641549
-2.24810456195
-16.2806703799
-5.58879370139
-2.75371040803
-2.80271013628
-22.8260011748
-3.93908170366
-6.52290058959
-2.02735939523
-2.79537445835
Policy optimalities
0.68
0.72
0.76
0.84
0.88
0.88
0.88
0.92
1.0
1.0
1.0
1.0
1.0
1.0
1.0
1.0
1.0
1.0
1.0
1.0
1.0
1.0
1.0
1.0
1.0
Policy accuracies
Confidence
1.0
Accuracy
0.0
Confusion matrices
[[0, 25], [0, 0]]
NEW THRESHOLD 1.0
Percent Improvements
30.1137377668
34.9113549083
32.0621186054
15.3653036685
40.1853256568
54.853705517
26.3547137101
5.40850268061
5.96572387411
16.4557718479
21.4562308193
1.14152642765
10.7425965116
4.87614503955
4.01951031032
2.42447845679
16.4570442747
5.76516759623
2.93008430287
2.97908403112
23.0023750696
4.1154555985
6.69927448443
2.20373329007
2.97174835319
Num demos
1
2
3
4
5
6
7
8
9
10
11
12
13
14
15
16
17
18
19
20
21
22
23
24
25
Percent states
0.04
0.08
0.12
0.16
0.2
0.24
0.28
0.32
0.36
0.4
0.44
0.48
0.52
0.56
0.6
0.64
0.68
0.72
0.76
0.8
0.84
0.88
0.92
0.96
1.0
Uncertain states
0.04
0.08
0.12
0.16
0.2
0.24
0.28
0.32
0.36
0.4
0.44
0.48
0.52
0.56
0.6
0.64
0.68
0.72
0.76
0.8
0.84
0.88
0.92
0.96
1.0
True EVDs
-69
-69
-69
-69
-69
-69
-69
-69
-69
-69
-69
-69
-69
-69
-69
-69
-69
-69
-69
-69
-69
-69
-69
-69
-69
Bound errors
-30.1332674689
-34.915282909
-32.06378549
-15.1991349372
-40.0225167122
-54.6908965724
-26.1879072281
-5.23879733178
-5.78934997928
-16.2793979531
-21.2798569245
-0.965152532812
-10.5662226168
-4.69977114471
-3.84313641549
-2.24810456195
-16.2806703799
-5.58879370139
-2.75371040803
-2.80271013628
-22.8260011748
-3.93908170366
-6.52290058959
-2.02735939523
-2.79537445835
Policy optimalities
0.68
0.72
0.76
0.84
0.88
0.88
0.88
0.92
1.0
1.0
1.0
1.0
1.0
1.0
1.0
1.0
1.0
1.0
1.0
1.0
1.0
1.0
1.0
1.0
1.0
Policy accuracies
Confidence
1.0
Accuracy
0.0
Confusion matrices
[[0, 25], [0, 0]]
NEW THRESHOLD 2
Percent Improvements
30.1137377668
34.9113549083
32.0621186054
15.3653036685
40.1853256568
54.853705517
26.3547137101
5.40850268061
5.96572387411
16.4557718479
21.4562308193
10.7425965116
4.87614503955
4.01951031032
2.42447845679
16.4570442747
5.76516759623
2.93008430287
2.97908403112
23.0023750696
4.1154555985
6.69927448443
2.20373329007
2.97174835319
Num demos
1
2
3
4
5
6
7
8
9
10
11
13
14
15
16
17
18
19
20
21
22
23
24
25
Percent states
0.04
0.08
0.12
0.16
0.2
0.24
0.28
0.32
0.36
0.4
0.44
0.52
0.56
0.6
0.64
0.68
0.72
0.76
0.8
0.84
0.88
0.92
0.96
1.0
Uncertain states
0.04
0.08
0.12
0.16
0.2
0.24
0.28
0.32
0.36
0.4
0.44
0.52
0.56
0.6
0.64
0.68
0.72
0.76
0.8
0.84
0.88
0.92
0.96
1.0
True EVDs
-69
-69
-69
-69
-69
-69
-69
-69
-69
-69
-69
-69
-69
-69
-69
-69
-69
-69
-69
-69
-69
-69
-69
-69
Bound errors
-30.1332674689
-34.915282909
-32.06378549
-15.1991349372
-40.0225167122
-54.6908965724
-26.1879072281
-5.23879733178
-5.78934997928
-16.2793979531
-21.2798569245
-10.5662226168
-4.69977114471
-3.84313641549
-2.24810456195
-16.2806703799
-5.58879370139
-2.75371040803
-2.80271013628
-22.8260011748
-3.93908170366
-6.52290058959
-2.02735939523
-2.79537445835
Policy optimalities
0.68
0.72
0.76
0.84
0.88
0.88
0.88
0.92
1.0
1.0
1.0
1.0
1.0
1.0
1.0
1.0
1.0
1.0
1.0
1.0
1.0
1.0
1.0
1.0
Policy accuracies
Confidence
1.0
Accuracy
0.0
Confusion matrices
[[0, 24], [0, 1]]
NEW THRESHOLD 3
Percent Improvements
30.1137377668
34.9113549083
32.0621186054
15.3653036685
40.1853256568
54.853705517
26.3547137101
5.40850268061
5.96572387411
16.4557718479
21.4562308193
10.7425965116
4.87614503955
4.01951031032
16.4570442747
5.76516759623
23.0023750696
4.1154555985
6.69927448443
Num demos
1
2
3
4
5
6
7
8
9
10
11
13
14
15
17
18
21
22
23
Percent states
0.04
0.08
0.12
0.16
0.2
0.24
0.28
0.32
0.36
0.4
0.44
0.52
0.56
0.6
0.68
0.72
0.84
0.88
0.92
Uncertain states
0.04
0.08
0.12
0.16
0.2
0.24
0.28
0.32
0.36
0.4
0.44
0.52
0.56
0.6
0.68
0.72
0.84
0.88
0.92
True EVDs
-69
-69
-69
-69
-69
-69
-69
-69
-69
-69
-69
-69
-69
-69
-69
-69
-69
-69
-69
Bound errors
-30.1332674689
-34.915282909
-32.06378549
-15.1991349372
-40.0225167122
-54.6908965724
-26.1879072281
-5.23879733178
-5.78934997928
-16.2793979531
-21.2798569245
-10.5662226168
-4.69977114471
-3.84313641549
-16.2806703799
-5.58879370139
-22.8260011748
-3.93908170366
-6.52290058959
Policy optimalities
0.68
0.72
0.76
0.84
0.88
0.88
0.88
0.92
1.0
1.0
1.0
1.0
1.0
1.0
1.0
1.0
1.0
1.0
1.0
Policy accuracies
Confidence
1.0
Accuracy
0.0
Confusion matrices
[[0, 19], [0, 6]]
NEW THRESHOLD 4
Percent Improvements
30.1137377668
34.9113549083
32.0621186054
15.3653036685
40.1853256568
54.853705517
26.3547137101
5.40850268061
5.96572387411
16.4557718479
21.4562308193
10.7425965116
4.87614503955
4.01951031032
16.4570442747
5.76516759623
23.0023750696
4.1154555985
6.69927448443
Num demos
1
2
3
4
5
6
7
8
9
10
11
13
14
15
17
18
21
22
23
Percent states
0.04
0.08
0.12
0.16
0.2
0.24
0.28
0.32
0.36
0.4
0.44
0.52
0.56
0.6
0.68
0.72
0.84
0.88
0.92
Uncertain states
0.04
0.08
0.12
0.16
0.2
0.24
0.28
0.32
0.36
0.4
0.44
0.52
0.56
0.6
0.68
0.72
0.84
0.88
0.92
True EVDs
-69
-69
-69
-69
-69
-69
-69
-69
-69
-69
-69
-69
-69
-69
-69
-69
-69
-69
-69
Bound errors
-30.1332674689
-34.915282909
-32.06378549
-15.1991349372
-40.0225167122
-54.6908965724
-26.1879072281
-5.23879733178
-5.78934997928
-16.2793979531
-21.2798569245
-10.5662226168
-4.69977114471
-3.84313641549
-16.2806703799
-5.58879370139
-22.8260011748
-3.93908170366
-6.52290058959
Policy optimalities
0.68
0.72
0.76
0.84
0.88
0.88
0.88
0.92
1.0
1.0
1.0
1.0
1.0
1.0
1.0
1.0
1.0
1.0
1.0
Policy accuracies
Confidence
1.0
Accuracy
0.0
Confusion matrices
[[0, 19], [0, 6]]
NEW THRESHOLD 5
Percent Improvements
30.1137377668
34.9113549083
32.0621186054
15.3653036685
40.1853256568
54.853705517
26.3547137101
5.40850268061
5.96572387411
16.4557718479
21.4562308193
10.7425965116
16.4570442747
5.76516759623
23.0023750696
6.69927448443
Num demos
1
2
3
4
5
6
7
8
9
10
11
13
17
18
21
23
Percent states
0.04
0.08
0.12
0.16
0.2
0.24
0.28
0.32
0.36
0.4
0.44
0.52
0.68
0.72
0.84
0.92
Uncertain states
0.04
0.08
0.12
0.16
0.2
0.24
0.28
0.32
0.36
0.4
0.44
0.52
0.68
0.72
0.84
0.92
True EVDs
-69
-69
-69
-69
-69
-69
-69
-69
-69
-69
-69
-69
-69
-69
-69
-69
Bound errors
-30.1332674689
-34.915282909
-32.06378549
-15.1991349372
-40.0225167122
-54.6908965724
-26.1879072281
-5.23879733178
-5.78934997928
-16.2793979531
-21.2798569245
-10.5662226168
-16.2806703799
-5.58879370139
-22.8260011748
-6.52290058959
Policy optimalities
0.68
0.72
0.76
0.84
0.88
0.88
0.88
0.92
1.0
1.0
1.0
1.0
1.0
1.0
1.0
1.0
Policy accuracies
Confidence
1.0
Accuracy
0.0
Confusion matrices
[[0, 16], [0, 9]]
NEW THRESHOLD 6
Percent Improvements
30.1137377668
34.9113549083
32.0621186054
15.3653036685
40.1853256568
54.853705517
26.3547137101
16.4557718479
21.4562308193
10.7425965116
16.4570442747
23.0023750696
6.69927448443
Num demos
1
2
3
4
5
6
7
10
11
13
17
21
23
Percent states
0.04
0.08
0.12
0.16
0.2
0.24
0.28
0.4
0.44
0.52
0.68
0.84
0.92
Uncertain states
0.04
0.08
0.12
0.16
0.2
0.24
0.28
0.4
0.44
0.52
0.68
0.84
0.92
True EVDs
-69
-69
-69
-69
-69
-69
-69
-69
-69
-69
-69
-69
-69
Bound errors
-30.1332674689
-34.915282909
-32.06378549
-15.1991349372
-40.0225167122
-54.6908965724
-26.1879072281
-16.2793979531
-21.2798569245
-10.5662226168
-16.2806703799
-22.8260011748
-6.52290058959
Policy optimalities
0.68
0.72
0.76
0.84
0.88
0.88
0.88
1.0
1.0
1.0
1.0
1.0
1.0
Policy accuracies
Confidence
1.0
Accuracy
0.0
Confusion matrices
[[0, 13], [0, 12]]
NEW THRESHOLD 7
Percent Improvements
30.1137377668
34.9113549083
32.0621186054
15.3653036685
40.1853256568
54.853705517
26.3547137101
16.4557718479
21.4562308193
10.7425965116
16.4570442747
23.0023750696
Num demos
1
2
3
4
5
6
7
10
11
13
17
21
Percent states
0.04
0.08
0.12
0.16
0.2
0.24
0.28
0.4
0.44
0.52
0.68
0.84
Uncertain states
0.04
0.08
0.12
0.16
0.2
0.24
0.28
0.4
0.44
0.52
0.68
0.84
True EVDs
-69
-69
-69
-69
-69
-69
-69
-69
-69
-69
-69
-69
Bound errors
-30.1332674689
-34.915282909
-32.06378549
-15.1991349372
-40.0225167122
-54.6908965724
-26.1879072281
-16.2793979531
-21.2798569245
-10.5662226168
-16.2806703799
-22.8260011748
Policy optimalities
0.68
0.72
0.76
0.84
0.88
0.88
0.88
1.0
1.0
1.0
1.0
1.0
Policy accuracies
Confidence
1.0
Accuracy
0.0
Confusion matrices
[[0, 12], [0, 13]]
NEW THRESHOLD 8
Percent Improvements
30.1137377668
34.9113549083
32.0621186054
15.3653036685
40.1853256568
54.853705517
26.3547137101
16.4557718479
21.4562308193
10.7425965116
16.4570442747
23.0023750696
Num demos
1
2
3
4
5
6
7
10
11
13
17
21
Percent states
0.04
0.08
0.12
0.16
0.2
0.24
0.28
0.4
0.44
0.52
0.68
0.84
Uncertain states
0.04
0.08
0.12
0.16
0.2
0.24
0.28
0.4
0.44
0.52
0.68
0.84
True EVDs
-69
-69
-69
-69
-69
-69
-69
-69
-69
-69
-69
-69
Bound errors
-30.1332674689
-34.915282909
-32.06378549
-15.1991349372
-40.0225167122
-54.6908965724
-26.1879072281
-16.2793979531
-21.2798569245
-10.5662226168
-16.2806703799
-22.8260011748
Policy optimalities
0.68
0.72
0.76
0.84
0.88
0.88
0.88
1.0
1.0
1.0
1.0
1.0
Policy accuracies
Confidence
1.0
Accuracy
0.0
Confusion matrices
[[0, 12], [0, 13]]
NEW THRESHOLD 9
Percent Improvements
30.1137377668
34.9113549083
32.0621186054
15.3653036685
40.1853256568
54.853705517
26.3547137101
16.4557718479
21.4562308193
10.7425965116
16.4570442747
23.0023750696
Num demos
1
2
3
4
5
6
7
10
11
13
17
21
Percent states
0.04
0.08
0.12
0.16
0.2
0.24
0.28
0.4
0.44
0.52
0.68
0.84
Uncertain states
0.04
0.08
0.12
0.16
0.2
0.24
0.28
0.4
0.44
0.52
0.68
0.84
True EVDs
-69
-69
-69
-69
-69
-69
-69
-69
-69
-69
-69
-69
Bound errors
-30.1332674689
-34.915282909
-32.06378549
-15.1991349372
-40.0225167122
-54.6908965724
-26.1879072281
-16.2793979531
-21.2798569245
-10.5662226168
-16.2806703799
-22.8260011748
Policy optimalities
0.68
0.72
0.76
0.84
0.88
0.88
0.88
1.0
1.0
1.0
1.0
1.0
Policy accuracies
Confidence
1.0
Accuracy
0.0
Confusion matrices
[[0, 12], [0, 13]]
NEW THRESHOLD 10
Percent Improvements
30.1137377668
34.9113549083
32.0621186054
15.3653036685
40.1853256568
54.853705517
26.3547137101
16.4557718479
21.4562308193
10.7425965116
16.4570442747
23.0023750696
Num demos
1
2
3
4
5
6
7
10
11
13
17
21
Percent states
0.04
0.08
0.12
0.16
0.2
0.24
0.28
0.4
0.44
0.52
0.68
0.84
Uncertain states
0.04
0.08
0.12
0.16
0.2
0.24
0.28
0.4
0.44
0.52
0.68
0.84
True EVDs
-69
-69
-69
-69
-69
-69
-69
-69
-69
-69
-69
-69
Bound errors
-30.1332674689
-34.915282909
-32.06378549
-15.1991349372
-40.0225167122
-54.6908965724
-26.1879072281
-16.2793979531
-21.2798569245
-10.5662226168
-16.2806703799
-22.8260011748
Policy optimalities
0.68
0.72
0.76
0.84
0.88
0.88
0.88
1.0
1.0
1.0
1.0
1.0
Policy accuracies
Confidence
1.0
Accuracy
0.0
Confusion matrices
[[0, 12], [0, 13]]
NEW THRESHOLD 20
Percent Improvements
30.1137377668
34.9113549083
32.0621186054
40.1853256568
54.853705517
26.3547137101
21.4562308193
23.0023750696
Num demos
1
2
3
5
6
7
11
21
Percent states
0.04
0.08
0.12
0.2
0.24
0.28
0.44
0.84
Uncertain states
0.04
0.08
0.12
0.2
0.24
0.28
0.44
0.84
True EVDs
-69
-69
-69
-69
-69
-69
-69
-69
Bound errors
-30.1332674689
-34.915282909
-32.06378549
-40.0225167122
-54.6908965724
-26.1879072281
-21.2798569245
-22.8260011748
Policy optimalities
0.68
0.72
0.76
0.88
0.88
0.88
1.0
1.0
Policy accuracies
Confidence
1.0
Accuracy
0.0
Confusion matrices
[[0, 8], [0, 17]]
NEW THRESHOLD 30
Percent Improvements
30.1137377668
34.9113549083
32.0621186054
40.1853256568
54.853705517
Num demos
1
2
3
5
6
Percent states
0.04
0.08
0.12
0.2
0.24
Uncertain states
0.04
0.08
0.12
0.2
0.24
True EVDs
-69
-69
-69
-69
-69
Bound errors
-30.1332674689
-34.915282909
-32.06378549
-40.0225167122
-54.6908965724
Policy optimalities
0.68
0.72
0.76
0.88
0.88
Policy accuracies
Confidence
1.0
Accuracy
0.0
Confusion matrices
[[0, 5], [0, 20]]
NEW THRESHOLD 40
Percent Improvements
40.1853256568
54.853705517
Num demos
5
6
Percent states
0.2
0.24
Uncertain states
0.2
0.24
True EVDs
-69
-69
Bound errors
-40.0225167122
-54.6908965724
Policy optimalities
0.88
0.88
Policy accuracies
Confidence
1.0
Accuracy
0.0
Confusion matrices
[[0, 2], [0, 23]]
NEW THRESHOLD 50
Percent Improvements
54.853705517
Num demos
6
Percent states
0.24
Uncertain states
0.24
True EVDs
-69
Bound errors
-54.6908965724
Policy optimalities
0.88
Policy accuracies
Confidence
1.0
Accuracy
0.0
Confusion matrices
[[0, 1], [0, 24]]
NEW THRESHOLD 60
Percent Improvements
Num demos
Percent states
Uncertain states
True EVDs
Bound errors
Policy optimalities
Policy accuracies
Confidence
0.0
Accuracy
0.0
Confusion matrices
[[0, 0], [0, 25]]
NEW THRESHOLD 70
Percent Improvements
Num demos
Percent states
Uncertain states
True EVDs
Bound errors
Policy optimalities
Policy accuracies
Confidence
0.0
Accuracy
0.0
Confusion matrices
[[0, 0], [0, 25]]
NEW THRESHOLD 80
Percent Improvements
Num demos
Percent states
Uncertain states
True EVDs
Bound errors
Policy optimalities
Policy accuracies
Confidence
0.0
Accuracy
0.0
Confusion matrices
[[0, 0], [0, 25]]
NEW THRESHOLD 90
Percent Improvements
Num demos
Percent states
Uncertain states
True EVDs
Bound errors
Policy optimalities
Policy accuracies
Confidence
0.0
Accuracy
0.0
Confusion matrices
[[0, 0], [0, 25]]
NEW THRESHOLD 100
Percent Improvements
Num demos
Percent states
Uncertain states
True EVDs
Bound errors
Policy optimalities
Policy accuracies
Confidence
0.0
Accuracy
0.0
Confusion matrices
[[0, 0], [0, 25]]
**************************************************
Total running minutes: 57.58968319892883
