BASELINE POLICY: evd 0.581087269460138, policy optimality 0.64, and policy accuracy 0.56
NEW THRESHOLD 0.0
Percent Improvements
9.86156657641
37.9270134421
17.5166568272
9.15708514679
18.4722874302
4.95113495612
9.14714010635
51.2644451293
44.2191819932
10.1478301738
8.39365749687
60.2496417269
6.86975147615
9.48362344449
15.301007523
8.77875249049
40.6455506815
22.5128150145
4.23115827042
7.23393626054
9.38981581463
17.4675867838
7.61140276512
40.2763399849
32.7049563892
Num demos
1
2
3
4
5
6
7
8
9
10
11
12
13
14
15
16
17
18
19
20
21
22
23
24
25
Percent states
0.04
0.08
0.12
0.16
0.2
0.24
0.28
0.32
0.36
0.4
0.44
0.48
0.52
0.56
0.6
0.64
0.68
0.72
0.76
0.8
0.84
0.88
0.92
0.96
1.0
Uncertain states
0.04
0.08
0.12
0.16
0.2
0.24
0.28
0.32
0.36
0.4
0.4
0.44
0.48
0.52
0.56
0.56
0.6
0.6
0.6
0.64
0.64
0.64
0.64
0.68
0.72
True EVDs
-69
-69
-69
-69
-69
-69
-69
-69
-69
-69
-69
-69
-69
-69
-69
-69
-69
-69
-69
-69
-69
-69
-69
-69
-69
Bound errors
-9.03111718077
-37.0965640465
-16.6920775977
-8.33250591731
-17.6418380346
-4.12068556047
-8.3166907107
-50.4339957336
-43.3887325976
-9.31738077819
-7.56320810122
-59.4191923313
-6.0393020805
-8.65317404884
-14.4705581273
-7.94830309484
-39.8151012859
-21.6823656188
-3.40070887477
-6.40348686489
-8.55936641898
-16.6371373882
-6.78095336948
-39.4458905892
-31.8745069935
Policy optimalities
1.0
1.0
0.92
0.92
1.0
1.0
1.0
1.0
1.0
1.0
1.0
1.0
1.0
1.0
1.0
1.0
1.0
1.0
1.0
1.0
1.0
1.0
1.0
1.0
1.0
Policy accuracies
Confidence
1.0
Accuracy
0.0
Confusion matrices
[[25, 0], [0, 0]]
NEW THRESHOLD 0.1
Percent Improvements
9.86156657641
37.9270134421
17.5166568272
9.15708514679
18.4722874302
4.95113495612
9.14714010635
51.2644451293
44.2191819932
10.1478301738
8.39365749687
60.2496417269
6.86975147615
9.48362344449
15.301007523
8.77875249049
40.6455506815
22.5128150145
4.23115827042
7.23393626054
9.38981581463
17.4675867838
7.61140276512
40.2763399849
32.7049563892
Num demos
1
2
3
4
5
6
7
8
9
10
11
12
13
14
15
16
17
18
19
20
21
22
23
24
25
Percent states
0.04
0.08
0.12
0.16
0.2
0.24
0.28
0.32
0.36
0.4
0.44
0.48
0.52
0.56
0.6
0.64
0.68
0.72
0.76
0.8
0.84
0.88
0.92
0.96
1.0
Uncertain states
0.04
0.08
0.12
0.16
0.2
0.24
0.28
0.32
0.36
0.4
0.4
0.44
0.48
0.52
0.56
0.56
0.6
0.6
0.6
0.64
0.64
0.64
0.64
0.68
0.72
True EVDs
-69
-69
-69
-69
-69
-69
-69
-69
-69
-69
-69
-69
-69
-69
-69
-69
-69
-69
-69
-69
-69
-69
-69
-69
-69
Bound errors
-9.03111718077
-37.0965640465
-16.6920775977
-8.33250591731
-17.6418380346
-4.12068556047
-8.3166907107
-50.4339957336
-43.3887325976
-9.31738077819
-7.56320810122
-59.4191923313
-6.0393020805
-8.65317404884
-14.4705581273
-7.94830309484
-39.8151012859
-21.6823656188
-3.40070887477
-6.40348686489
-8.55936641898
-16.6371373882
-6.78095336948
-39.4458905892
-31.8745069935
Policy optimalities
1.0
1.0
0.92
0.92
1.0
1.0
1.0
1.0
1.0
1.0
1.0
1.0
1.0
1.0
1.0
1.0
1.0
1.0
1.0
1.0
1.0
1.0
1.0
1.0
1.0
Policy accuracies
Confidence
1.0
Accuracy
0.0
Confusion matrices
[[25, 0], [0, 0]]
NEW THRESHOLD 0.2
Percent Improvements
9.86156657641
37.9270134421
17.5166568272
9.15708514679
18.4722874302
4.95113495612
9.14714010635
51.2644451293
44.2191819932
10.1478301738
8.39365749687
60.2496417269
6.86975147615
9.48362344449
15.301007523
8.77875249049
40.6455506815
22.5128150145
4.23115827042
7.23393626054
9.38981581463
17.4675867838
7.61140276512
40.2763399849
32.7049563892
Num demos
1
2
3
4
5
6
7
8
9
10
11
12
13
14
15
16
17
18
19
20
21
22
23
24
25
Percent states
0.04
0.08
0.12
0.16
0.2
0.24
0.28
0.32
0.36
0.4
0.44
0.48
0.52
0.56
0.6
0.64
0.68
0.72
0.76
0.8
0.84
0.88
0.92
0.96
1.0
Uncertain states
0.04
0.08
0.12
0.16
0.2
0.24
0.28
0.32
0.36
0.4
0.4
0.44
0.48
0.52
0.56
0.56
0.6
0.6
0.6
0.64
0.64
0.64
0.64
0.68
0.72
True EVDs
-69
-69
-69
-69
-69
-69
-69
-69
-69
-69
-69
-69
-69
-69
-69
-69
-69
-69
-69
-69
-69
-69
-69
-69
-69
Bound errors
-9.03111718077
-37.0965640465
-16.6920775977
-8.33250591731
-17.6418380346
-4.12068556047
-8.3166907107
-50.4339957336
-43.3887325976
-9.31738077819
-7.56320810122
-59.4191923313
-6.0393020805
-8.65317404884
-14.4705581273
-7.94830309484
-39.8151012859
-21.6823656188
-3.40070887477
-6.40348686489
-8.55936641898
-16.6371373882
-6.78095336948
-39.4458905892
-31.8745069935
Policy optimalities
1.0
1.0
0.92
0.92
1.0
1.0
1.0
1.0
1.0
1.0
1.0
1.0
1.0
1.0
1.0
1.0
1.0
1.0
1.0
1.0
1.0
1.0
1.0
1.0
1.0
Policy accuracies
Confidence
1.0
Accuracy
0.0
Confusion matrices
[[25, 0], [0, 0]]
NEW THRESHOLD 0.3
Percent Improvements
9.86156657641
37.9270134421
17.5166568272
9.15708514679
18.4722874302
4.95113495612
9.14714010635
51.2644451293
44.2191819932
10.1478301738
8.39365749687
60.2496417269
6.86975147615
9.48362344449
15.301007523
8.77875249049
40.6455506815
22.5128150145
4.23115827042
7.23393626054
9.38981581463
17.4675867838
7.61140276512
40.2763399849
32.7049563892
Num demos
1
2
3
4
5
6
7
8
9
10
11
12
13
14
15
16
17
18
19
20
21
22
23
24
25
Percent states
0.04
0.08
0.12
0.16
0.2
0.24
0.28
0.32
0.36
0.4
0.44
0.48
0.52
0.56
0.6
0.64
0.68
0.72
0.76
0.8
0.84
0.88
0.92
0.96
1.0
Uncertain states
0.04
0.08
0.12
0.16
0.2
0.24
0.28
0.32
0.36
0.4
0.4
0.44
0.48
0.52
0.56
0.56
0.6
0.6
0.6
0.64
0.64
0.64
0.64
0.68
0.72
True EVDs
-69
-69
-69
-69
-69
-69
-69
-69
-69
-69
-69
-69
-69
-69
-69
-69
-69
-69
-69
-69
-69
-69
-69
-69
-69
Bound errors
-9.03111718077
-37.0965640465
-16.6920775977
-8.33250591731
-17.6418380346
-4.12068556047
-8.3166907107
-50.4339957336
-43.3887325976
-9.31738077819
-7.56320810122
-59.4191923313
-6.0393020805
-8.65317404884
-14.4705581273
-7.94830309484
-39.8151012859
-21.6823656188
-3.40070887477
-6.40348686489
-8.55936641898
-16.6371373882
-6.78095336948
-39.4458905892
-31.8745069935
Policy optimalities
1.0
1.0
0.92
0.92
1.0
1.0
1.0
1.0
1.0
1.0
1.0
1.0
1.0
1.0
1.0
1.0
1.0
1.0
1.0
1.0
1.0
1.0
1.0
1.0
1.0
Policy accuracies
Confidence
1.0
Accuracy
0.0
Confusion matrices
[[25, 0], [0, 0]]
NEW THRESHOLD 0.4
Percent Improvements
9.86156657641
37.9270134421
17.5166568272
9.15708514679
18.4722874302
4.95113495612
9.14714010635
51.2644451293
44.2191819932
10.1478301738
8.39365749687
60.2496417269
6.86975147615
9.48362344449
15.301007523
8.77875249049
40.6455506815
22.5128150145
4.23115827042
7.23393626054
9.38981581463
17.4675867838
7.61140276512
40.2763399849
32.7049563892
Num demos
1
2
3
4
5
6
7
8
9
10
11
12
13
14
15
16
17
18
19
20
21
22
23
24
25
Percent states
0.04
0.08
0.12
0.16
0.2
0.24
0.28
0.32
0.36
0.4
0.44
0.48
0.52
0.56
0.6
0.64
0.68
0.72
0.76
0.8
0.84
0.88
0.92
0.96
1.0
Uncertain states
0.04
0.08
0.12
0.16
0.2
0.24
0.28
0.32
0.36
0.4
0.4
0.44
0.48
0.52
0.56
0.56
0.6
0.6
0.6
0.64
0.64
0.64
0.64
0.68
0.72
True EVDs
-69
-69
-69
-69
-69
-69
-69
-69
-69
-69
-69
-69
-69
-69
-69
-69
-69
-69
-69
-69
-69
-69
-69
-69
-69
Bound errors
-9.03111718077
-37.0965640465
-16.6920775977
-8.33250591731
-17.6418380346
-4.12068556047
-8.3166907107
-50.4339957336
-43.3887325976
-9.31738077819
-7.56320810122
-59.4191923313
-6.0393020805
-8.65317404884
-14.4705581273
-7.94830309484
-39.8151012859
-21.6823656188
-3.40070887477
-6.40348686489
-8.55936641898
-16.6371373882
-6.78095336948
-39.4458905892
-31.8745069935
Policy optimalities
1.0
1.0
0.92
0.92
1.0
1.0
1.0
1.0
1.0
1.0
1.0
1.0
1.0
1.0
1.0
1.0
1.0
1.0
1.0
1.0
1.0
1.0
1.0
1.0
1.0
Policy accuracies
Confidence
1.0
Accuracy
0.0
Confusion matrices
[[25, 0], [0, 0]]
NEW THRESHOLD 0.5
Percent Improvements
9.86156657641
37.9270134421
17.5166568272
9.15708514679
18.4722874302
4.95113495612
9.14714010635
51.2644451293
44.2191819932
10.1478301738
8.39365749687
60.2496417269
6.86975147615
9.48362344449
15.301007523
8.77875249049
40.6455506815
22.5128150145
4.23115827042
7.23393626054
9.38981581463
17.4675867838
7.61140276512
40.2763399849
32.7049563892
Num demos
1
2
3
4
5
6
7
8
9
10
11
12
13
14
15
16
17
18
19
20
21
22
23
24
25
Percent states
0.04
0.08
0.12
0.16
0.2
0.24
0.28
0.32
0.36
0.4
0.44
0.48
0.52
0.56
0.6
0.64
0.68
0.72
0.76
0.8
0.84
0.88
0.92
0.96
1.0
Uncertain states
0.04
0.08
0.12
0.16
0.2
0.24
0.28
0.32
0.36
0.4
0.4
0.44
0.48
0.52
0.56
0.56
0.6
0.6
0.6
0.64
0.64
0.64
0.64
0.68
0.72
True EVDs
-69
-69
-69
-69
-69
-69
-69
-69
-69
-69
-69
-69
-69
-69
-69
-69
-69
-69
-69
-69
-69
-69
-69
-69
-69
Bound errors
-9.03111718077
-37.0965640465
-16.6920775977
-8.33250591731
-17.6418380346
-4.12068556047
-8.3166907107
-50.4339957336
-43.3887325976
-9.31738077819
-7.56320810122
-59.4191923313
-6.0393020805
-8.65317404884
-14.4705581273
-7.94830309484
-39.8151012859
-21.6823656188
-3.40070887477
-6.40348686489
-8.55936641898
-16.6371373882
-6.78095336948
-39.4458905892
-31.8745069935
Policy optimalities
1.0
1.0
0.92
0.92
1.0
1.0
1.0
1.0
1.0
1.0
1.0
1.0
1.0
1.0
1.0
1.0
1.0
1.0
1.0
1.0
1.0
1.0
1.0
1.0
1.0
Policy accuracies
Confidence
1.0
Accuracy
0.0
Confusion matrices
[[25, 0], [0, 0]]
NEW THRESHOLD 0.6
Percent Improvements
9.86156657641
37.9270134421
17.5166568272
9.15708514679
18.4722874302
4.95113495612
9.14714010635
51.2644451293
44.2191819932
10.1478301738
8.39365749687
60.2496417269
6.86975147615
9.48362344449
15.301007523
8.77875249049
40.6455506815
22.5128150145
4.23115827042
7.23393626054
9.38981581463
17.4675867838
7.61140276512
40.2763399849
32.7049563892
Num demos
1
2
3
4
5
6
7
8
9
10
11
12
13
14
15
16
17
18
19
20
21
22
23
24
25
Percent states
0.04
0.08
0.12
0.16
0.2
0.24
0.28
0.32
0.36
0.4
0.44
0.48
0.52
0.56
0.6
0.64
0.68
0.72
0.76
0.8
0.84
0.88
0.92
0.96
1.0
Uncertain states
0.04
0.08
0.12
0.16
0.2
0.24
0.28
0.32
0.36
0.4
0.4
0.44
0.48
0.52
0.56
0.56
0.6
0.6
0.6
0.64
0.64
0.64
0.64
0.68
0.72
True EVDs
-69
-69
-69
-69
-69
-69
-69
-69
-69
-69
-69
-69
-69
-69
-69
-69
-69
-69
-69
-69
-69
-69
-69
-69
-69
Bound errors
-9.03111718077
-37.0965640465
-16.6920775977
-8.33250591731
-17.6418380346
-4.12068556047
-8.3166907107
-50.4339957336
-43.3887325976
-9.31738077819
-7.56320810122
-59.4191923313
-6.0393020805
-8.65317404884
-14.4705581273
-7.94830309484
-39.8151012859
-21.6823656188
-3.40070887477
-6.40348686489
-8.55936641898
-16.6371373882
-6.78095336948
-39.4458905892
-31.8745069935
Policy optimalities
1.0
1.0
0.92
0.92
1.0
1.0
1.0
1.0
1.0
1.0
1.0
1.0
1.0
1.0
1.0
1.0
1.0
1.0
1.0
1.0
1.0
1.0
1.0
1.0
1.0
Policy accuracies
Confidence
1.0
Accuracy
0.0
Confusion matrices
[[25, 0], [0, 0]]
NEW THRESHOLD 0.7
Percent Improvements
9.86156657641
37.9270134421
17.5166568272
9.15708514679
18.4722874302
4.95113495612
9.14714010635
51.2644451293
44.2191819932
10.1478301738
8.39365749687
60.2496417269
6.86975147615
9.48362344449
15.301007523
8.77875249049
40.6455506815
22.5128150145
4.23115827042
7.23393626054
9.38981581463
17.4675867838
7.61140276512
40.2763399849
32.7049563892
Num demos
1
2
3
4
5
6
7
8
9
10
11
12
13
14
15
16
17
18
19
20
21
22
23
24
25
Percent states
0.04
0.08
0.12
0.16
0.2
0.24
0.28
0.32
0.36
0.4
0.44
0.48
0.52
0.56
0.6
0.64
0.68
0.72
0.76
0.8
0.84
0.88
0.92
0.96
1.0
Uncertain states
0.04
0.08
0.12
0.16
0.2
0.24
0.28
0.32
0.36
0.4
0.4
0.44
0.48
0.52
0.56
0.56
0.6
0.6
0.6
0.64
0.64
0.64
0.64
0.68
0.72
True EVDs
-69
-69
-69
-69
-69
-69
-69
-69
-69
-69
-69
-69
-69
-69
-69
-69
-69
-69
-69
-69
-69
-69
-69
-69
-69
Bound errors
-9.03111718077
-37.0965640465
-16.6920775977
-8.33250591731
-17.6418380346
-4.12068556047
-8.3166907107
-50.4339957336
-43.3887325976
-9.31738077819
-7.56320810122
-59.4191923313
-6.0393020805
-8.65317404884
-14.4705581273
-7.94830309484
-39.8151012859
-21.6823656188
-3.40070887477
-6.40348686489
-8.55936641898
-16.6371373882
-6.78095336948
-39.4458905892
-31.8745069935
Policy optimalities
1.0
1.0
0.92
0.92
1.0
1.0
1.0
1.0
1.0
1.0
1.0
1.0
1.0
1.0
1.0
1.0
1.0
1.0
1.0
1.0
1.0
1.0
1.0
1.0
1.0
Policy accuracies
Confidence
1.0
Accuracy
0.0
Confusion matrices
[[25, 0], [0, 0]]
NEW THRESHOLD 0.8
Percent Improvements
9.86156657641
37.9270134421
17.5166568272
9.15708514679
18.4722874302
4.95113495612
9.14714010635
51.2644451293
44.2191819932
10.1478301738
8.39365749687
60.2496417269
6.86975147615
9.48362344449
15.301007523
8.77875249049
40.6455506815
22.5128150145
4.23115827042
7.23393626054
9.38981581463
17.4675867838
7.61140276512
40.2763399849
32.7049563892
Num demos
1
2
3
4
5
6
7
8
9
10
11
12
13
14
15
16
17
18
19
20
21
22
23
24
25
Percent states
0.04
0.08
0.12
0.16
0.2
0.24
0.28
0.32
0.36
0.4
0.44
0.48
0.52
0.56
0.6
0.64
0.68
0.72
0.76
0.8
0.84
0.88
0.92
0.96
1.0
Uncertain states
0.04
0.08
0.12
0.16
0.2
0.24
0.28
0.32
0.36
0.4
0.4
0.44
0.48
0.52
0.56
0.56
0.6
0.6
0.6
0.64
0.64
0.64
0.64
0.68
0.72
True EVDs
-69
-69
-69
-69
-69
-69
-69
-69
-69
-69
-69
-69
-69
-69
-69
-69
-69
-69
-69
-69
-69
-69
-69
-69
-69
Bound errors
-9.03111718077
-37.0965640465
-16.6920775977
-8.33250591731
-17.6418380346
-4.12068556047
-8.3166907107
-50.4339957336
-43.3887325976
-9.31738077819
-7.56320810122
-59.4191923313
-6.0393020805
-8.65317404884
-14.4705581273
-7.94830309484
-39.8151012859
-21.6823656188
-3.40070887477
-6.40348686489
-8.55936641898
-16.6371373882
-6.78095336948
-39.4458905892
-31.8745069935
Policy optimalities
1.0
1.0
0.92
0.92
1.0
1.0
1.0
1.0
1.0
1.0
1.0
1.0
1.0
1.0
1.0
1.0
1.0
1.0
1.0
1.0
1.0
1.0
1.0
1.0
1.0
Policy accuracies
Confidence
1.0
Accuracy
0.0
Confusion matrices
[[25, 0], [0, 0]]
NEW THRESHOLD 0.9
Percent Improvements
9.86156657641
37.9270134421
17.5166568272
9.15708514679
18.4722874302
4.95113495612
9.14714010635
51.2644451293
44.2191819932
10.1478301738
8.39365749687
60.2496417269
6.86975147615
9.48362344449
15.301007523
8.77875249049
40.6455506815
22.5128150145
4.23115827042
7.23393626054
9.38981581463
17.4675867838
7.61140276512
40.2763399849
32.7049563892
Num demos
1
2
3
4
5
6
7
8
9
10
11
12
13
14
15
16
17
18
19
20
21
22
23
24
25
Percent states
0.04
0.08
0.12
0.16
0.2
0.24
0.28
0.32
0.36
0.4
0.44
0.48
0.52
0.56
0.6
0.64
0.68
0.72
0.76
0.8
0.84
0.88
0.92
0.96
1.0
Uncertain states
0.04
0.08
0.12
0.16
0.2
0.24
0.28
0.32
0.36
0.4
0.4
0.44
0.48
0.52
0.56
0.56
0.6
0.6
0.6
0.64
0.64
0.64
0.64
0.68
0.72
True EVDs
-69
-69
-69
-69
-69
-69
-69
-69
-69
-69
-69
-69
-69
-69
-69
-69
-69
-69
-69
-69
-69
-69
-69
-69
-69
Bound errors
-9.03111718077
-37.0965640465
-16.6920775977
-8.33250591731
-17.6418380346
-4.12068556047
-8.3166907107
-50.4339957336
-43.3887325976
-9.31738077819
-7.56320810122
-59.4191923313
-6.0393020805
-8.65317404884
-14.4705581273
-7.94830309484
-39.8151012859
-21.6823656188
-3.40070887477
-6.40348686489
-8.55936641898
-16.6371373882
-6.78095336948
-39.4458905892
-31.8745069935
Policy optimalities
1.0
1.0
0.92
0.92
1.0
1.0
1.0
1.0
1.0
1.0
1.0
1.0
1.0
1.0
1.0
1.0
1.0
1.0
1.0
1.0
1.0
1.0
1.0
1.0
1.0
Policy accuracies
Confidence
1.0
Accuracy
0.0
Confusion matrices
[[0, 25], [0, 0]]
NEW THRESHOLD 1.0
Percent Improvements
9.86156657641
37.9270134421
17.5166568272
9.15708514679
18.4722874302
4.95113495612
9.14714010635
51.2644451293
44.2191819932
10.1478301738
8.39365749687
60.2496417269
6.86975147615
9.48362344449
15.301007523
8.77875249049
40.6455506815
22.5128150145
4.23115827042
7.23393626054
9.38981581463
17.4675867838
7.61140276512
40.2763399849
32.7049563892
Num demos
1
2
3
4
5
6
7
8
9
10
11
12
13
14
15
16
17
18
19
20
21
22
23
24
25
Percent states
0.04
0.08
0.12
0.16
0.2
0.24
0.28
0.32
0.36
0.4
0.44
0.48
0.52
0.56
0.6
0.64
0.68
0.72
0.76
0.8
0.84
0.88
0.92
0.96
1.0
Uncertain states
0.04
0.08
0.12
0.16
0.2
0.24
0.28
0.32
0.36
0.4
0.4
0.44
0.48
0.52
0.56
0.56
0.6
0.6
0.6
0.64
0.64
0.64
0.64
0.68
0.72
True EVDs
-69
-69
-69
-69
-69
-69
-69
-69
-69
-69
-69
-69
-69
-69
-69
-69
-69
-69
-69
-69
-69
-69
-69
-69
-69
Bound errors
-9.03111718077
-37.0965640465
-16.6920775977
-8.33250591731
-17.6418380346
-4.12068556047
-8.3166907107
-50.4339957336
-43.3887325976
-9.31738077819
-7.56320810122
-59.4191923313
-6.0393020805
-8.65317404884
-14.4705581273
-7.94830309484
-39.8151012859
-21.6823656188
-3.40070887477
-6.40348686489
-8.55936641898
-16.6371373882
-6.78095336948
-39.4458905892
-31.8745069935
Policy optimalities
1.0
1.0
0.92
0.92
1.0
1.0
1.0
1.0
1.0
1.0
1.0
1.0
1.0
1.0
1.0
1.0
1.0
1.0
1.0
1.0
1.0
1.0
1.0
1.0
1.0
Policy accuracies
Confidence
1.0
Accuracy
0.0
Confusion matrices
[[0, 25], [0, 0]]
NEW THRESHOLD 2
Percent Improvements
9.86156657641
37.9270134421
17.5166568272
9.15708514679
18.4722874302
4.95113495612
9.14714010635
51.2644451293
44.2191819932
10.1478301738
8.39365749687
60.2496417269
6.86975147615
9.48362344449
15.301007523
8.77875249049
40.6455506815
22.5128150145
4.23115827042
7.23393626054
9.38981581463
17.4675867838
7.61140276512
40.2763399849
32.7049563892
Num demos
1
2
3
4
5
6
7
8
9
10
11
12
13
14
15
16
17
18
19
20
21
22
23
24
25
Percent states
0.04
0.08
0.12
0.16
0.2
0.24
0.28
0.32
0.36
0.4
0.44
0.48
0.52
0.56
0.6
0.64
0.68
0.72
0.76
0.8
0.84
0.88
0.92
0.96
1.0
Uncertain states
0.04
0.08
0.12
0.16
0.2
0.24
0.28
0.32
0.36
0.4
0.4
0.44
0.48
0.52
0.56
0.56
0.6
0.6
0.6
0.64
0.64
0.64
0.64
0.68
0.72
True EVDs
-69
-69
-69
-69
-69
-69
-69
-69
-69
-69
-69
-69
-69
-69
-69
-69
-69
-69
-69
-69
-69
-69
-69
-69
-69
Bound errors
-9.03111718077
-37.0965640465
-16.6920775977
-8.33250591731
-17.6418380346
-4.12068556047
-8.3166907107
-50.4339957336
-43.3887325976
-9.31738077819
-7.56320810122
-59.4191923313
-6.0393020805
-8.65317404884
-14.4705581273
-7.94830309484
-39.8151012859
-21.6823656188
-3.40070887477
-6.40348686489
-8.55936641898
-16.6371373882
-6.78095336948
-39.4458905892
-31.8745069935
Policy optimalities
1.0
1.0
0.92
0.92
1.0
1.0
1.0
1.0
1.0
1.0
1.0
1.0
1.0
1.0
1.0
1.0
1.0
1.0
1.0
1.0
1.0
1.0
1.0
1.0
1.0
Policy accuracies
Confidence
1.0
Accuracy
0.0
Confusion matrices
[[0, 25], [0, 0]]
NEW THRESHOLD 3
Percent Improvements
9.86156657641
37.9270134421
17.5166568272
9.15708514679
18.4722874302
4.95113495612
9.14714010635
51.2644451293
44.2191819932
10.1478301738
8.39365749687
60.2496417269
6.86975147615
9.48362344449
15.301007523
8.77875249049
40.6455506815
22.5128150145
4.23115827042
7.23393626054
9.38981581463
17.4675867838
7.61140276512
40.2763399849
32.7049563892
Num demos
1
2
3
4
5
6
7
8
9
10
11
12
13
14
15
16
17
18
19
20
21
22
23
24
25
Percent states
0.04
0.08
0.12
0.16
0.2
0.24
0.28
0.32
0.36
0.4
0.44
0.48
0.52
0.56
0.6
0.64
0.68
0.72
0.76
0.8
0.84
0.88
0.92
0.96
1.0
Uncertain states
0.04
0.08
0.12
0.16
0.2
0.24
0.28
0.32
0.36
0.4
0.4
0.44
0.48
0.52
0.56
0.56
0.6
0.6
0.6
0.64
0.64
0.64
0.64
0.68
0.72
True EVDs
-69
-69
-69
-69
-69
-69
-69
-69
-69
-69
-69
-69
-69
-69
-69
-69
-69
-69
-69
-69
-69
-69
-69
-69
-69
Bound errors
-9.03111718077
-37.0965640465
-16.6920775977
-8.33250591731
-17.6418380346
-4.12068556047
-8.3166907107
-50.4339957336
-43.3887325976
-9.31738077819
-7.56320810122
-59.4191923313
-6.0393020805
-8.65317404884
-14.4705581273
-7.94830309484
-39.8151012859
-21.6823656188
-3.40070887477
-6.40348686489
-8.55936641898
-16.6371373882
-6.78095336948
-39.4458905892
-31.8745069935
Policy optimalities
1.0
1.0
0.92
0.92
1.0
1.0
1.0
1.0
1.0
1.0
1.0
1.0
1.0
1.0
1.0
1.0
1.0
1.0
1.0
1.0
1.0
1.0
1.0
1.0
1.0
Policy accuracies
Confidence
1.0
Accuracy
0.0
Confusion matrices
[[0, 25], [0, 0]]
NEW THRESHOLD 4
Percent Improvements
9.86156657641
37.9270134421
17.5166568272
9.15708514679
18.4722874302
4.95113495612
9.14714010635
51.2644451293
44.2191819932
10.1478301738
8.39365749687
60.2496417269
6.86975147615
9.48362344449
15.301007523
8.77875249049
40.6455506815
22.5128150145
4.23115827042
7.23393626054
9.38981581463
17.4675867838
7.61140276512
40.2763399849
32.7049563892
Num demos
1
2
3
4
5
6
7
8
9
10
11
12
13
14
15
16
17
18
19
20
21
22
23
24
25
Percent states
0.04
0.08
0.12
0.16
0.2
0.24
0.28
0.32
0.36
0.4
0.44
0.48
0.52
0.56
0.6
0.64
0.68
0.72
0.76
0.8
0.84
0.88
0.92
0.96
1.0
Uncertain states
0.04
0.08
0.12
0.16
0.2
0.24
0.28
0.32
0.36
0.4
0.4
0.44
0.48
0.52
0.56
0.56
0.6
0.6
0.6
0.64
0.64
0.64
0.64
0.68
0.72
True EVDs
-69
-69
-69
-69
-69
-69
-69
-69
-69
-69
-69
-69
-69
-69
-69
-69
-69
-69
-69
-69
-69
-69
-69
-69
-69
Bound errors
-9.03111718077
-37.0965640465
-16.6920775977
-8.33250591731
-17.6418380346
-4.12068556047
-8.3166907107
-50.4339957336
-43.3887325976
-9.31738077819
-7.56320810122
-59.4191923313
-6.0393020805
-8.65317404884
-14.4705581273
-7.94830309484
-39.8151012859
-21.6823656188
-3.40070887477
-6.40348686489
-8.55936641898
-16.6371373882
-6.78095336948
-39.4458905892
-31.8745069935
Policy optimalities
1.0
1.0
0.92
0.92
1.0
1.0
1.0
1.0
1.0
1.0
1.0
1.0
1.0
1.0
1.0
1.0
1.0
1.0
1.0
1.0
1.0
1.0
1.0
1.0
1.0
Policy accuracies
Confidence
1.0
Accuracy
0.0
Confusion matrices
[[0, 25], [0, 0]]
NEW THRESHOLD 5
Percent Improvements
9.86156657641
37.9270134421
17.5166568272
9.15708514679
18.4722874302
9.14714010635
51.2644451293
44.2191819932
10.1478301738
8.39365749687
60.2496417269
6.86975147615
9.48362344449
15.301007523
8.77875249049
40.6455506815
22.5128150145
7.23393626054
9.38981581463
17.4675867838
7.61140276512
40.2763399849
32.7049563892
Num demos
1
2
3
4
5
7
8
9
10
11
12
13
14
15
16
17
18
20
21
22
23
24
25
Percent states
0.04
0.08
0.12
0.16
0.2
0.28
0.32
0.36
0.4
0.44
0.48
0.52
0.56
0.6
0.64
0.68
0.72
0.8
0.84
0.88
0.92
0.96
1.0
Uncertain states
0.04
0.08
0.12
0.16
0.2
0.28
0.32
0.36
0.4
0.4
0.44
0.48
0.52
0.56
0.56
0.6
0.6
0.64
0.64
0.64
0.64
0.68
0.72
True EVDs
-69
-69
-69
-69
-69
-69
-69
-69
-69
-69
-69
-69
-69
-69
-69
-69
-69
-69
-69
-69
-69
-69
-69
Bound errors
-9.03111718077
-37.0965640465
-16.6920775977
-8.33250591731
-17.6418380346
-8.3166907107
-50.4339957336
-43.3887325976
-9.31738077819
-7.56320810122
-59.4191923313
-6.0393020805
-8.65317404884
-14.4705581273
-7.94830309484
-39.8151012859
-21.6823656188
-6.40348686489
-8.55936641898
-16.6371373882
-6.78095336948
-39.4458905892
-31.8745069935
Policy optimalities
1.0
1.0
0.92
0.92
1.0
1.0
1.0
1.0
1.0
1.0
1.0
1.0
1.0
1.0
1.0
1.0
1.0
1.0
1.0
1.0
1.0
1.0
1.0
Policy accuracies
Confidence
1.0
Accuracy
0.0
Confusion matrices
[[0, 23], [0, 2]]
NEW THRESHOLD 6
Percent Improvements
9.86156657641
37.9270134421
17.5166568272
9.15708514679
18.4722874302
9.14714010635
51.2644451293
44.2191819932
10.1478301738
8.39365749687
60.2496417269
6.86975147615
9.48362344449
15.301007523
8.77875249049
40.6455506815
22.5128150145
7.23393626054
9.38981581463
17.4675867838
7.61140276512
40.2763399849
32.7049563892
Num demos
1
2
3
4
5
7
8
9
10
11
12
13
14
15
16
17
18
20
21
22
23
24
25
Percent states
0.04
0.08
0.12
0.16
0.2
0.28
0.32
0.36
0.4
0.44
0.48
0.52
0.56
0.6
0.64
0.68
0.72
0.8
0.84
0.88
0.92
0.96
1.0
Uncertain states
0.04
0.08
0.12
0.16
0.2
0.28
0.32
0.36
0.4
0.4
0.44
0.48
0.52
0.56
0.56
0.6
0.6
0.64
0.64
0.64
0.64
0.68
0.72
True EVDs
-69
-69
-69
-69
-69
-69
-69
-69
-69
-69
-69
-69
-69
-69
-69
-69
-69
-69
-69
-69
-69
-69
-69
Bound errors
-9.03111718077
-37.0965640465
-16.6920775977
-8.33250591731
-17.6418380346
-8.3166907107
-50.4339957336
-43.3887325976
-9.31738077819
-7.56320810122
-59.4191923313
-6.0393020805
-8.65317404884
-14.4705581273
-7.94830309484
-39.8151012859
-21.6823656188
-6.40348686489
-8.55936641898
-16.6371373882
-6.78095336948
-39.4458905892
-31.8745069935
Policy optimalities
1.0
1.0
0.92
0.92
1.0
1.0
1.0
1.0
1.0
1.0
1.0
1.0
1.0
1.0
1.0
1.0
1.0
1.0
1.0
1.0
1.0
1.0
1.0
Policy accuracies
Confidence
1.0
Accuracy
0.0
Confusion matrices
[[0, 23], [0, 2]]
NEW THRESHOLD 7
Percent Improvements
9.86156657641
37.9270134421
17.5166568272
9.15708514679
18.4722874302
9.14714010635
51.2644451293
44.2191819932
10.1478301738
8.39365749687
60.2496417269
9.48362344449
15.301007523
8.77875249049
40.6455506815
22.5128150145
7.23393626054
9.38981581463
17.4675867838
7.61140276512
40.2763399849
32.7049563892
Num demos
1
2
3
4
5
7
8
9
10
11
12
14
15
16
17
18
20
21
22
23
24
25
Percent states
0.04
0.08
0.12
0.16
0.2
0.28
0.32
0.36
0.4
0.44
0.48
0.56
0.6
0.64
0.68
0.72
0.8
0.84
0.88
0.92
0.96
1.0
Uncertain states
0.04
0.08
0.12
0.16
0.2
0.28
0.32
0.36
0.4
0.4
0.44
0.52
0.56
0.56
0.6
0.6
0.64
0.64
0.64
0.64
0.68
0.72
True EVDs
-69
-69
-69
-69
-69
-69
-69
-69
-69
-69
-69
-69
-69
-69
-69
-69
-69
-69
-69
-69
-69
-69
Bound errors
-9.03111718077
-37.0965640465
-16.6920775977
-8.33250591731
-17.6418380346
-8.3166907107
-50.4339957336
-43.3887325976
-9.31738077819
-7.56320810122
-59.4191923313
-8.65317404884
-14.4705581273
-7.94830309484
-39.8151012859
-21.6823656188
-6.40348686489
-8.55936641898
-16.6371373882
-6.78095336948
-39.4458905892
-31.8745069935
Policy optimalities
1.0
1.0
0.92
0.92
1.0
1.0
1.0
1.0
1.0
1.0
1.0
1.0
1.0
1.0
1.0
1.0
1.0
1.0
1.0
1.0
1.0
1.0
Policy accuracies
Confidence
1.0
Accuracy
0.0
Confusion matrices
[[0, 22], [0, 3]]
NEW THRESHOLD 8
Percent Improvements
9.86156657641
37.9270134421
17.5166568272
9.15708514679
18.4722874302
9.14714010635
51.2644451293
44.2191819932
10.1478301738
8.39365749687
60.2496417269
9.48362344449
15.301007523
8.77875249049
40.6455506815
22.5128150145
9.38981581463
17.4675867838
40.2763399849
32.7049563892
Num demos
1
2
3
4
5
7
8
9
10
11
12
14
15
16
17
18
21
22
24
25
Percent states
0.04
0.08
0.12
0.16
0.2
0.28
0.32
0.36
0.4
0.44
0.48
0.56
0.6
0.64
0.68
0.72
0.84
0.88
0.96
1.0
Uncertain states
0.04
0.08
0.12
0.16
0.2
0.28
0.32
0.36
0.4
0.4
0.44
0.52
0.56
0.56
0.6
0.6
0.64
0.64
0.68
0.72
True EVDs
-69
-69
-69
-69
-69
-69
-69
-69
-69
-69
-69
-69
-69
-69
-69
-69
-69
-69
-69
-69
Bound errors
-9.03111718077
-37.0965640465
-16.6920775977
-8.33250591731
-17.6418380346
-8.3166907107
-50.4339957336
-43.3887325976
-9.31738077819
-7.56320810122
-59.4191923313
-8.65317404884
-14.4705581273
-7.94830309484
-39.8151012859
-21.6823656188
-8.55936641898
-16.6371373882
-39.4458905892
-31.8745069935
Policy optimalities
1.0
1.0
0.92
0.92
1.0
1.0
1.0
1.0
1.0
1.0
1.0
1.0
1.0
1.0
1.0
1.0
1.0
1.0
1.0
1.0
Policy accuracies
Confidence
1.0
Accuracy
0.0
Confusion matrices
[[0, 20], [0, 5]]
NEW THRESHOLD 9
Percent Improvements
9.86156657641
37.9270134421
17.5166568272
9.15708514679
18.4722874302
9.14714010635
51.2644451293
44.2191819932
10.1478301738
60.2496417269
9.48362344449
15.301007523
40.6455506815
22.5128150145
9.38981581463
17.4675867838
40.2763399849
32.7049563892
Num demos
1
2
3
4
5
7
8
9
10
12
14
15
17
18
21
22
24
25
Percent states
0.04
0.08
0.12
0.16
0.2
0.28
0.32
0.36
0.4
0.48
0.56
0.6
0.68
0.72
0.84
0.88
0.96
1.0
Uncertain states
0.04
0.08
0.12
0.16
0.2
0.28
0.32
0.36
0.4
0.44
0.52
0.56
0.6
0.6
0.64
0.64
0.68
0.72
True EVDs
-69
-69
-69
-69
-69
-69
-69
-69
-69
-69
-69
-69
-69
-69
-69
-69
-69
-69
Bound errors
-9.03111718077
-37.0965640465
-16.6920775977
-8.33250591731
-17.6418380346
-8.3166907107
-50.4339957336
-43.3887325976
-9.31738077819
-59.4191923313
-8.65317404884
-14.4705581273
-39.8151012859
-21.6823656188
-8.55936641898
-16.6371373882
-39.4458905892
-31.8745069935
Policy optimalities
1.0
1.0
0.92
0.92
1.0
1.0
1.0
1.0
1.0
1.0
1.0
1.0
1.0
1.0
1.0
1.0
1.0
1.0
Policy accuracies
Confidence
1.0
Accuracy
0.0
Confusion matrices
[[0, 18], [0, 7]]
NEW THRESHOLD 10
Percent Improvements
37.9270134421
17.5166568272
18.4722874302
51.2644451293
44.2191819932
10.1478301738
60.2496417269
15.301007523
40.6455506815
22.5128150145
17.4675867838
40.2763399849
32.7049563892
Num demos
2
3
5
8
9
10
12
15
17
18
22
24
25
Percent states
0.08
0.12
0.2
0.32
0.36
0.4
0.48
0.6
0.68
0.72
0.88
0.96
1.0
Uncertain states
0.08
0.12
0.2
0.32
0.36
0.4
0.44
0.56
0.6
0.6
0.64
0.68
0.72
True EVDs
-69
-69
-69
-69
-69
-69
-69
-69
-69
-69
-69
-69
-69
Bound errors
-37.0965640465
-16.6920775977
-17.6418380346
-50.4339957336
-43.3887325976
-9.31738077819
-59.4191923313
-14.4705581273
-39.8151012859
-21.6823656188
-16.6371373882
-39.4458905892
-31.8745069935
Policy optimalities
1.0
0.92
1.0
1.0
1.0
1.0
1.0
1.0
1.0
1.0
1.0
1.0
1.0
Policy accuracies
Confidence
1.0
Accuracy
0.0
Confusion matrices
[[0, 13], [0, 12]]
NEW THRESHOLD 20
Percent Improvements
37.9270134421
51.2644451293
44.2191819932
60.2496417269
40.6455506815
22.5128150145
40.2763399849
32.7049563892
Num demos
2
8
9
12
17
18
24
25
Percent states
0.08
0.32
0.36
0.48
0.68
0.72
0.96
1.0
Uncertain states
0.08
0.32
0.36
0.44
0.6
0.6
0.68
0.72
True EVDs
-69
-69
-69
-69
-69
-69
-69
-69
Bound errors
-37.0965640465
-50.4339957336
-43.3887325976
-59.4191923313
-39.8151012859
-21.6823656188
-39.4458905892
-31.8745069935
Policy optimalities
1.0
1.0
1.0
1.0
1.0
1.0
1.0
1.0
Policy accuracies
Confidence
1.0
Accuracy
0.0
Confusion matrices
[[0, 8], [0, 17]]
NEW THRESHOLD 30
Percent Improvements
37.9270134421
51.2644451293
44.2191819932
60.2496417269
40.6455506815
40.2763399849
32.7049563892
Num demos
2
8
9
12
17
24
25
Percent states
0.08
0.32
0.36
0.48
0.68
0.96
1.0
Uncertain states
0.08
0.32
0.36
0.44
0.6
0.68
0.72
True EVDs
-69
-69
-69
-69
-69
-69
-69
Bound errors
-37.0965640465
-50.4339957336
-43.3887325976
-59.4191923313
-39.8151012859
-39.4458905892
-31.8745069935
Policy optimalities
1.0
1.0
1.0
1.0
1.0
1.0
1.0
Policy accuracies
Confidence
1.0
Accuracy
0.0
Confusion matrices
[[0, 7], [0, 18]]
NEW THRESHOLD 40
Percent Improvements
51.2644451293
44.2191819932
60.2496417269
40.6455506815
40.2763399849
Num demos
8
9
12
17
24
Percent states
0.32
0.36
0.48
0.68
0.96
Uncertain states
0.32
0.36
0.44
0.6
0.68
True EVDs
-69
-69
-69
-69
-69
Bound errors
-50.4339957336
-43.3887325976
-59.4191923313
-39.8151012859
-39.4458905892
Policy optimalities
1.0
1.0
1.0
1.0
1.0
Policy accuracies
Confidence
1.0
Accuracy
0.0
Confusion matrices
[[0, 5], [0, 20]]
NEW THRESHOLD 50
Percent Improvements
51.2644451293
60.2496417269
Num demos
8
12
Percent states
0.32
0.48
Uncertain states
0.32
0.44
True EVDs
-69
-69
Bound errors
-50.4339957336
-59.4191923313
Policy optimalities
1.0
1.0
Policy accuracies
Confidence
1.0
Accuracy
0.0
Confusion matrices
[[0, 2], [0, 23]]
NEW THRESHOLD 60
Percent Improvements
60.2496417269
Num demos
12
Percent states
0.48
Uncertain states
0.44
True EVDs
-69
Bound errors
-59.4191923313
Policy optimalities
1.0
Policy accuracies
Confidence
1.0
Accuracy
0.0
Confusion matrices
[[0, 1], [0, 24]]
NEW THRESHOLD 70
Percent Improvements
Num demos
Percent states
Uncertain states
True EVDs
Bound errors
Policy optimalities
Policy accuracies
Confidence
0.0
Accuracy
0.0
Confusion matrices
[[0, 0], [0, 25]]
NEW THRESHOLD 80
Percent Improvements
Num demos
Percent states
Uncertain states
True EVDs
Bound errors
Policy optimalities
Policy accuracies
Confidence
0.0
Accuracy
0.0
Confusion matrices
[[0, 0], [0, 25]]
NEW THRESHOLD 90
Percent Improvements
Num demos
Percent states
Uncertain states
True EVDs
Bound errors
Policy optimalities
Policy accuracies
Confidence
0.0
Accuracy
0.0
Confusion matrices
[[0, 0], [0, 25]]
NEW THRESHOLD 100
Percent Improvements
Num demos
Percent states
Uncertain states
True EVDs
Bound errors
Policy optimalities
Policy accuracies
Confidence
0.0
Accuracy
0.0
Confusion matrices
[[0, 0], [0, 25]]
**************************************************
Total running minutes: 65.01222438017527
