NEW THRESHOLD 0.1
Policy loss bounds
0.0318355480221
0.0342381477436
0.0140087381394
0.011068314673
0.0108738733636
0.00721519308285
0.00896101535957
0.00482202016266
0.00332877284623
0.000909316263204
0.000250982069589
0.0
0.0
0.0
0.0
0.0
0.00147753858174
0.0119524297474
0.00236501142245
0.0
0.000665561316406
8.78637997359e-06
0.0
0.0
0.0
0.0
0.0
0.0
0.0
0.0
0.0
0.0
0.0
0.0
0.0
0.0
0.0
0.0896266164907
0.0115477762508
0.00724337711297
0.00358003854407
7.33742009568e-05
0.0
0.0
0.0
0.0
0.0
0.0
0.0
0.0
0.0
0.0
0.0
0.0
0.0
0.0
0.0628964271744
0.00919420234848
0.0146144402991
0.00258730095839
0.00256168471975
0.0
0.0
0.0
0.0
0.0
0.0
0.0
0.0
0.0
0.0023213133501
0.0
0.0
0.0
0.0
0.0
0.0
0.0
0.0226858542959
0.00354847544889
0.000702976810222
0.00132580184375
0.0
0.0
0.0
0.0
0.0
0.0
0.0
0.0
0.0
0.0
0.0
0.0
0.0
0.0
0.0
0.0
0.0
0.0
0.0988109764381
0.0465699125924
0.0207343021477
0.0245252947977
0.00906853534782
0.00893456577715
0.00771029549714
0.00241983055249
0.00696720451051
0.000763047129832
0.000737320526977
0.0
0.0
0.00316203881426
4.1345534788e-05
0.0
0.0
0.0965869955524
0.0435149597531
0.0156324437828
0.0144599459048
0.005984118892
0.00331670015606
0.00178921612284
0.00430821103207
0.00253741506091
0.0
0.0
0.0
0.0
0.0
0.0
0.0
0.0
0.0888108839391
0.0508258867925
0.0671115954239
0.0404113854813
0.0271744178197
0.0251223113991
0.0331842844623
0.00190445951697
0.00657518811171
0.00772492691631
0.0119883052185
0.0
0.0
0.00161434260503
0.00508380748739
0.0
0.000412720776648
0.0994547847033
0.0778698690486
0.0271394994287
0.00335749222184
0.00835227807446
0.00106310439689
0.00371348740085
0.0
0.0
0.0
0.0
0.0
0.0
0.0
0.0
0.00506417150079
0.0
0.00124903050911
0.0
0.0
0.0
0.0
0.0
0.0634756164401
0.0239232090414
0.0225598250031
0.0296386851602
0.0112800005202
0.010059524209
0.00644721660806
0.00922161279398
0.00185840937421
0.00491085886551
0.0011282862322
0.000935090256026
0.00200128865449
0.0
0.00261163260844
0.00288612071576
0.00275533365459
0.0
0.0
0.000676479678359
0.00132959009784
0.0
0.0907240845106
0.0135837187857
0.00835128755643
0.0
0.0
0.0057652943209
0.0
0.0
0.0
0.0
0.0
0.0
0.0
0.0
0.00436221551874
0.0
0.0
0.0
0.0
0.0
0.0
0.0
0.0961135966175
0.019610112147
0.0188067096629
0.00799074699047
0.00513285326401
0.0
0.0
0.0100010637311
0.000719598423188
0.0
0.0
0.0
0.0
0.0
0.0
0.0
0.0
0.0
0.0
0.00016865528058
0.0
0.0807994688647
0.0897990015852
0.00669883925861
0.0095705086908
0.0
0.0
0.0
0.0
0.0
0.0
0.0
0.0
0.0
0.0
0.0
0.0
0.0
0.0
0.0
0.0
0.0
0.0
0.0437609794366
0.0453024757993
0.0525714983827
0.0154651657985
0.0156519848944
0.0123891646084
0.00511916735384
0.000217381176702
0.00380932999454
0.0
0.0736838441498
0.00316565271053
0.00286065923713
0.0
0.000716356494016
0.00153546224764
0.0
0.0
0.0
0.0
0.0910955178088
0.0670010876441
0.0740844446369
0.0618275055907
0.0685282352959
0.0530881650136
0.0659004397934
0.0676990632813
0.0563274827533
0.0741471626769
0.0794531074405
0.0693331546471
0.0906520905699
0.0679158358858
0.0809643406965
0.0741924331806
0.0555880407085
0.0642419481564
0.0460544784554
0.0751447297145
0.0924093622391
0.0826653769977
0.0703835606284
0.0696606714492
0.048810337229
0.069087324849
0.0689588681289
0.0615113062027
0.0616178826586
0.058485482705
0.0425010183236
0.0654042857146
0.061595550823
0.0722154940746
0.0713259235619
0.00129518440247
0.0102062041689
0.00121093222616
0.0
0.0844441712778
0.0244298075606
0.0170298286327
0.0135562326721
0.0
0.0159350820011
0.0018105221474
0.0
0.0
0.0
0.0
0.0
0.00343488013663
0.0
0.0
0.0
0.0
0.0
0.0
0.0
0.0
0.0324938515757
0.0705010288431
0.0871558475853
0.00727713772363
0.0
0.000151715812179
0.0
0.0
0.0
0.0
0.0
0.0
0.0048082512281
0.0
0.0
0.0
0.0
0.0
0.0
0.0510161469194
0.055226024443
0.0497644424113
0.0577068227271
0.0550691433975
0.0361030551737
0.0404974269725
0.0174586187083
0.019075494367
0.0380966387656
0.0107339737675
0.0135348230609
0.00669376344381
0.00633331276518
0.000910095170295
0.00215130650696
0.0583667633725
0.0222593599024
0.0379741792289
0.00941421293121
0.0428862562894
0.00656824812178
Num demos
9
10
11
12
13
14
15
16
17
18
19
20
21
22
23
24
25
6
7
8
9
10
11
12
13
14
15
16
17
18
19
20
21
22
23
24
25
6
8
9
10
11
12
13
14
15
16
17
18
19
20
21
22
23
24
25
4
5
6
7
8
9
10
11
12
13
14
15
16
17
18
19
20
21
22
23
24
25
4
5
6
7
8
9
10
11
12
13
14
15
16
17
18
19
20
21
22
23
24
25
9
10
11
12
13
14
15
16
17
18
19
20
21
22
23
24
25
9
10
11
12
13
14
15
16
17
18
19
20
21
22
23
24
25
9
10
11
12
13
14
15
16
17
18
19
20
21
22
23
24
25
3
4
5
6
7
8
9
10
11
12
13
14
15
16
17
18
19
20
21
22
23
24
25
4
5
6
7
8
9
10
11
12
13
14
15
16
17
18
19
20
21
22
23
24
25
4
5
6
7
8
9
10
11
12
13
14
15
16
17
18
19
20
21
22
23
24
25
5
6
7
8
9
10
11
12
13
14
15
16
17
18
19
20
21
22
23
24
25
4
5
6
7
8
9
10
11
12
13
14
15
16
17
18
19
20
21
22
23
24
25
6
7
8
9
10
11
12
13
14
15
16
17
18
19
20
21
22
23
24
25
4
5
6
7
8
9
10
11
12
13
14
15
16
17
19
20
22
23
24
25
6
7
9
10
11
12
13
14
15
16
17
18
19
20
21
22
23
24
25
3
4
5
6
7
8
10
11
12
13
14
15
16
17
18
19
20
21
22
23
24
5
7
8
9
10
11
12
13
14
15
16
17
18
20
21
22
23
24
25
6
7
8
9
10
13
14
15
16
18
19
20
22
23
24
25
19
20
21
23
24
25
Percent states
0.36
0.4
0.44
0.48
0.52
0.56
0.6
0.64
0.68
0.72
0.76
0.8
0.84
0.88
0.92
0.96
1.0
0.24
0.28
0.32
0.36
0.4
0.44
0.48
0.52
0.56
0.6
0.64
0.68
0.72
0.76
0.8
0.84
0.88
0.92
0.96
1.0
0.24
0.32
0.36
0.4
0.44
0.48
0.52
0.56
0.6
0.64
0.68
0.72
0.76
0.8
0.84
0.88
0.92
0.96
1.0
0.16
0.2
0.24
0.28
0.32
0.36
0.4
0.44
0.48
0.52
0.56
0.6
0.64
0.68
0.72
0.76
0.8
0.84
0.88
0.92
0.96
1.0
0.16
0.2
0.24
0.28
0.32
0.36
0.4
0.44
0.48
0.52
0.56
0.6
0.64
0.68
0.72
0.76
0.8
0.84
0.88
0.92
0.96
1.0
0.36
0.4
0.44
0.48
0.52
0.56
0.6
0.64
0.68
0.72
0.76
0.8
0.84
0.88
0.92
0.96
1.0
0.36
0.4
0.44
0.48
0.52
0.56
0.6
0.64
0.68
0.72
0.76
0.8
0.84
0.88
0.92
0.96
1.0
0.36
0.4
0.44
0.48
0.52
0.56
0.6
0.64
0.68
0.72
0.76
0.8
0.84
0.88
0.92
0.96
1.0
0.12
0.16
0.2
0.24
0.28
0.32
0.36
0.4
0.44
0.48
0.52
0.56
0.6
0.64
0.68
0.72
0.76
0.8
0.84
0.88
0.92
0.96
1.0
0.16
0.2
0.24
0.28
0.32
0.36
0.4
0.44
0.48
0.52
0.56
0.6
0.64
0.68
0.72
0.76
0.8
0.84
0.88
0.92
0.96
1.0
0.16
0.2
0.24
0.28
0.32
0.36
0.4
0.44
0.48
0.52
0.56
0.6
0.64
0.68
0.72
0.76
0.8
0.84
0.88
0.92
0.96
1.0
0.2
0.24
0.28
0.32
0.36
0.4
0.44
0.48
0.52
0.56
0.6
0.64
0.68
0.72
0.76
0.8
0.84
0.88
0.92
0.96
1.0
0.16
0.2
0.24
0.28
0.32
0.36
0.4
0.44
0.48
0.52
0.56
0.6
0.64
0.68
0.72
0.76
0.8
0.84
0.88
0.92
0.96
1.0
0.24
0.28
0.32
0.36
0.4
0.44
0.48
0.52
0.56
0.6
0.64
0.68
0.72
0.76
0.8
0.84
0.88
0.92
0.96
1.0
0.16
0.2
0.24
0.28
0.32
0.36
0.4
0.44
0.48
0.52
0.56
0.6
0.64
0.68
0.76
0.8
0.88
0.92
0.96
1.0
0.24
0.28
0.36
0.4
0.44
0.48
0.52
0.56
0.6
0.64
0.68
0.72
0.76
0.8
0.84
0.88
0.92
0.96
1.0
0.12
0.16
0.2
0.24
0.28
0.32
0.4
0.44
0.48
0.52
0.56
0.6
0.64
0.68
0.72
0.76
0.8
0.84
0.88
0.92
0.96
0.2
0.28
0.32
0.36
0.4
0.44
0.48
0.52
0.56
0.6
0.64
0.68
0.72
0.8
0.84
0.88
0.92
0.96
1.0
0.24
0.28
0.32
0.36
0.4
0.52
0.56
0.6
0.64
0.72
0.76
0.8
0.88
0.92
0.96
1.0
0.76
0.8
0.84
0.92
0.96
1.0
Uncertain states
24
24
24
0
2
6
7
11
11
7
11
7
6
11
7
11
7
11
7
0
0
0
0
0
7
11
2
0
17
16
16
16
0
16
16
0
0
0
0
0
0
0
0
0
0
0
0
0
0
0
6
19
9
8
1
20
15
1
20
1
20
0
0
0
0
0
0
0
0
0
0
0
0
0
0
0
16
3
4
4
3
3
4
0
0
0
0
0
0
0
0
0
3
0
0
0
0
0
0
0
13
2
4
2
2
2
2
0
0
0
0
0
0
0
0
0
0
0
0
0
0
0
0
0
0
13
10
0
0
0
2
4
4
24
18
18
2
2
18
18
2
18
18
2
0
0
2
18
0
0
5
2
1
1
2
6
22
22
17
16
17
16
17
16
16
17
16
0
0
0
0
0
0
0
0
5
20
5
3
1
3
3
2
11
15
3
14
2
11
2
2
6
14
2
0
0
6
14
0
3
22
11
12
3
3
3
12
3
12
0
0
0
0
0
0
0
0
7
0
3
0
0
0
0
0
23
7
18
10
11
13
16
10
11
8
7
18
10
13
13
19
0
10
11
11
0
0
10
13
0
21
4
9
14
14
14
0
0
21
0
0
0
0
0
0
0
0
4
0
0
0
0
0
0
0
17
24
19
11
6
11
12
11
12
0
0
11
6
0
0
0
0
0
0
0
0
0
0
12
0
6
19
9
5
10
10
5
0
0
0
0
0
0
0
0
0
0
0
0
0
0
0
0
0
0
3
5
16
16
11
9
14
4
4
19
4
10
4
11
0
20
19
4
0
11
4
0
0
0
0
14
4
3
24
24
24
24
24
24
24
24
24
24
24
24
24
24
24
24
24
24
24
24
24
24
12
5
1
4
4
4
4
11
4
4
9
4
4
4
4
4
9
4
9
4
9
4
9
4
0
8
20
21
21
20
21
0
20
4
21
0
0
0
0
0
21
0
0
0
0
0
0
0
0
24
1
2
11
20
11
20
20
15
11
0
11
0
0
0
0
0
0
11
20
0
0
0
0
0
0
13
20
20
20
15
22
3
21
23
17
20
10
17
10
17
10
20
17
10
17
0
10
17
22
10
21
4
4
24
4
4
4
4
4
4
4
4
4
4
4
4
7
8
9
8
5
24
8
9
8
True EVDs
0.0
0.0
0.0
0.0
0.0
0.0
0.0
0.0
0.0
0.0
0.0
0.0
0.0
0.0
0.0
0.0
0.0
0.0
0.0
0.0
0.0
0.0
0.0
0.0
0.0
0.0
0.0
0.0
0.0
0.0
0.0
0.0
0.0
0.0
0.0
0.0
0.0
0.0
0.0
0.0
0.0
0.0
0.0
0.0
0.0
0.0
0.0
0.0
0.0
0.0
0.0
0.0
0.0
0.0
0.0
0.0
0.0
0.0
0.0
0.0
0.0
0.0
0.0
0.0
0.0
0.0
0.0
0.0
0.0
0.0
0.0
0.0
0.0
0.0
0.0
0.0
0.0
0.0
0.0
0.0
0.0
0.0
0.0
0.0
0.0
0.0
0.0
0.0
0.0
0.0
0.0
0.0
0.0
0.0
0.0
0.0
0.0
0.0
0.0
0.0
0.000225119305741
0.000225119305741
0.0
0.0
0.0
0.0
0.0
0.0
0.0
0.0
0.0
0.0
0.0
0.0
0.0
0.0
0.0
0.0
0.0
0.0
0.0
0.0
0.0
0.0
0.0
0.0
0.0
0.0
0.0
0.0
0.0
0.0
0.0
0.0
0.00249447325385
0.0
0.0
0.0
0.0
0.0
0.0
0.0
0.0
0.0
0.0
0.0
0.0
0.0
0.0
0.0
0.0
0.0288226959454
0.00145175125918
0.0
0.0
0.0
0.0
0.0
0.0
0.0
0.0
0.0
0.0
0.0
0.0
0.0
0.0
0.0
0.0
0.0
0.0
0.0
0.0
0.0
0.00041885121417
0.0
0.0
0.0
0.0
0.0
0.0
0.0
0.0
0.0
0.0
0.0
0.0
0.0
0.0
0.0
0.0
0.0
0.0
0.0
0.0
0.0
0.0
0.0
0.0
0.0
0.0
0.0
0.0
0.0
0.0
0.0
0.0
0.0
0.0
0.0
0.0
0.0
0.0
0.0
0.0
0.0
0.0
0.0
0.0
0.0
0.0
0.0
0.0
0.0
0.0
0.0
0.0
0.0
0.0
0.0
0.0
0.0
0.0
0.0
0.0
0.0
0.0
0.0
0.0
0.0
0.0
0.0
0.0
0.0
0.0
0.0
0.0
0.0
0.0
0.0
0.0
0.0
0.0
0.0
0.0
0.0
0.0
0.0
0.0
0.0
0.0
0.00483317558093
0.00483317558093
0.00192912329452
0.0
0.0
0.0
0.0
0.0
0.0
0.0
0.0
0.0
0.0
0.0
0.0
0.0
0.0
0.0
0.0
0.0
0.0
0.0
0.0
0.0
0.0
0.0
0.0
0.0
0.0
0.0
0.0
0.0
0.0
0.0
0.0
0.0
0.0
0.0
0.0
0.0
0.00362123928632
0.00362123928632
0.00362123928632
0.00362123928632
0.00362123928632
0.00362123928632
0.00362123928632
0.00362123928632
0.00362123928632
0.00362123928632
0.00362123928632
0.00362123928632
0.00362123928632
0.00362123928632
0.00362123928632
0.0
0.0
0.0
0.0
0.000733202141791
0.0
0.0
0.0
0.0
0.0
0.0
0.0
0.0
0.0
0.0
0.0
0.0
0.0
0.0
0.0
0.0
0.0
0.0
0.0
0.0
0.0
0.0
0.0
0.0
0.0
0.0
0.0
0.0
0.0
0.0
0.0
0.0
0.0
0.0
0.0
0.0
0.0
0.0
0.0
0.0194068199285
0.0194068199285
0.00772410741627
0.00772410741627
0.00510695929045
0.0
0.0
0.0
0.0
0.0
0.0
0.0
0.0
0.0
0.0
0.0
0.0
0.0
0.0
0.0
0.0
0.0
Bound errors
0.0318355480221
0.0342381477436
0.0140087381394
0.011068314673
0.0108738733636
0.00721519308285
0.00896101535957
0.00482202016266
0.00332877284623
0.000909316263204
0.000250982069589
0.0
0.0
0.0
0.0
0.0
0.00147753858174
0.0119524297474
0.00236501142245
0.0
0.000665561316406
8.78637997359e-06
0.0
0.0
0.0
0.0
0.0
0.0
0.0
0.0
0.0
0.0
0.0
0.0
0.0
0.0
0.0
0.0896266164907
0.0115477762508
0.00724337711297
0.00358003854407
7.33742009568e-05
0.0
0.0
0.0
0.0
0.0
0.0
0.0
0.0
0.0
0.0
0.0
0.0
0.0
0.0
0.0628964271744
0.00919420234848
0.0146144402991
0.00258730095839
0.00256168471975
0.0
0.0
0.0
0.0
0.0
0.0
0.0
0.0
0.0
0.0023213133501
0.0
0.0
0.0
0.0
0.0
0.0
0.0
0.0226858542959
0.00354847544889
0.000702976810222
0.00132580184375
0.0
0.0
0.0
0.0
0.0
0.0
0.0
0.0
0.0
0.0
0.0
0.0
0.0
0.0
0.0
0.0
0.0
0.0
0.0985858571324
0.0463447932867
0.0207343021477
0.0245252947977
0.00906853534782
0.00893456577715
0.00771029549714
0.00241983055249
0.00696720451051
0.000763047129832
0.000737320526977
0.0
0.0
0.00316203881426
4.1345534788e-05
0.0
0.0
0.0965869955524
0.0435149597531
0.0156324437828
0.0144599459048
0.005984118892
0.00331670015606
0.00178921612284
0.00430821103207
0.00253741506091
0.0
0.0
0.0
0.0
0.0
0.0
0.0
0.0
0.0863164106853
0.0508258867925
0.0671115954239
0.0404113854813
0.0271744178197
0.0251223113991
0.0331842844623
0.00190445951697
0.00657518811171
0.00772492691631
0.0119883052185
0.0
0.0
0.00161434260503
0.00508380748739
0.0
0.000412720776648
0.0706320887579
0.0764181177894
0.0271394994287
0.00335749222184
0.00835227807446
0.00106310439689
0.00371348740085
0.0
0.0
0.0
0.0
0.0
0.0
0.0
0.0
0.00506417150079
0.0
0.00124903050911
0.0
0.0
0.0
0.0
0.0
0.0630567652259
0.0239232090414
0.0225598250031
0.0296386851602
0.0112800005202
0.010059524209
0.00644721660806
0.00922161279398
0.00185840937421
0.00491085886551
0.0011282862322
0.000935090256026
0.00200128865449
0.0
0.00261163260844
0.00288612071576
0.00275533365459
0.0
0.0
0.000676479678359
0.00132959009784
0.0
0.0907240845106
0.0135837187857
0.00835128755643
0.0
0.0
0.0057652943209
0.0
0.0
0.0
0.0
0.0
0.0
0.0
0.0
0.00436221551874
0.0
0.0
0.0
0.0
0.0
0.0
0.0
0.0961135966175
0.019610112147
0.0188067096629
0.00799074699047
0.00513285326401
0.0
0.0
0.0100010637311
0.000719598423188
0.0
0.0
0.0
0.0
0.0
0.0
0.0
0.0
0.0
0.0
0.00016865528058
0.0
0.0807994688647
0.0897990015852
0.00669883925861
0.0095705086908
0.0
0.0
0.0
0.0
0.0
0.0
0.0
0.0
0.0
0.0
0.0
0.0
0.0
0.0
0.0
0.0
0.0
0.0
0.0389278038556
0.0404693002184
0.0506423750881
0.0154651657985
0.0156519848944
0.0123891646084
0.00511916735384
0.000217381176702
0.00380932999454
0.0
0.0736838441498
0.00316565271053
0.00286065923713
0.0
0.000716356494016
0.00153546224764
0.0
0.0
0.0
0.0
0.0910955178088
0.0670010876441
0.0740844446369
0.0618275055907
0.0685282352959
0.0530881650136
0.0659004397934
0.0676990632813
0.0563274827533
0.0741471626769
0.0794531074405
0.0693331546471
0.0906520905699
0.0679158358858
0.0809643406965
0.0741924331806
0.0555880407085
0.0642419481564
0.0460544784554
0.0751447297145
0.0887881229528
0.0790441377114
0.0667623213421
0.0660394321629
0.0451890979426
0.0654660855626
0.0653376288425
0.0578900669164
0.0579966433723
0.0548642434187
0.0388797790373
0.0617830464283
0.0579743115367
0.0685942547882
0.0677046842756
0.00129518440247
0.0102062041689
0.00121093222616
0.0
0.083710969136
0.0244298075606
0.0170298286327
0.0135562326721
0.0
0.0159350820011
0.0018105221474
0.0
0.0
0.0
0.0
0.0
0.00343488013663
0.0
0.0
0.0
0.0
0.0
0.0
0.0
0.0
0.0324938515757
0.0705010288431
0.0871558475853
0.00727713772363
0.0
0.000151715812179
0.0
0.0
0.0
0.0
0.0
0.0
0.0048082512281
0.0
0.0
0.0
0.0
0.0
0.0
0.0316093269909
0.0358192045145
0.042040334995
0.0499827153108
0.0499621841071
0.0361030551737
0.0404974269725
0.0174586187083
0.019075494367
0.0380966387656
0.0107339737675
0.0135348230609
0.00669376344381
0.00633331276518
0.000910095170295
0.00215130650696
0.0583667633725
0.0222593599024
0.0379741792289
0.00941421293121
0.0428862562894
0.00656824812178
Policy optimalities
1.0
1.0
1.0
1.0
1.0
1.0
1.0
1.0
1.0
1.0
1.0
1.0
1.0
1.0
1.0
1.0
1.0
1.0
1.0
1.0
1.0
1.0
1.0
1.0
1.0
1.0
1.0
1.0
1.0
1.0
1.0
1.0
1.0
1.0
1.0
1.0
1.0
1.0
1.0
1.0
1.0
1.0
1.0
1.0
1.0
1.0
1.0
1.0
1.0
1.0
1.0
1.0
1.0
1.0
1.0
1.0
1.0
1.0
1.0
1.0
1.0
1.0
1.0
1.0
1.0
1.0
1.0
1.0
1.0
1.0
1.0
1.0
1.0
1.0
1.0
1.0
1.0
1.0
1.0
1.0
1.0
1.0
1.0
1.0
1.0
1.0
1.0
1.0
1.0
1.0
1.0
1.0
1.0
1.0
1.0
1.0
1.0
1.0
1.0
1.0
0.96
0.96
1.0
1.0
1.0
1.0
1.0
1.0
1.0
1.0
1.0
1.0
1.0
1.0
1.0
1.0
1.0
1.0
1.0
1.0
1.0
1.0
1.0
1.0
1.0
1.0
1.0
1.0
1.0
1.0
1.0
1.0
1.0
1.0
0.88
1.0
1.0
1.0
1.0
1.0
1.0
1.0
1.0
1.0
1.0
1.0
1.0
1.0
1.0
1.0
1.0
0.8
0.96
1.0
1.0
1.0
1.0
1.0
1.0
1.0
1.0
1.0
1.0
1.0
1.0
1.0
1.0
1.0
1.0
1.0
1.0
1.0
1.0
1.0
0.96
1.0
1.0
1.0
1.0
1.0
1.0
1.0
1.0
1.0
1.0
1.0
1.0
1.0
1.0
1.0
1.0
1.0
1.0
1.0
1.0
1.0
1.0
1.0
1.0
1.0
1.0
1.0
1.0
1.0
1.0
1.0
1.0
1.0
1.0
1.0
1.0
1.0
1.0
1.0
1.0
1.0
1.0
1.0
1.0
1.0
1.0
1.0
1.0
1.0
1.0
1.0
1.0
1.0
1.0
1.0
1.0
1.0
1.0
1.0
1.0
1.0
1.0
1.0
1.0
1.0
1.0
1.0
1.0
1.0
1.0
1.0
1.0
1.0
1.0
1.0
1.0
1.0
1.0
1.0
1.0
1.0
1.0
1.0
1.0
1.0
1.0
0.92
0.92
0.96
1.0
1.0
1.0
1.0
1.0
1.0
1.0
1.0
1.0
1.0
1.0
1.0
1.0
1.0
1.0
1.0
1.0
1.0
1.0
1.0
1.0
1.0
1.0
1.0
1.0
1.0
1.0
1.0
1.0
1.0
1.0
1.0
1.0
1.0
1.0
1.0
1.0
0.96
0.96
0.96
0.96
0.96
0.96
0.96
0.96
0.96
0.96
0.96
0.96
0.96
0.96
0.96
1.0
1.0
1.0
1.0
0.96
1.0
1.0
1.0
1.0
1.0
1.0
1.0
1.0
1.0
1.0
1.0
1.0
1.0
1.0
1.0
1.0
1.0
1.0
1.0
1.0
1.0
1.0
1.0
1.0
1.0
1.0
1.0
1.0
1.0
1.0
1.0
1.0
1.0
1.0
1.0
1.0
1.0
1.0
1.0
0.8
0.8
0.88
0.88
0.92
1.0
1.0
1.0
1.0
1.0
1.0
1.0
1.0
1.0
1.0
1.0
1.0
1.0
1.0
1.0
1.0
1.0
Policy accuracies
1.0
1.0
1.0
1.0
1.0
1.0
1.0
1.0
1.0
1.0
1.0
1.0
1.0
1.0
1.0
1.0
1.0
1.0
1.0
1.0
1.0
1.0
1.0
1.0
1.0
1.0
1.0
1.0
1.0
1.0
1.0
1.0
1.0
1.0
1.0
1.0
1.0
1.0
1.0
1.0
1.0
1.0
1.0
1.0
1.0
1.0
1.0
1.0
1.0
1.0
1.0
1.0
1.0
1.0
1.0
1.0
1.0
1.0
1.0
1.0
1.0
1.0
1.0
1.0
1.0
1.0
1.0
1.0
1.0
1.0
1.0
1.0
1.0
1.0
1.0
1.0
1.0
1.0
1.0
1.0
1.0
1.0
1.0
1.0
1.0
1.0
1.0
1.0
1.0
1.0
1.0
1.0
1.0
1.0
1.0
1.0
1.0
1.0
1.0
1.0
0.96
0.96
1.0
1.0
1.0
1.0
1.0
1.0
1.0
1.0
1.0
1.0
1.0
1.0
1.0
1.0
1.0
1.0
1.0
1.0
1.0
1.0
1.0
1.0
1.0
1.0
1.0
1.0
1.0
1.0
1.0
1.0
1.0
1.0
0.88
1.0
1.0
1.0
1.0
1.0
1.0
1.0
1.0
1.0
1.0
1.0
1.0
1.0
1.0
1.0
1.0
0.8
0.96
1.0
1.0
1.0
1.0
1.0
1.0
1.0
1.0
1.0
1.0
1.0
1.0
1.0
1.0
1.0
1.0
1.0
1.0
1.0
1.0
1.0
0.96
1.0
1.0
1.0
1.0
1.0
1.0
1.0
1.0
1.0
1.0
1.0
1.0
1.0
1.0
1.0
1.0
1.0
1.0
1.0
1.0
1.0
1.0
1.0
1.0
1.0
1.0
1.0
1.0
1.0
1.0
1.0
1.0
1.0
1.0
1.0
1.0
1.0
1.0
1.0
1.0
1.0
1.0
1.0
1.0
1.0
1.0
1.0
1.0
1.0
1.0
1.0
1.0
1.0
1.0
1.0
1.0
1.0
1.0
1.0
1.0
1.0
1.0
1.0
1.0
1.0
1.0
1.0
1.0
1.0
1.0
1.0
1.0
1.0
1.0
1.0
1.0
1.0
1.0
1.0
1.0
1.0
1.0
1.0
1.0
1.0
1.0
0.92
0.92
0.96
1.0
1.0
1.0
1.0
1.0
1.0
1.0
1.0
1.0
1.0
1.0
1.0
1.0
1.0
1.0
1.0
1.0
1.0
1.0
1.0
1.0
1.0
1.0
1.0
1.0
1.0
1.0
1.0
1.0
1.0
1.0
1.0
1.0
1.0
1.0
1.0
1.0
0.96
0.96
0.96
0.96
0.96
0.96
0.96
0.96
0.96
0.96
0.96
0.96
0.96
0.96
0.96
1.0
1.0
1.0
1.0
0.96
1.0
1.0
1.0
1.0
1.0
1.0
1.0
1.0
1.0
1.0
1.0
1.0
1.0
1.0
1.0
1.0
1.0
1.0
1.0
1.0
1.0
1.0
1.0
1.0
1.0
1.0
1.0
1.0
1.0
1.0
1.0
1.0
1.0
1.0
1.0
1.0
1.0
1.0
1.0
0.76
0.76
0.88
0.88
0.92
1.0
1.0
1.0
1.0
1.0
1.0
1.0
1.0
1.0
1.0
1.0
1.0
1.0
1.0
1.0
1.0
1.0
Confidence
1.0
Accuracy
1.0
Confusion matrices
[[382, 0], [99, 19]]
NEW THRESHOLD 0.2
Policy loss bounds
0.155066975301
0.118280295962
0.111817469434
0.0318355480221
0.0342381477436
0.0140087381394
0.011068314673
0.0108738733636
0.00721519308285
0.00896101535957
0.00482202016266
0.00332877284623
0.000909316263204
0.000250982069589
0.0
0.0
0.0
0.0
0.0
0.00147753858174
0.101000235796
0.102054550513
0.0119524297474
0.00236501142245
0.0
0.000665561316406
8.78637997359e-06
0.0
0.0
0.0
0.0
0.0
0.0
0.0
0.0
0.0
0.0
0.0
0.0
0.0
0.0
0.0
0.0896266164907
0.0115477762508
0.00724337711297
0.00358003854407
7.33742009568e-05
0.0
0.0
0.0
0.0
0.0
0.0
0.0
0.0
0.0
0.0
0.0
0.0
0.0
0.0
0.147025420092
0.0628964271744
0.00919420234848
0.0146144402991
0.00258730095839
0.00256168471975
0.0
0.0
0.0
0.0
0.0
0.0
0.0
0.0
0.0
0.0023213133501
0.0
0.0
0.0
0.0
0.0
0.0
0.0
0.133546711408
0.0226858542959
0.00354847544889
0.000702976810222
0.00132580184375
0.0
0.0
0.0
0.0
0.0
0.0
0.0
0.0
0.0
0.0
0.0
0.0
0.0
0.0
0.0
0.0
0.0
0.0
0.170592498951
0.0988109764381
0.0465699125924
0.0207343021477
0.0245252947977
0.00906853534782
0.00893456577715
0.00771029549714
0.00241983055249
0.00696720451051
0.000763047129832
0.000737320526977
0.0
0.0
0.00316203881426
4.1345534788e-05
0.0
0.0
0.131289870209
0.0965869955524
0.0435149597531
0.0156324437828
0.0144599459048
0.005984118892
0.00331670015606
0.00178921612284
0.00430821103207
0.00253741506091
0.0
0.0
0.0
0.0
0.0
0.0
0.0
0.0
0.162720128174
0.12486663966
0.0888108839391
0.0508258867925
0.0671115954239
0.0404113854813
0.0271744178197
0.0251223113991
0.0331842844623
0.00190445951697
0.00657518811171
0.00772492691631
0.0119883052185
0.0
0.0
0.00161434260503
0.00508380748739
0.0
0.000412720776648
0.118681300059
0.0994547847033
0.0778698690486
0.0271394994287
0.00335749222184
0.00835227807446
0.00106310439689
0.00371348740085
0.0
0.0
0.0
0.0
0.0
0.0
0.0
0.0
0.00506417150079
0.0
0.00124903050911
0.0
0.0
0.0
0.0
0.0
0.113717200654
0.0634756164401
0.0239232090414
0.0225598250031
0.0296386851602
0.0112800005202
0.010059524209
0.00644721660806
0.00922161279398
0.00185840937421
0.00491085886551
0.0011282862322
0.000935090256026
0.00200128865449
0.0
0.00261163260844
0.00288612071576
0.00275533365459
0.0
0.0
0.000676479678359
0.00132959009784
0.0
0.0907240845106
0.0135837187857
0.00835128755643
0.0
0.0
0.0057652943209
0.0
0.0
0.0
0.0
0.0
0.0
0.0
0.0
0.00436221551874
0.0
0.0
0.0
0.0
0.0
0.0
0.0
0.158205940605
0.0961135966175
0.019610112147
0.0188067096629
0.00799074699047
0.00513285326401
0.0
0.0
0.0100010637311
0.000719598423188
0.0
0.0
0.0
0.0
0.0
0.0
0.0
0.0
0.0
0.0
0.00016865528058
0.0
0.0807994688647
0.0897990015852
0.00669883925861
0.0095705086908
0.0
0.0
0.0
0.0
0.0
0.0
0.0
0.0
0.0
0.0
0.0
0.0
0.0
0.0
0.0
0.0
0.0
0.0
0.141860255595
0.128209943678
0.123248703267
0.0437609794366
0.0453024757993
0.0525714983827
0.0154651657985
0.0156519848944
0.0123891646084
0.00511916735384
0.000217381176702
0.00380932999454
0.0
0.0736838441498
0.00316565271053
0.00286065923713
0.0
0.000716356494016
0.00153546224764
0.0
0.0
0.0
0.0
0.15232951916
0.0910955178088
0.0670010876441
0.0740844446369
0.0618275055907
0.0685282352959
0.0530881650136
0.0659004397934
0.0676990632813
0.0563274827533
0.0741471626769
0.0794531074405
0.0693331546471
0.0906520905699
0.0679158358858
0.108273885137
0.0809643406965
0.0741924331806
0.119532135664
0.0555880407085
0.0642419481564
0.0460544784554
0.0751447297145
0.128224184444
0.120179521662
0.0924093622391
0.0826653769977
0.0703835606284
0.0696606714492
0.048810337229
0.069087324849
0.0689588681289
0.0615113062027
0.0616178826586
0.058485482705
0.0425010183236
0.0654042857146
0.061595550823
0.0722154940746
0.0713259235619
0.00129518440247
0.0102062041689
0.00121093222616
0.0
0.0844441712778
0.0244298075606
0.0170298286327
0.0135562326721
0.0
0.0159350820011
0.0018105221474
0.0
0.0
0.0
0.0
0.0
0.00343488013663
0.0
0.0
0.0
0.0
0.0
0.0
0.0
0.0
0.153142477639
0.0324938515757
0.0705010288431
0.0871558475853
0.00727713772363
0.0
0.000151715812179
0.0
0.0
0.0
0.0
0.0
0.0
0.0048082512281
0.0
0.0
0.0
0.0
0.0
0.0
0.126121019341
0.0510161469194
0.055226024443
0.0497644424113
0.0577068227271
0.0550691433975
0.0361030551737
0.0404974269725
0.0174586187083
0.019075494367
0.0380966387656
0.0107339737675
0.0135348230609
0.00669376344381
0.00633331276518
0.000910095170295
0.00215130650696
0.171175322311
0.137550343672
0.144633621655
0.139910664559
0.129800891857
0.116851618295
0.106035068664
0.11906382357
0.125757393975
0.111926092899
0.155135884902
0.131584825178
0.123475621459
0.0583667633725
0.0222593599024
0.0379741792289
0.127167201537
0.00941421293121
0.0428862562894
0.00656824812178
Num demos
6
7
8
9
10
11
12
13
14
15
16
17
18
19
20
21
22
23
24
25
4
5
6
7
8
9
10
11
12
13
14
15
16
17
18
19
20
21
22
23
24
25
6
8
9
10
11
12
13
14
15
16
17
18
19
20
21
22
23
24
25
3
4
5
6
7
8
9
10
11
12
13
14
15
16
17
18
19
20
21
22
23
24
25
2
4
5
6
7
8
9
10
11
12
13
14
15
16
17
18
19
20
21
22
23
24
25
8
9
10
11
12
13
14
15
16
17
18
19
20
21
22
23
24
25
8
9
10
11
12
13
14
15
16
17
18
19
20
21
22
23
24
25
6
8
9
10
11
12
13
14
15
16
17
18
19
20
21
22
23
24
25
2
3
4
5
6
7
8
9
10
11
12
13
14
15
16
17
18
19
20
21
22
23
24
25
3
4
5
6
7
8
9
10
11
12
13
14
15
16
17
18
19
20
21
22
23
24
25
4
5
6
7
8
9
10
11
12
13
14
15
16
17
18
19
20
21
22
23
24
25
4
5
6
7
8
9
10
11
12
13
14
15
16
17
18
19
20
21
22
23
24
25
4
5
6
7
8
9
10
11
12
13
14
15
16
17
18
19
20
21
22
23
24
25
3
4
5
6
7
8
9
10
11
12
13
14
15
16
17
18
19
20
21
22
23
24
25
3
4
5
6
7
8
9
10
11
12
13
14
15
16
17
18
19
20
21
22
23
24
25
4
5
6
7
9
10
11
12
13
14
15
16
17
18
19
20
21
22
23
24
25
3
4
5
6
7
8
10
11
12
13
14
15
16
17
18
19
20
21
22
23
24
3
5
7
8
9
10
11
12
13
14
15
16
17
18
20
21
22
23
24
25
5
6
7
8
9
10
13
14
15
16
18
19
20
22
23
24
25
6
7
8
9
10
11
12
13
14
15
16
17
18
19
20
21
22
23
24
25
Percent states
0.24
0.28
0.32
0.36
0.4
0.44
0.48
0.52
0.56
0.6
0.64
0.68
0.72
0.76
0.8
0.84
0.88
0.92
0.96
1.0
0.16
0.2
0.24
0.28
0.32
0.36
0.4
0.44
0.48
0.52
0.56
0.6
0.64
0.68
0.72
0.76
0.8
0.84
0.88
0.92
0.96
1.0
0.24
0.32
0.36
0.4
0.44
0.48
0.52
0.56
0.6
0.64
0.68
0.72
0.76
0.8
0.84
0.88
0.92
0.96
1.0
0.12
0.16
0.2
0.24
0.28
0.32
0.36
0.4
0.44
0.48
0.52
0.56
0.6
0.64
0.68
0.72
0.76
0.8
0.84
0.88
0.92
0.96
1.0
0.08
0.16
0.2
0.24
0.28
0.32
0.36
0.4
0.44
0.48
0.52
0.56
0.6
0.64
0.68
0.72
0.76
0.8
0.84
0.88
0.92
0.96
1.0
0.32
0.36
0.4
0.44
0.48
0.52
0.56
0.6
0.64
0.68
0.72
0.76
0.8
0.84
0.88
0.92
0.96
1.0
0.32
0.36
0.4
0.44
0.48
0.52
0.56
0.6
0.64
0.68
0.72
0.76
0.8
0.84
0.88
0.92
0.96
1.0
0.24
0.32
0.36
0.4
0.44
0.48
0.52
0.56
0.6
0.64
0.68
0.72
0.76
0.8
0.84
0.88
0.92
0.96
1.0
0.08
0.12
0.16
0.2
0.24
0.28
0.32
0.36
0.4
0.44
0.48
0.52
0.56
0.6
0.64
0.68
0.72
0.76
0.8
0.84
0.88
0.92
0.96
1.0
0.12
0.16
0.2
0.24
0.28
0.32
0.36
0.4
0.44
0.48
0.52
0.56
0.6
0.64
0.68
0.72
0.76
0.8
0.84
0.88
0.92
0.96
1.0
0.16
0.2
0.24
0.28
0.32
0.36
0.4
0.44
0.48
0.52
0.56
0.6
0.64
0.68
0.72
0.76
0.8
0.84
0.88
0.92
0.96
1.0
0.16
0.2
0.24
0.28
0.32
0.36
0.4
0.44
0.48
0.52
0.56
0.6
0.64
0.68
0.72
0.76
0.8
0.84
0.88
0.92
0.96
1.0
0.16
0.2
0.24
0.28
0.32
0.36
0.4
0.44
0.48
0.52
0.56
0.6
0.64
0.68
0.72
0.76
0.8
0.84
0.88
0.92
0.96
1.0
0.12
0.16
0.2
0.24
0.28
0.32
0.36
0.4
0.44
0.48
0.52
0.56
0.6
0.64
0.68
0.72
0.76
0.8
0.84
0.88
0.92
0.96
1.0
0.12
0.16
0.2
0.24
0.28
0.32
0.36
0.4
0.44
0.48
0.52
0.56
0.6
0.64
0.68
0.72
0.76
0.8
0.84
0.88
0.92
0.96
1.0
0.16
0.2
0.24
0.28
0.36
0.4
0.44
0.48
0.52
0.56
0.6
0.64
0.68
0.72
0.76
0.8
0.84
0.88
0.92
0.96
1.0
0.12
0.16
0.2
0.24
0.28
0.32
0.4
0.44
0.48
0.52
0.56
0.6
0.64
0.68
0.72
0.76
0.8
0.84
0.88
0.92
0.96
0.12
0.2
0.28
0.32
0.36
0.4
0.44
0.48
0.52
0.56
0.6
0.64
0.68
0.72
0.8
0.84
0.88
0.92
0.96
1.0
0.2
0.24
0.28
0.32
0.36
0.4
0.52
0.56
0.6
0.64
0.72
0.76
0.8
0.88
0.92
0.96
1.0
0.24
0.28
0.32
0.36
0.4
0.44
0.48
0.52
0.56
0.6
0.64
0.68
0.72
0.76
0.8
0.84
0.88
0.92
0.96
1.0
Uncertain states
24
24
24
0
2
6
7
11
11
7
11
7
6
11
7
11
7
11
7
0
0
0
0
0
7
11
2
0
17
16
16
16
0
16
16
0
0
0
0
0
0
0
0
0
0
0
0
0
0
0
6
19
9
8
1
20
15
1
20
1
20
0
0
0
0
0
0
0
0
0
0
0
0
0
0
0
16
3
4
4
3
3
4
0
0
0
0
0
0
0
0
0
3
0
0
0
0
0
0
0
13
2
4
2
2
2
2
0
0
0
0
0
0
0
0
0
0
0
0
0
0
0
0
0
0
13
10
0
0
0
2
4
4
24
18
18
2
2
18
18
2
18
18
2
0
0
2
18
0
0
5
2
1
1
2
6
22
22
17
16
17
16
17
16
16
17
16
0
0
0
0
0
0
0
0
5
20
5
3
1
3
3
2
11
15
3
14
2
11
2
2
6
14
2
0
0
6
14
0
3
22
11
12
3
3
3
12
3
12
0
0
0
0
0
0
0
0
7
0
3
0
0
0
0
0
23
7
18
10
11
13
16
10
11
8
7
18
10
13
13
19
0
10
11
11
0
0
10
13
0
21
4
9
14
14
14
0
0
21
0
0
0
0
0
0
0
0
4
0
0
0
0
0
0
0
17
24
19
11
6
11
12
11
12
0
0
11
6
0
0
0
0
0
0
0
0
0
0
12
0
6
19
9
5
10
10
5
0
0
0
0
0
0
0
0
0
0
0
0
0
0
0
0
0
0
3
5
16
16
11
9
14
4
4
19
4
10
4
11
0
20
19
4
0
11
4
0
0
0
0
14
4
3
24
24
24
24
24
24
24
24
24
24
24
24
24
24
24
24
24
24
24
24
24
24
12
5
1
4
4
4
4
11
4
4
9
4
4
4
4
4
9
4
9
4
9
4
9
4
0
8
20
21
21
20
21
0
20
4
21
0
0
0
0
0
21
0
0
0
0
0
0
0
0
24
1
2
11
20
11
20
20
15
11
0
11
0
0
0
0
0
0
11
20
0
0
0
0
0
0
13
20
20
20
15
22
3
21
23
17
20
10
17
10
17
10
20
17
10
17
0
10
17
22
10
21
4
4
24
4
4
4
4
4
4
4
4
4
4
4
4
7
8
9
8
5
24
8
9
8
True EVDs
0.0068583776872
0.0
0.0
0.0
0.0
0.0
0.0
0.0
0.0
0.0
0.0
0.0
0.0
0.0
0.0
0.0
0.0
0.0
0.0
0.0
0.00430731038149
0.00610531828397
0.0
0.0
0.0
0.0
0.0
0.0
0.0
0.0
0.0
0.0
0.0
0.0
0.0
0.0
0.0
0.0
0.0
0.0
0.0
0.0
0.0
0.0
0.0
0.0
0.0
0.0
0.0
0.0
0.0
0.0
0.0
0.0
0.0
0.0
0.0
0.0
0.0
0.0
0.0
0.00134729556151
0.0
0.0
0.0
0.0
0.0
0.0
0.0
0.0
0.0
0.0
0.0
0.0
0.0
0.0
0.0
0.0
0.0
0.0
0.0
0.0
0.0
0.0
1.89986902552e-05
0.0
0.0
0.0
0.0
0.0
0.0
0.0
0.0
0.0
0.0
0.0
0.0
0.0
0.0
0.0
0.0
0.0
0.0
0.0
0.0
0.0
0.0
0.000225119305741
0.000225119305741
0.000225119305741
0.0
0.0
0.0
0.0
0.0
0.0
0.0
0.0
0.0
0.0
0.0
0.0
0.0
0.0
0.0
0.0
0.0
0.0
0.0
0.0
0.0
0.0
0.0
0.0
0.0
0.0
0.0
0.0
0.0
0.0
0.0
0.0
0.0
0.00249447325385
0.00249447325385
0.00249447325385
0.0
0.0
0.0
0.0
0.0
0.0
0.0
0.0
0.0
0.0
0.0
0.0
0.0
0.0
0.0
0.0
0.0234959504841
0.0288226959454
0.00145175125918
0.0
0.0
0.0
0.0
0.0
0.0
0.0
0.0
0.0
0.0
0.0
0.0
0.0
0.0
0.0
0.0
0.0
0.0
0.0
0.0
0.0
0.00465046573181
0.00041885121417
0.0
0.0
0.0
0.0
0.0
0.0
0.0
0.0
0.0
0.0
0.0
0.0
0.0
0.0
0.0
0.0
0.0
0.0
0.0
0.0
0.0
0.0
0.0
0.0
0.0
0.0
0.0
0.0
0.0
0.0
0.0
0.0
0.0
0.0
0.0
0.0
0.0
0.0
0.0
0.0
0.0
0.0
0.0
0.00423852452857
0.0
0.0
0.0
0.0
0.0
0.0
0.0
0.0
0.0
0.0
0.0
0.0
0.0
0.0
0.0
0.0
0.0
0.0
0.0
0.0
0.0
0.0
0.0
0.0
0.0
0.0
0.0
0.0
0.0
0.0
0.0
0.0
0.0
0.0
0.0
0.0
0.0
0.0
0.0
0.0
0.0
0.0
0.0
0.00483317558093
0.0056387279781
0.0056387279781
0.00483317558093
0.00483317558093
0.00192912329452
0.0
0.0
0.0
0.0
0.0
0.0
0.0
0.0
0.0
0.0
0.0
0.0
0.0
0.0
0.0
0.0
0.0
0.0133801614551
0.0
0.0
0.0
0.0
0.0
0.0
0.0
0.0
0.0
0.0
0.0
0.0
0.0
0.0
0.0
0.0
0.0
0.0
0.0
0.0
0.0
0.0
0.00224900920472
0.00362123928632
0.00362123928632
0.00362123928632
0.00362123928632
0.00362123928632
0.00362123928632
0.00362123928632
0.00362123928632
0.00362123928632
0.00362123928632
0.00362123928632
0.00362123928632
0.00362123928632
0.00362123928632
0.00362123928632
0.00362123928632
0.0
0.0
0.0
0.0
0.000733202141791
0.0
0.0
0.0
0.0
0.0
0.0
0.0
0.0
0.0
0.0
0.0
0.0
0.0
0.0
0.0
0.0
0.0
0.0
0.0
0.0
0.00328442610528
0.0
0.0
0.0
0.0
0.0
0.0
0.0
0.0
0.0
0.0
0.0
0.0
0.0
0.0
0.0
0.0
0.0
0.0
0.0
0.0194068199285
0.0194068199285
0.0194068199285
0.00772410741627
0.00772410741627
0.00510695929045
0.0
0.0
0.0
0.0
0.0
0.0
0.0
0.0
0.0
0.0
0.0
0.00571860878897
0.00157325901951
0.00571860878897
0.00571860878897
0.00157325901951
0.00571860878897
0.00571860878897
0.00571860878897
0.00157325901951
0.00571860878897
0.00157325901951
0.00571860878897
0.00157325901951
0.0
0.0
0.0
0.0
0.0
0.0
0.0
Bound errors
0.148208597614
0.118280295962
0.111817469434
0.0318355480221
0.0342381477436
0.0140087381394
0.011068314673
0.0108738733636
0.00721519308285
0.00896101535957
0.00482202016266
0.00332877284623
0.000909316263204
0.000250982069589
0.0
0.0
0.0
0.0
0.0
0.00147753858174
0.0966929254143
0.0959492322292
0.0119524297474
0.00236501142245
0.0
0.000665561316406
8.78637997359e-06
0.0
0.0
0.0
0.0
0.0
0.0
0.0
0.0
0.0
0.0
0.0
0.0
0.0
0.0
0.0
0.0896266164907
0.0115477762508
0.00724337711297
0.00358003854407
7.33742009568e-05
0.0
0.0
0.0
0.0
0.0
0.0
0.0
0.0
0.0
0.0
0.0
0.0
0.0
0.0
0.145678124531
0.0628964271744
0.00919420234848
0.0146144402991
0.00258730095839
0.00256168471975
0.0
0.0
0.0
0.0
0.0
0.0
0.0
0.0
0.0
0.0023213133501
0.0
0.0
0.0
0.0
0.0
0.0
0.0
0.133527712718
0.0226858542959
0.00354847544889
0.000702976810222
0.00132580184375
0.0
0.0
0.0
0.0
0.0
0.0
0.0
0.0
0.0
0.0
0.0
0.0
0.0
0.0
0.0
0.0
0.0
0.0
0.170367379645
0.0985858571324
0.0463447932867
0.0207343021477
0.0245252947977
0.00906853534782
0.00893456577715
0.00771029549714
0.00241983055249
0.00696720451051
0.000763047129832
0.000737320526977
0.0
0.0
0.00316203881426
4.1345534788e-05
0.0
0.0
0.131289870209
0.0965869955524
0.0435149597531
0.0156324437828
0.0144599459048
0.005984118892
0.00331670015606
0.00178921612284
0.00430821103207
0.00253741506091
0.0
0.0
0.0
0.0
0.0
0.0
0.0
0.0
0.16022565492
0.122372166406
0.0863164106853
0.0508258867925
0.0671115954239
0.0404113854813
0.0271744178197
0.0251223113991
0.0331842844623
0.00190445951697
0.00657518811171
0.00772492691631
0.0119883052185
0.0
0.0
0.00161434260503
0.00508380748739
0.0
0.000412720776648
0.0951853495745
0.0706320887579
0.0764181177894
0.0271394994287
0.00335749222184
0.00835227807446
0.00106310439689
0.00371348740085
0.0
0.0
0.0
0.0
0.0
0.0
0.0
0.0
0.00506417150079
0.0
0.00124903050911
0.0
0.0
0.0
0.0
0.0
0.109066734922
0.0630567652259
0.0239232090414
0.0225598250031
0.0296386851602
0.0112800005202
0.010059524209
0.00644721660806
0.00922161279398
0.00185840937421
0.00491085886551
0.0011282862322
0.000935090256026
0.00200128865449
0.0
0.00261163260844
0.00288612071576
0.00275533365459
0.0
0.0
0.000676479678359
0.00132959009784
0.0
0.0907240845106
0.0135837187857
0.00835128755643
0.0
0.0
0.0057652943209
0.0
0.0
0.0
0.0
0.0
0.0
0.0
0.0
0.00436221551874
0.0
0.0
0.0
0.0
0.0
0.0
0.0
0.153967416077
0.0961135966175
0.019610112147
0.0188067096629
0.00799074699047
0.00513285326401
0.0
0.0
0.0100010637311
0.000719598423188
0.0
0.0
0.0
0.0
0.0
0.0
0.0
0.0
0.0
0.0
0.00016865528058
0.0
0.0807994688647
0.0897990015852
0.00669883925861
0.0095705086908
0.0
0.0
0.0
0.0
0.0
0.0
0.0
0.0
0.0
0.0
0.0
0.0
0.0
0.0
0.0
0.0
0.0
0.0
0.137027080014
0.1225712157
0.117609975289
0.0389278038556
0.0404693002184
0.0506423750881
0.0154651657985
0.0156519848944
0.0123891646084
0.00511916735384
0.000217381176702
0.00380932999454
0.0
0.0736838441498
0.00316565271053
0.00286065923713
0.0
0.000716356494016
0.00153546224764
0.0
0.0
0.0
0.0
0.138949357704
0.0910955178088
0.0670010876441
0.0740844446369
0.0618275055907
0.0685282352959
0.0530881650136
0.0659004397934
0.0676990632813
0.0563274827533
0.0741471626769
0.0794531074405
0.0693331546471
0.0906520905699
0.0679158358858
0.108273885137
0.0809643406965
0.0741924331806
0.119532135664
0.0555880407085
0.0642419481564
0.0460544784554
0.0751447297145
0.12597517524
0.116558282375
0.0887881229528
0.0790441377114
0.0667623213421
0.0660394321629
0.0451890979426
0.0654660855626
0.0653376288425
0.0578900669164
0.0579966433723
0.0548642434187
0.0388797790373
0.0617830464283
0.0579743115367
0.0685942547882
0.0677046842756
0.00129518440247
0.0102062041689
0.00121093222616
0.0
0.083710969136
0.0244298075606
0.0170298286327
0.0135562326721
0.0
0.0159350820011
0.0018105221474
0.0
0.0
0.0
0.0
0.0
0.00343488013663
0.0
0.0
0.0
0.0
0.0
0.0
0.0
0.0
0.149858051534
0.0324938515757
0.0705010288431
0.0871558475853
0.00727713772363
0.0
0.000151715812179
0.0
0.0
0.0
0.0
0.0
0.0
0.0048082512281
0.0
0.0
0.0
0.0
0.0
0.0
0.106714199412
0.0316093269909
0.0358192045145
0.042040334995
0.0499827153108
0.0499621841071
0.0361030551737
0.0404974269725
0.0174586187083
0.019075494367
0.0380966387656
0.0107339737675
0.0135348230609
0.00669376344381
0.00633331276518
0.000910095170295
0.00215130650696
0.165456713522
0.135977084652
0.138915012866
0.13419205577
0.128227632837
0.111133009506
0.100316459875
0.113345214781
0.124184134955
0.10620748411
0.153562625882
0.125866216389
0.12190236244
0.0583667633725
0.0222593599024
0.0379741792289
0.127167201537
0.00941421293121
0.0428862562894
0.00656824812178
Policy optimalities
0.8
1.0
1.0
1.0
1.0
1.0
1.0
1.0
1.0
1.0
1.0
1.0
1.0
1.0
1.0
1.0
1.0
1.0
1.0
1.0
0.84
0.92
1.0
1.0
1.0
1.0
1.0
1.0
1.0
1.0
1.0
1.0
1.0
1.0
1.0
1.0
1.0
1.0
1.0
1.0
1.0
1.0
1.0
1.0
1.0
1.0
1.0
1.0
1.0
1.0
1.0
1.0
1.0
1.0
1.0
1.0
1.0
1.0
1.0
1.0
1.0
0.96
1.0
1.0
1.0
1.0
1.0
1.0
1.0
1.0
1.0
1.0
1.0
1.0
1.0
1.0
1.0
1.0
1.0
1.0
1.0
1.0
1.0
1.0
0.96
1.0
1.0
1.0
1.0
1.0
1.0
1.0
1.0
1.0
1.0
1.0
1.0
1.0
1.0
1.0
1.0
1.0
1.0
1.0
1.0
1.0
1.0
0.96
0.96
0.96
1.0
1.0
1.0
1.0
1.0
1.0
1.0
1.0
1.0
1.0
1.0
1.0
1.0
1.0
1.0
1.0
1.0
1.0
1.0
1.0
1.0
1.0
1.0
1.0
1.0
1.0
1.0
1.0
1.0
1.0
1.0
1.0
1.0
0.88
0.88
0.88
1.0
1.0
1.0
1.0
1.0
1.0
1.0
1.0
1.0
1.0
1.0
1.0
1.0
1.0
1.0
1.0
0.88
0.8
0.96
1.0
1.0
1.0
1.0
1.0
1.0
1.0
1.0
1.0
1.0
1.0
1.0
1.0
1.0
1.0
1.0
1.0
1.0
1.0
1.0
1.0
0.84
0.96
1.0
1.0
1.0
1.0
1.0
1.0
1.0
1.0
1.0
1.0
1.0
1.0
1.0
1.0
1.0
1.0
1.0
1.0
1.0
1.0
1.0
1.0
1.0
1.0
1.0
1.0
1.0
1.0
1.0
1.0
1.0
1.0
1.0
1.0
1.0
1.0
1.0
1.0
1.0
1.0
1.0
1.0
1.0
0.96
1.0
1.0
1.0
1.0
1.0
1.0
1.0
1.0
1.0
1.0
1.0
1.0
1.0
1.0
1.0
1.0
1.0
1.0
1.0
1.0
1.0
1.0
1.0
1.0
1.0
1.0
1.0
1.0
1.0
1.0
1.0
1.0
1.0
1.0
1.0
1.0
1.0
1.0
1.0
1.0
1.0
1.0
1.0
0.92
0.84
0.84
0.92
0.92
0.96
1.0
1.0
1.0
1.0
1.0
1.0
1.0
1.0
1.0
1.0
1.0
1.0
1.0
1.0
1.0
1.0
1.0
0.88
1.0
1.0
1.0
1.0
1.0
1.0
1.0
1.0
1.0
1.0
1.0
1.0
1.0
1.0
1.0
1.0
1.0
1.0
1.0
1.0
1.0
1.0
0.92
0.96
0.96
0.96
0.96
0.96
0.96
0.96
0.96
0.96
0.96
0.96
0.96
0.96
0.96
0.96
0.96
1.0
1.0
1.0
1.0
0.96
1.0
1.0
1.0
1.0
1.0
1.0
1.0
1.0
1.0
1.0
1.0
1.0
1.0
1.0
1.0
1.0
1.0
1.0
1.0
1.0
0.96
1.0
1.0
1.0
1.0
1.0
1.0
1.0
1.0
1.0
1.0
1.0
1.0
1.0
1.0
1.0
1.0
1.0
1.0
1.0
0.8
0.8
0.8
0.88
0.88
0.92
1.0
1.0
1.0
1.0
1.0
1.0
1.0
1.0
1.0
1.0
1.0
0.88
0.96
0.88
0.88
0.96
0.88
0.88
0.88
0.96
0.88
0.96
0.88
0.96
1.0
1.0
1.0
1.0
1.0
1.0
1.0
Policy accuracies
0.8
1.0
1.0
1.0
1.0
1.0
1.0
1.0
1.0
1.0
1.0
1.0
1.0
1.0
1.0
1.0
1.0
1.0
1.0
1.0
0.84
0.92
1.0
1.0
1.0
1.0
1.0
1.0
1.0
1.0
1.0
1.0
1.0
1.0
1.0
1.0
1.0
1.0
1.0
1.0
1.0
1.0
1.0
1.0
1.0
1.0
1.0
1.0
1.0
1.0
1.0
1.0
1.0
1.0
1.0
1.0
1.0
1.0
1.0
1.0
1.0
0.96
1.0
1.0
1.0
1.0
1.0
1.0
1.0
1.0
1.0
1.0
1.0
1.0
1.0
1.0
1.0
1.0
1.0
1.0
1.0
1.0
1.0
1.0
0.96
1.0
1.0
1.0
1.0
1.0
1.0
1.0
1.0
1.0
1.0
1.0
1.0
1.0
1.0
1.0
1.0
1.0
1.0
1.0
1.0
1.0
1.0
0.96
0.96
0.96
1.0
1.0
1.0
1.0
1.0
1.0
1.0
1.0
1.0
1.0
1.0
1.0
1.0
1.0
1.0
1.0
1.0
1.0
1.0
1.0
1.0
1.0
1.0
1.0
1.0
1.0
1.0
1.0
1.0
1.0
1.0
1.0
1.0
0.88
0.88
0.88
1.0
1.0
1.0
1.0
1.0
1.0
1.0
1.0
1.0
1.0
1.0
1.0
1.0
1.0
1.0
1.0
0.88
0.8
0.96
1.0
1.0
1.0
1.0
1.0
1.0
1.0
1.0
1.0
1.0
1.0
1.0
1.0
1.0
1.0
1.0
1.0
1.0
1.0
1.0
1.0
0.84
0.96
1.0
1.0
1.0
1.0
1.0
1.0
1.0
1.0
1.0
1.0
1.0
1.0
1.0
1.0
1.0
1.0
1.0
1.0
1.0
1.0
1.0
1.0
1.0
1.0
1.0
1.0
1.0
1.0
1.0
1.0
1.0
1.0
1.0
1.0
1.0
1.0
1.0
1.0
1.0
1.0
1.0
1.0
1.0
0.96
1.0
1.0
1.0
1.0
1.0
1.0
1.0
1.0
1.0
1.0
1.0
1.0
1.0
1.0
1.0
1.0
1.0
1.0
1.0
1.0
1.0
1.0
1.0
1.0
1.0
1.0
1.0
1.0
1.0
1.0
1.0
1.0
1.0
1.0
1.0
1.0
1.0
1.0
1.0
1.0
1.0
1.0
1.0
0.92
0.84
0.84
0.92
0.92
0.96
1.0
1.0
1.0
1.0
1.0
1.0
1.0
1.0
1.0
1.0
1.0
1.0
1.0
1.0
1.0
1.0
1.0
0.88
1.0
1.0
1.0
1.0
1.0
1.0
1.0
1.0
1.0
1.0
1.0
1.0
1.0
1.0
1.0
1.0
1.0
1.0
1.0
1.0
1.0
1.0
0.92
0.96
0.96
0.96
0.96
0.96
0.96
0.96
0.96
0.96
0.96
0.96
0.96
0.96
0.96
0.96
0.96
1.0
1.0
1.0
1.0
0.96
1.0
1.0
1.0
1.0
1.0
1.0
1.0
1.0
1.0
1.0
1.0
1.0
1.0
1.0
1.0
1.0
1.0
1.0
1.0
1.0
0.96
1.0
1.0
1.0
1.0
1.0
1.0
1.0
1.0
1.0
1.0
1.0
1.0
1.0
1.0
1.0
1.0
1.0
1.0
1.0
0.76
0.76
0.76
0.88
0.88
0.92
1.0
1.0
1.0
1.0
1.0
1.0
1.0
1.0
1.0
1.0
1.0
0.88
0.96
0.88
0.88
0.96
0.88
0.88
0.88
0.96
0.88
0.96
0.88
0.96
1.0
1.0
1.0
1.0
1.0
1.0
1.0
Confidence
1.0
Accuracy
1.0
Confusion matrices
[[420, 0], [63, 17]]
NEW THRESHOLD 0.3
Policy loss bounds
0.155066975301
0.118280295962
0.111817469434
0.0318355480221
0.0342381477436
0.0140087381394
0.011068314673
0.0108738733636
0.00721519308285
0.00896101535957
0.00482202016266
0.00332877284623
0.000909316263204
0.000250982069589
0.0
0.0
0.0
0.0
0.0
0.00147753858174
0.207959337564
0.101000235796
0.102054550513
0.0119524297474
0.00236501142245
0.0
0.000665561316406
8.78637997359e-06
0.0
0.0
0.0
0.0
0.0
0.0
0.0
0.0
0.0
0.0
0.0
0.0
0.0
0.0
0.0
0.0896266164907
0.245295952075
0.0115477762508
0.00724337711297
0.00358003854407
7.33742009568e-05
0.0
0.0
0.0
0.0
0.0
0.0
0.0
0.0
0.0
0.0
0.0
0.0
0.0
0.0
0.147025420092
0.0628964271744
0.00919420234848
0.0146144402991
0.00258730095839
0.00256168471975
0.0
0.0
0.0
0.0
0.0
0.0
0.0
0.0
0.0
0.0023213133501
0.0
0.0
0.0
0.0
0.0
0.0
0.0
0.133546711408
0.268926681416
0.0226858542959
0.00354847544889
0.000702976810222
0.00132580184375
0.0
0.0
0.0
0.0
0.0
0.0
0.0
0.0
0.0
0.0
0.0
0.0
0.0
0.0
0.0
0.0
0.0
0.0
0.256061175486
0.284916499017
0.214453677539
0.170592498951
0.0988109764381
0.0465699125924
0.0207343021477
0.0245252947977
0.00906853534782
0.00893456577715
0.00771029549714
0.00241983055249
0.00696720451051
0.000763047129832
0.000737320526977
0.0
0.0
0.00316203881426
4.1345534788e-05
0.0
0.0
0.131289870209
0.0965869955524
0.0435149597531
0.0156324437828
0.0144599459048
0.005984118892
0.00331670015606
0.00178921612284
0.00430821103207
0.00253741506091
0.0
0.0
0.0
0.0
0.0
0.0
0.0
0.0
0.229140708712
0.261248583237
0.162720128174
0.12486663966
0.0888108839391
0.0508258867925
0.0671115954239
0.0404113854813
0.0271744178197
0.0251223113991
0.0331842844623
0.00190445951697
0.00657518811171
0.00772492691631
0.0119883052185
0.0
0.0
0.00161434260503
0.00508380748739
0.0
0.000412720776648
0.118681300059
0.0994547847033
0.0778698690486
0.0271394994287
0.00335749222184
0.00835227807446
0.00106310439689
0.00371348740085
0.0
0.0
0.0
0.0
0.0
0.0
0.0
0.0
0.00506417150079
0.0
0.00124903050911
0.0
0.0
0.0
0.0
0.0
0.26730579613
0.113717200654
0.0634756164401
0.0239232090414
0.0225598250031
0.0296386851602
0.0112800005202
0.010059524209
0.00644721660806
0.00922161279398
0.00185840937421
0.00491085886551
0.0011282862322
0.000935090256026
0.00200128865449
0.0
0.00261163260844
0.00288612071576
0.00275533365459
0.0
0.0
0.000676479678359
0.00132959009784
0.0
0.262626653282
0.0907240845106
0.0135837187857
0.00835128755643
0.0
0.0
0.0057652943209
0.0
0.0
0.0
0.0
0.0
0.0
0.0
0.0
0.00436221551874
0.0
0.0
0.0
0.0
0.0
0.0
0.0
0.158205940605
0.0961135966175
0.019610112147
0.0188067096629
0.00799074699047
0.00513285326401
0.0
0.0
0.0100010637311
0.000719598423188
0.0
0.0
0.0
0.0
0.0
0.0
0.0
0.0
0.0
0.0
0.00016865528058
0.0
0.0807994688647
0.0897990015852
0.00669883925861
0.0095705086908
0.0
0.0
0.0
0.0
0.0
0.0
0.0
0.0
0.0
0.0
0.0
0.0
0.0
0.0
0.0
0.0
0.0
0.0
0.141860255595
0.128209943678
0.123248703267
0.0437609794366
0.0453024757993
0.0525714983827
0.0154651657985
0.0156519848944
0.0123891646084
0.00511916735384
0.000217381176702
0.00380932999454
0.0
0.0736838441498
0.00316565271053
0.00286065923713
0.0
0.000716356494016
0.00153546224764
0.0
0.0
0.0
0.0
0.15232951916
0.0910955178088
0.0670010876441
0.0740844446369
0.0618275055907
0.0685282352959
0.0530881650136
0.0659004397934
0.0676990632813
0.0563274827533
0.0741471626769
0.0794531074405
0.0693331546471
0.0906520905699
0.0679158358858
0.108273885137
0.0809643406965
0.0741924331806
0.119532135664
0.0555880407085
0.0642419481564
0.0460544784554
0.0751447297145
0.128224184444
0.120179521662
0.0924093622391
0.0826653769977
0.264312584275
0.0703835606284
0.0696606714492
0.048810337229
0.069087324849
0.0689588681289
0.0615113062027
0.0616178826586
0.058485482705
0.0425010183236
0.0654042857146
0.061595550823
0.0722154940746
0.0713259235619
0.00129518440247
0.0102062041689
0.00121093222616
0.0
0.0844441712778
0.0244298075606
0.0170298286327
0.0135562326721
0.0
0.0159350820011
0.0018105221474
0.0
0.0
0.0
0.0
0.0
0.00343488013663
0.0
0.0
0.0
0.0
0.0
0.0
0.0
0.0
0.153142477639
0.0324938515757
0.206894743098
0.0705010288431
0.0871558475853
0.00727713772363
0.0
0.000151715812179
0.0
0.0
0.0
0.0
0.0
0.0
0.0048082512281
0.0
0.0
0.0
0.0
0.0
0.0
0.126121019341
0.0510161469194
0.055226024443
0.0497644424113
0.0577068227271
0.0550691433975
0.0361030551737
0.0404974269725
0.0174586187083
0.019075494367
0.0380966387656
0.0107339737675
0.0135348230609
0.00669376344381
0.00633331276518
0.000910095170295
0.00215130650696
0.266708202527
0.236210279831
0.253663246305
0.221323159534
0.171175322311
0.137550343672
0.144633621655
0.139910664559
0.129800891857
0.116851618295
0.106035068664
0.11906382357
0.125757393975
0.111926092899
0.155135884902
0.131584825178
0.123475621459
0.0583667633725
0.0222593599024
0.0379741792289
0.127167201537
0.00941421293121
0.0428862562894
0.00656824812178
Num demos
6
7
8
9
10
11
12
13
14
15
16
17
18
19
20
21
22
23
24
25
2
4
5
6
7
8
9
10
11
12
13
14
15
16
17
18
19
20
21
22
23
24
25
6
7
8
9
10
11
12
13
14
15
16
17
18
19
20
21
22
23
24
25
3
4
5
6
7
8
9
10
11
12
13
14
15
16
17
18
19
20
21
22
23
24
25
2
3
4
5
6
7
8
9
10
11
12
13
14
15
16
17
18
19
20
21
22
23
24
25
3
4
5
8
9
10
11
12
13
14
15
16
17
18
19
20
21
22
23
24
25
8
9
10
11
12
13
14
15
16
17
18
19
20
21
22
23
24
25
2
4
6
8
9
10
11
12
13
14
15
16
17
18
19
20
21
22
23
24
25
2
3
4
5
6
7
8
9
10
11
12
13
14
15
16
17
18
19
20
21
22
23
24
25
2
3
4
5
6
7
8
9
10
11
12
13
14
15
16
17
18
19
20
21
22
23
24
25
2
4
5
6
7
8
9
10
11
12
13
14
15
16
17
18
19
20
21
22
23
24
25
4
5
6
7
8
9
10
11
12
13
14
15
16
17
18
19
20
21
22
23
24
25
4
5
6
7
8
9
10
11
12
13
14
15
16
17
18
19
20
21
22
23
24
25
3
4
5
6
7
8
9
10
11
12
13
14
15
16
17
18
19
20
21
22
23
24
25
3
4
5
6
7
8
9
10
11
12
13
14
15
16
17
18
19
20
21
22
23
24
25
4
5
6
7
8
9
10
11
12
13
14
15
16
17
18
19
20
21
22
23
24
25
3
4
5
6
7
8
10
11
12
13
14
15
16
17
18
19
20
21
22
23
24
3
5
6
7
8
9
10
11
12
13
14
15
16
17
18
20
21
22
23
24
25
5
6
7
8
9
10
13
14
15
16
18
19
20
22
23
24
25
2
3
4
5
6
7
8
9
10
11
12
13
14
15
16
17
18
19
20
21
22
23
24
25
Percent states
0.24
0.28
0.32
0.36
0.4
0.44
0.48
0.52
0.56
0.6
0.64
0.68
0.72
0.76
0.8
0.84
0.88
0.92
0.96
1.0
0.08
0.16
0.2
0.24
0.28
0.32
0.36
0.4
0.44
0.48
0.52
0.56
0.6
0.64
0.68
0.72
0.76
0.8
0.84
0.88
0.92
0.96
1.0
0.24
0.28
0.32
0.36
0.4
0.44
0.48
0.52
0.56
0.6
0.64
0.68
0.72
0.76
0.8
0.84
0.88
0.92
0.96
1.0
0.12
0.16
0.2
0.24
0.28
0.32
0.36
0.4
0.44
0.48
0.52
0.56
0.6
0.64
0.68
0.72
0.76
0.8
0.84
0.88
0.92
0.96
1.0
0.08
0.12
0.16
0.2
0.24
0.28
0.32
0.36
0.4
0.44
0.48
0.52
0.56
0.6
0.64
0.68
0.72
0.76
0.8
0.84
0.88
0.92
0.96
1.0
0.12
0.16
0.2
0.32
0.36
0.4
0.44
0.48
0.52
0.56
0.6
0.64
0.68
0.72
0.76
0.8
0.84
0.88
0.92
0.96
1.0
0.32
0.36
0.4
0.44
0.48
0.52
0.56
0.6
0.64
0.68
0.72
0.76
0.8
0.84
0.88
0.92
0.96
1.0
0.08
0.16
0.24
0.32
0.36
0.4
0.44
0.48
0.52
0.56
0.6
0.64
0.68
0.72
0.76
0.8
0.84
0.88
0.92
0.96
1.0
0.08
0.12
0.16
0.2
0.24
0.28
0.32
0.36
0.4
0.44
0.48
0.52
0.56
0.6
0.64
0.68
0.72
0.76
0.8
0.84
0.88
0.92
0.96
1.0
0.08
0.12
0.16
0.2
0.24
0.28
0.32
0.36
0.4
0.44
0.48
0.52
0.56
0.6
0.64
0.68
0.72
0.76
0.8
0.84
0.88
0.92
0.96
1.0
0.08
0.16
0.2
0.24
0.28
0.32
0.36
0.4
0.44
0.48
0.52
0.56
0.6
0.64
0.68
0.72
0.76
0.8
0.84
0.88
0.92
0.96
1.0
0.16
0.2
0.24
0.28
0.32
0.36
0.4
0.44
0.48
0.52
0.56
0.6
0.64
0.68
0.72
0.76
0.8
0.84
0.88
0.92
0.96
1.0
0.16
0.2
0.24
0.28
0.32
0.36
0.4
0.44
0.48
0.52
0.56
0.6
0.64
0.68
0.72
0.76
0.8
0.84
0.88
0.92
0.96
1.0
0.12
0.16
0.2
0.24
0.28
0.32
0.36
0.4
0.44
0.48
0.52
0.56
0.6
0.64
0.68
0.72
0.76
0.8
0.84
0.88
0.92
0.96
1.0
0.12
0.16
0.2
0.24
0.28
0.32
0.36
0.4
0.44
0.48
0.52
0.56
0.6
0.64
0.68
0.72
0.76
0.8
0.84
0.88
0.92
0.96
1.0
0.16
0.2
0.24
0.28
0.32
0.36
0.4
0.44
0.48
0.52
0.56
0.6
0.64
0.68
0.72
0.76
0.8
0.84
0.88
0.92
0.96
1.0
0.12
0.16
0.2
0.24
0.28
0.32
0.4
0.44
0.48
0.52
0.56
0.6
0.64
0.68
0.72
0.76
0.8
0.84
0.88
0.92
0.96
0.12
0.2
0.24
0.28
0.32
0.36
0.4
0.44
0.48
0.52
0.56
0.6
0.64
0.68
0.72
0.8
0.84
0.88
0.92
0.96
1.0
0.2
0.24
0.28
0.32
0.36
0.4
0.52
0.56
0.6
0.64
0.72
0.76
0.8
0.88
0.92
0.96
1.0
0.08
0.12
0.16
0.2
0.24
0.28
0.32
0.36
0.4
0.44
0.48
0.52
0.56
0.6
0.64
0.68
0.72
0.76
0.8
0.84
0.88
0.92
0.96
1.0
Uncertain states
24
24
24
0
2
6
7
11
11
7
11
7
6
11
7
11
7
11
7
0
0
0
0
0
7
11
2
0
17
16
16
16
0
16
16
0
0
0
0
0
0
0
0
0
0
0
0
0
0
0
6
19
9
8
1
20
15
1
20
1
20
0
0
0
0
0
0
0
0
0
0
0
0
0
0
0
16
3
4
4
3
3
4
0
0
0
0
0
0
0
0
0
3
0
0
0
0
0
0
0
13
2
4
2
2
2
2
0
0
0
0
0
0
0
0
0
0
0
0
0
0
0
0
0
0
13
10
0
0
0
2
4
4
24
18
18
2
2
18
18
2
18
18
2
0
0
2
18
0
0
5
2
1
1
2
6
22
22
17
16
17
16
17
16
16
17
16
0
0
0
0
0
0
0
0
5
20
5
3
1
3
3
2
11
15
3
14
2
11
2
2
6
14
2
0
0
6
14
0
3
22
11
12
3
3
3
12
3
12
0
0
0
0
0
0
0
0
7
0
3
0
0
0
0
0
23
7
18
10
11
13
16
10
11
8
7
18
10
13
13
19
0
10
11
11
0
0
10
13
0
21
4
9
14
14
14
0
0
21
0
0
0
0
0
0
0
0
4
0
0
0
0
0
0
0
17
24
19
11
6
11
12
11
12
0
0
11
6
0
0
0
0
0
0
0
0
0
0
12
0
6
19
9
5
10
10
5
0
0
0
0
0
0
0
0
0
0
0
0
0
0
0
0
0
0
3
5
16
16
11
9
14
4
4
19
4
10
4
11
0
20
19
4
0
11
4
0
0
0
0
14
4
3
24
24
24
24
24
24
24
24
24
24
24
24
24
24
24
24
24
24
24
24
24
24
12
5
1
4
4
4
4
11
4
4
9
4
4
4
4
4
9
4
9
4
9
4
9
4
0
8
20
21
21
20
21
0
20
4
21
0
0
0
0
0
21
0
0
0
0
0
0
0
0
24
1
2
11
20
11
20
20
15
11
0
11
0
0
0
0
0
0
11
20
0
0
0
0
0
0
13
20
20
20
15
22
3
21
23
17
20
10
17
10
17
10
20
17
10
17
0
10
17
22
10
21
4
4
24
4
4
4
4
4
4
4
4
4
4
4
4
7
8
9
8
5
24
8
9
8
True EVDs
0.0068583776872
0.0
0.0
0.0
0.0
0.0
0.0
0.0
0.0
0.0
0.0
0.0
0.0
0.0
0.0
0.0
0.0
0.0
0.0
0.0
0.00694175244364
0.00430731038149
0.00610531828397
0.0
0.0
0.0
0.0
0.0
0.0
0.0
0.0
0.0
0.0
0.0
0.0
0.0
0.0
0.0
0.0
0.0
0.0
0.0
0.0
0.0
0.0
0.0
0.0
0.0
0.0
0.0
0.0
0.0
0.0
0.0
0.0
0.0
0.0
0.0
0.0
0.0
0.0
0.0
0.0
0.00134729556151
0.0
0.0
0.0
0.0
0.0
0.0
0.0
0.0
0.0
0.0
0.0
0.0
0.0
0.0
0.0
0.0
0.0
0.0
0.0
0.0
0.0
0.0
1.89986902552e-05
0.0
0.0
0.0
0.0
0.0
0.0
0.0
0.0
0.0
0.0
0.0
0.0
0.0
0.0
0.0
0.0
0.0
0.0
0.0
0.0
0.0
0.0
0.0
0.00358848055076
0.000746578673146
8.90554430362e-05
0.000225119305741
0.000225119305741
0.000225119305741
0.0
0.0
0.0
0.0
0.0
0.0
0.0
0.0
0.0
0.0
0.0
0.0
0.0
0.0
0.0
0.0
0.0
0.0
0.0
0.0
0.0
0.0
0.0
0.0
0.0
0.0
0.0
0.0
0.0
0.0
0.0
0.0
0.0
0.0117128951513
0.00249447325385
0.00249447325385
0.00249447325385
0.00249447325385
0.0
0.0
0.0
0.0
0.0
0.0
0.0
0.0
0.0
0.0
0.0
0.0
0.0
0.0
0.0
0.0
0.0234959504841
0.0288226959454
0.00145175125918
0.0
0.0
0.0
0.0
0.0
0.0
0.0
0.0
0.0
0.0
0.0
0.0
0.0
0.0
0.0
0.0
0.0
0.0
0.0
0.0
0.0
0.00579279853046
0.00465046573181
0.00041885121417
0.0
0.0
0.0
0.0
0.0
0.0
0.0
0.0
0.0
0.0
0.0
0.0
0.0
0.0
0.0
0.0
0.0
0.0
0.0
0.0
0.0
0.00671277349723
0.0
0.0
0.0
0.0
0.0
0.0
0.0
0.0
0.0
0.0
0.0
0.0
0.0
0.0
0.0
0.0
0.0
0.0
0.0
0.0
0.0
0.0
0.00423852452857
0.0
0.0
0.0
0.0
0.0
0.0
0.0
0.0
0.0
0.0
0.0
0.0
0.0
0.0
0.0
0.0
0.0
0.0
0.0
0.0
0.0
0.0
0.0
0.0
0.0
0.0
0.0
0.0
0.0
0.0
0.0
0.0
0.0
0.0
0.0
0.0
0.0
0.0
0.0
0.0
0.0
0.0
0.0
0.00483317558093
0.0056387279781
0.0056387279781
0.00483317558093
0.00483317558093
0.00192912329452
0.0
0.0
0.0
0.0
0.0
0.0
0.0
0.0
0.0
0.0
0.0
0.0
0.0
0.0
0.0
0.0
0.0
0.0133801614551
0.0
0.0
0.0
0.0
0.0
0.0
0.0
0.0
0.0
0.0
0.0
0.0
0.0
0.0
0.0
0.0
0.0
0.0
0.0
0.0
0.0
0.0
0.00224900920472
0.00362123928632
0.00362123928632
0.00362123928632
0.00362123928632
0.00362123928632
0.00362123928632
0.00362123928632
0.00362123928632
0.00362123928632
0.00362123928632
0.00362123928632
0.00362123928632
0.00362123928632
0.00362123928632
0.00362123928632
0.00362123928632
0.00362123928632
0.0
0.0
0.0
0.0
0.000733202141791
0.0
0.0
0.0
0.0
0.0
0.0
0.0
0.0
0.0
0.0
0.0
0.0
0.0
0.0
0.0
0.0
0.0
0.0
0.0
0.0
0.00328442610528
0.0
0.0
0.0
0.0
0.0
0.0
0.0
0.0
0.0
0.0
0.0
0.0
0.0
0.0
0.0
0.0
0.0
0.0
0.0
0.0
0.0194068199285
0.0194068199285
0.0194068199285
0.00772410741627
0.00772410741627
0.00510695929045
0.0
0.0
0.0
0.0
0.0
0.0
0.0
0.0
0.0
0.0
0.0
0.00157325901951
0.00157325901951
0.00571860878897
0.00571860878897
0.00571860878897
0.00157325901951
0.00571860878897
0.00571860878897
0.00157325901951
0.00571860878897
0.00571860878897
0.00571860878897
0.00157325901951
0.00571860878897
0.00157325901951
0.00571860878897
0.00157325901951
0.0
0.0
0.0
0.0
0.0
0.0
0.0
Bound errors
0.148208597614
0.118280295962
0.111817469434
0.0318355480221
0.0342381477436
0.0140087381394
0.011068314673
0.0108738733636
0.00721519308285
0.00896101535957
0.00482202016266
0.00332877284623
0.000909316263204
0.000250982069589
0.0
0.0
0.0
0.0
0.0
0.00147753858174
0.20101758512
0.0966929254143
0.0959492322292
0.0119524297474
0.00236501142245
0.0
0.000665561316406
8.78637997359e-06
0.0
0.0
0.0
0.0
0.0
0.0
0.0
0.0
0.0
0.0
0.0
0.0
0.0
0.0
0.0
0.0896266164907
0.245295952075
0.0115477762508
0.00724337711297
0.00358003854407
7.33742009568e-05
0.0
0.0
0.0
0.0
0.0
0.0
0.0
0.0
0.0
0.0
0.0
0.0
0.0
0.0
0.145678124531
0.0628964271744
0.00919420234848
0.0146144402991
0.00258730095839
0.00256168471975
0.0
0.0
0.0
0.0
0.0
0.0
0.0
0.0
0.0
0.0023213133501
0.0
0.0
0.0
0.0
0.0
0.0
0.0
0.133527712718
0.268926681416
0.0226858542959
0.00354847544889
0.000702976810222
0.00132580184375
0.0
0.0
0.0
0.0
0.0
0.0
0.0
0.0
0.0
0.0
0.0
0.0
0.0
0.0
0.0
0.0
0.0
0.0
0.252472694936
0.284169920344
0.214364622096
0.170367379645
0.0985858571324
0.0463447932867
0.0207343021477
0.0245252947977
0.00906853534782
0.00893456577715
0.00771029549714
0.00241983055249
0.00696720451051
0.000763047129832
0.000737320526977
0.0
0.0
0.00316203881426
4.1345534788e-05
0.0
0.0
0.131289870209
0.0965869955524
0.0435149597531
0.0156324437828
0.0144599459048
0.005984118892
0.00331670015606
0.00178921612284
0.00430821103207
0.00253741506091
0.0
0.0
0.0
0.0
0.0
0.0
0.0
0.0
0.217427813561
0.258754109983
0.16022565492
0.122372166406
0.0863164106853
0.0508258867925
0.0671115954239
0.0404113854813
0.0271744178197
0.0251223113991
0.0331842844623
0.00190445951697
0.00657518811171
0.00772492691631
0.0119883052185
0.0
0.0
0.00161434260503
0.00508380748739
0.0
0.000412720776648
0.0951853495745
0.0706320887579
0.0764181177894
0.0271394994287
0.00335749222184
0.00835227807446
0.00106310439689
0.00371348740085
0.0
0.0
0.0
0.0
0.0
0.0
0.0
0.0
0.00506417150079
0.0
0.00124903050911
0.0
0.0
0.0
0.0
0.0
0.261512997599
0.109066734922
0.0630567652259
0.0239232090414
0.0225598250031
0.0296386851602
0.0112800005202
0.010059524209
0.00644721660806
0.00922161279398
0.00185840937421
0.00491085886551
0.0011282862322
0.000935090256026
0.00200128865449
0.0
0.00261163260844
0.00288612071576
0.00275533365459
0.0
0.0
0.000676479678359
0.00132959009784
0.0
0.255913879785
0.0907240845106
0.0135837187857
0.00835128755643
0.0
0.0
0.0057652943209
0.0
0.0
0.0
0.0
0.0
0.0
0.0
0.0
0.00436221551874
0.0
0.0
0.0
0.0
0.0
0.0
0.0
0.153967416077
0.0961135966175
0.019610112147
0.0188067096629
0.00799074699047
0.00513285326401
0.0
0.0
0.0100010637311
0.000719598423188
0.0
0.0
0.0
0.0
0.0
0.0
0.0
0.0
0.0
0.0
0.00016865528058
0.0
0.0807994688647
0.0897990015852
0.00669883925861
0.0095705086908
0.0
0.0
0.0
0.0
0.0
0.0
0.0
0.0
0.0
0.0
0.0
0.0
0.0
0.0
0.0
0.0
0.0
0.0
0.137027080014
0.1225712157
0.117609975289
0.0389278038556
0.0404693002184
0.0506423750881
0.0154651657985
0.0156519848944
0.0123891646084
0.00511916735384
0.000217381176702
0.00380932999454
0.0
0.0736838441498
0.00316565271053
0.00286065923713
0.0
0.000716356494016
0.00153546224764
0.0
0.0
0.0
0.0
0.138949357704
0.0910955178088
0.0670010876441
0.0740844446369
0.0618275055907
0.0685282352959
0.0530881650136
0.0659004397934
0.0676990632813
0.0563274827533
0.0741471626769
0.0794531074405
0.0693331546471
0.0906520905699
0.0679158358858
0.108273885137
0.0809643406965
0.0741924331806
0.119532135664
0.0555880407085
0.0642419481564
0.0460544784554
0.0751447297145
0.12597517524
0.116558282375
0.0887881229528
0.0790441377114
0.260691344989
0.0667623213421
0.0660394321629
0.0451890979426
0.0654660855626
0.0653376288425
0.0578900669164
0.0579966433723
0.0548642434187
0.0388797790373
0.0617830464283
0.0579743115367
0.0685942547882
0.0677046842756
0.00129518440247
0.0102062041689
0.00121093222616
0.0
0.083710969136
0.0244298075606
0.0170298286327
0.0135562326721
0.0
0.0159350820011
0.0018105221474
0.0
0.0
0.0
0.0
0.0
0.00343488013663
0.0
0.0
0.0
0.0
0.0
0.0
0.0
0.0
0.149858051534
0.0324938515757
0.206894743098
0.0705010288431
0.0871558475853
0.00727713772363
0.0
0.000151715812179
0.0
0.0
0.0
0.0
0.0
0.0
0.0048082512281
0.0
0.0
0.0
0.0
0.0
0.0
0.106714199412
0.0316093269909
0.0358192045145
0.042040334995
0.0499827153108
0.0499621841071
0.0361030551737
0.0404974269725
0.0174586187083
0.019075494367
0.0380966387656
0.0107339737675
0.0135348230609
0.00669376344381
0.00633331276518
0.000910095170295
0.00215130650696
0.265134943508
0.234637020812
0.247944637516
0.215604550745
0.165456713522
0.135977084652
0.138915012866
0.13419205577
0.128227632837
0.111133009506
0.100316459875
0.113345214781
0.124184134955
0.10620748411
0.153562625882
0.125866216389
0.12190236244
0.0583667633725
0.0222593599024
0.0379741792289
0.127167201537
0.00941421293121
0.0428862562894
0.00656824812178
Policy optimalities
0.8
1.0
1.0
1.0
1.0
1.0
1.0
1.0
1.0
1.0
1.0
1.0
1.0
1.0
1.0
1.0
1.0
1.0
1.0
1.0
0.84
0.84
0.92
1.0
1.0
1.0
1.0
1.0
1.0
1.0
1.0
1.0
1.0
1.0
1.0
1.0
1.0
1.0
1.0
1.0
1.0
1.0
1.0
1.0
1.0
1.0
1.0
1.0
1.0
1.0
1.0
1.0
1.0
1.0
1.0
1.0
1.0
1.0
1.0
1.0
1.0
1.0
1.0
0.96
1.0
1.0
1.0
1.0
1.0
1.0
1.0
1.0
1.0
1.0
1.0
1.0
1.0
1.0
1.0
1.0
1.0
1.0
1.0
1.0
1.0
1.0
0.96
1.0
1.0
1.0
1.0
1.0
1.0
1.0
1.0
1.0
1.0
1.0
1.0
1.0
1.0
1.0
1.0
1.0
1.0
1.0
1.0
1.0
1.0
1.0
0.88
0.84
0.92
0.96
0.96
0.96
1.0
1.0
1.0
1.0
1.0
1.0
1.0
1.0
1.0
1.0
1.0
1.0
1.0
1.0
1.0
1.0
1.0
1.0
1.0
1.0
1.0
1.0
1.0
1.0
1.0
1.0
1.0
1.0
1.0
1.0
1.0
1.0
1.0
0.92
0.88
0.88
0.88
0.88
1.0
1.0
1.0
1.0
1.0
1.0
1.0
1.0
1.0
1.0
1.0
1.0
1.0
1.0
1.0
1.0
0.88
0.8
0.96
1.0
1.0
1.0
1.0
1.0
1.0
1.0
1.0
1.0
1.0
1.0
1.0
1.0
1.0
1.0
1.0
1.0
1.0
1.0
1.0
1.0
0.88
0.84
0.96
1.0
1.0
1.0
1.0
1.0
1.0
1.0
1.0
1.0
1.0
1.0
1.0
1.0
1.0
1.0
1.0
1.0
1.0
1.0
1.0
1.0
0.92
1.0
1.0
1.0
1.0
1.0
1.0
1.0
1.0
1.0
1.0
1.0
1.0
1.0
1.0
1.0
1.0
1.0
1.0
1.0
1.0
1.0
1.0
0.96
1.0
1.0
1.0
1.0
1.0
1.0
1.0
1.0
1.0
1.0
1.0
1.0
1.0
1.0
1.0
1.0
1.0
1.0
1.0
1.0
1.0
1.0
1.0
1.0
1.0
1.0
1.0
1.0
1.0
1.0
1.0
1.0
1.0
1.0
1.0
1.0
1.0
1.0
1.0
1.0
1.0
1.0
1.0
0.92
0.84
0.84
0.92
0.92
0.96
1.0
1.0
1.0
1.0
1.0
1.0
1.0
1.0
1.0
1.0
1.0
1.0
1.0
1.0
1.0
1.0
1.0
0.88
1.0
1.0
1.0
1.0
1.0
1.0
1.0
1.0
1.0
1.0
1.0
1.0
1.0
1.0
1.0
1.0
1.0
1.0
1.0
1.0
1.0
1.0
0.92
0.96
0.96
0.96
0.96
0.96
0.96
0.96
0.96
0.96
0.96
0.96
0.96
0.96
0.96
0.96
0.96
0.96
1.0
1.0
1.0
1.0
0.96
1.0
1.0
1.0
1.0
1.0
1.0
1.0
1.0
1.0
1.0
1.0
1.0
1.0
1.0
1.0
1.0
1.0
1.0
1.0
1.0
0.96
1.0
1.0
1.0
1.0
1.0
1.0
1.0
1.0
1.0
1.0
1.0
1.0
1.0
1.0
1.0
1.0
1.0
1.0
1.0
1.0
0.8
0.8
0.8
0.88
0.88
0.92
1.0
1.0
1.0
1.0
1.0
1.0
1.0
1.0
1.0
1.0
1.0
0.96
0.96
0.88
0.88
0.88
0.96
0.88
0.88
0.96
0.88
0.88
0.88
0.96
0.88
0.96
0.88
0.96
1.0
1.0
1.0
1.0
1.0
1.0
1.0
Policy accuracies
0.8
1.0
1.0
1.0
1.0
1.0
1.0
1.0
1.0
1.0
1.0
1.0
1.0
1.0
1.0
1.0
1.0
1.0
1.0
1.0
0.84
0.84
0.92
1.0
1.0
1.0
1.0
1.0
1.0
1.0
1.0
1.0
1.0
1.0
1.0
1.0
1.0
1.0
1.0
1.0
1.0
1.0
1.0
1.0
1.0
1.0
1.0
1.0
1.0
1.0
1.0
1.0
1.0
1.0
1.0
1.0
1.0
1.0
1.0
1.0
1.0
1.0
1.0
0.96
1.0
1.0
1.0
1.0
1.0
1.0
1.0
1.0
1.0
1.0
1.0
1.0
1.0
1.0
1.0
1.0
1.0
1.0
1.0
1.0
1.0
1.0
0.96
1.0
1.0
1.0
1.0
1.0
1.0
1.0
1.0
1.0
1.0
1.0
1.0
1.0
1.0
1.0
1.0
1.0
1.0
1.0
1.0
1.0
1.0
1.0
0.88
0.84
0.92
0.96
0.96
0.96
1.0
1.0
1.0
1.0
1.0
1.0
1.0
1.0
1.0
1.0
1.0
1.0
1.0
1.0
1.0
1.0
1.0
1.0
1.0
1.0
1.0
1.0
1.0
1.0
1.0
1.0
1.0
1.0
1.0
1.0
1.0
1.0
1.0
0.92
0.88
0.88
0.88
0.88
1.0
1.0
1.0
1.0
1.0
1.0
1.0
1.0
1.0
1.0
1.0
1.0
1.0
1.0
1.0
1.0
0.88
0.8
0.96
1.0
1.0
1.0
1.0
1.0
1.0
1.0
1.0
1.0
1.0
1.0
1.0
1.0
1.0
1.0
1.0
1.0
1.0
1.0
1.0
1.0
0.88
0.84
0.96
1.0
1.0
1.0
1.0
1.0
1.0
1.0
1.0
1.0
1.0
1.0
1.0
1.0
1.0
1.0
1.0
1.0
1.0
1.0
1.0
1.0
0.92
1.0
1.0
1.0
1.0
1.0
1.0
1.0
1.0
1.0
1.0
1.0
1.0
1.0
1.0
1.0
1.0
1.0
1.0
1.0
1.0
1.0
1.0
0.96
1.0
1.0
1.0
1.0
1.0
1.0
1.0
1.0
1.0
1.0
1.0
1.0
1.0
1.0
1.0
1.0
1.0
1.0
1.0
1.0
1.0
1.0
1.0
1.0
1.0
1.0
1.0
1.0
1.0
1.0
1.0
1.0
1.0
1.0
1.0
1.0
1.0
1.0
1.0
1.0
1.0
1.0
1.0
0.92
0.84
0.84
0.92
0.92
0.96
1.0
1.0
1.0
1.0
1.0
1.0
1.0
1.0
1.0
1.0
1.0
1.0
1.0
1.0
1.0
1.0
1.0
0.88
1.0
1.0
1.0
1.0
1.0
1.0
1.0
1.0
1.0
1.0
1.0
1.0
1.0
1.0
1.0
1.0
1.0
1.0
1.0
1.0
1.0
1.0
0.92
0.96
0.96
0.96
0.96
0.96
0.96
0.96
0.96
0.96
0.96
0.96
0.96
0.96
0.96
0.96
0.96
0.96
1.0
1.0
1.0
1.0
0.96
1.0
1.0
1.0
1.0
1.0
1.0
1.0
1.0
1.0
1.0
1.0
1.0
1.0
1.0
1.0
1.0
1.0
1.0
1.0
1.0
0.96
1.0
1.0
1.0
1.0
1.0
1.0
1.0
1.0
1.0
1.0
1.0
1.0
1.0
1.0
1.0
1.0
1.0
1.0
1.0
1.0
0.76
0.76
0.76
0.88
0.88
0.92
1.0
1.0
1.0
1.0
1.0
1.0
1.0
1.0
1.0
1.0
1.0
0.96
0.96
0.88
0.88
0.88
0.96
0.88
0.88
0.96
0.88
0.88
0.88
0.96
0.88
0.96
0.88
0.96
1.0
1.0
1.0
1.0
1.0
1.0
1.0
Confidence
1.0
Accuracy
1.0
Confusion matrices
[[436, 0], [47, 17]]
NEW THRESHOLD 0.4
Policy loss bounds
0.155066975301
0.118280295962
0.111817469434
0.0318355480221
0.0342381477436
0.0140087381394
0.011068314673
0.0108738733636
0.00721519308285
0.00896101535957
0.00482202016266
0.00332877284623
0.000909316263204
0.000250982069589
0.0
0.0
0.0
0.0
0.0
0.00147753858174
0.207959337564
0.101000235796
0.102054550513
0.0119524297474
0.00236501142245
0.0
0.000665561316406
8.78637997359e-06
0.0
0.0
0.0
0.0
0.0
0.0
0.0
0.0
0.0
0.0
0.0
0.0
0.0
0.0
0.0
0.0896266164907
0.245295952075
0.0115477762508
0.00724337711297
0.00358003854407
7.33742009568e-05
0.0
0.0
0.0
0.0
0.0
0.0
0.0
0.0
0.0
0.0
0.0
0.0
0.0
0.0
0.147025420092
0.0628964271744
0.00919420234848
0.0146144402991
0.00258730095839
0.00256168471975
0.0
0.0
0.0
0.0
0.0
0.0
0.0
0.0
0.0
0.0023213133501
0.0
0.0
0.0
0.0
0.0
0.0
0.0
0.133546711408
0.268926681416
0.0226858542959
0.00354847544889
0.000702976810222
0.00132580184375
0.0
0.0
0.0
0.0
0.0
0.0
0.0
0.0
0.0
0.0
0.0
0.0
0.0
0.0
0.0
0.0
0.0
0.0
0.256061175486
0.284916499017
0.214453677539
0.349145863626
0.398769203527
0.170592498951
0.0988109764381
0.0465699125924
0.0207343021477
0.0245252947977
0.00906853534782
0.00893456577715
0.00771029549714
0.00241983055249
0.00696720451051
0.000763047129832
0.000737320526977
0.0
0.0
0.00316203881426
4.1345534788e-05
0.0
0.0
0.346924183625
0.131289870209
0.0965869955524
0.0435149597531
0.0156324437828
0.0144599459048
0.005984118892
0.00331670015606
0.00178921612284
0.00430821103207
0.00253741506091
0.0
0.0
0.0
0.0
0.0
0.0
0.0
0.0
0.229140708712
0.322296997233
0.261248583237
0.162720128174
0.12486663966
0.0888108839391
0.0508258867925
0.0671115954239
0.0404113854813
0.0271744178197
0.0251223113991
0.0331842844623
0.00190445951697
0.00657518811171
0.00772492691631
0.0119883052185
0.0
0.0
0.00161434260503
0.00508380748739
0.0
0.000412720776648
0.118681300059
0.0994547847033
0.0778698690486
0.0271394994287
0.00335749222184
0.00835227807446
0.00106310439689
0.00371348740085
0.0
0.0
0.0
0.0
0.0
0.0
0.0
0.0
0.00506417150079
0.0
0.00124903050911
0.0
0.0
0.0
0.0
0.0
0.26730579613
0.113717200654
0.0634756164401
0.0239232090414
0.0225598250031
0.0296386851602
0.0112800005202
0.010059524209
0.00644721660806
0.00922161279398
0.00185840937421
0.00491085886551
0.0011282862322
0.000935090256026
0.00200128865449
0.0
0.00261163260844
0.00288612071576
0.00275533365459
0.0
0.0
0.000676479678359
0.00132959009784
0.0
0.262626653282
0.316925187116
0.0907240845106
0.0135837187857
0.00835128755643
0.0
0.0
0.0057652943209
0.0
0.0
0.0
0.0
0.0
0.0
0.0
0.0
0.00436221551874
0.0
0.0
0.0
0.0
0.0
0.0
0.0
0.158205940605
0.0961135966175
0.019610112147
0.0188067096629
0.00799074699047
0.00513285326401
0.0
0.0
0.0100010637311
0.000719598423188
0.0
0.0
0.0
0.0
0.0
0.0
0.0
0.0
0.0
0.0
0.00016865528058
0.0
0.0807994688647
0.0897990015852
0.00669883925861
0.0095705086908
0.0
0.0
0.0
0.0
0.0
0.0
0.0
0.0
0.0
0.0
0.0
0.0
0.0
0.0
0.0
0.0
0.0
0.0
0.141860255595
0.128209943678
0.123248703267
0.0437609794366
0.0453024757993
0.0525714983827
0.0154651657985
0.0156519848944
0.0123891646084
0.00511916735384
0.000217381176702
0.00380932999454
0.0
0.0736838441498
0.00316565271053
0.00286065923713
0.0
0.000716356494016
0.00153546224764
0.0
0.0
0.0
0.0
0.353280631961
0.15232951916
0.0910955178088
0.0670010876441
0.0740844446369
0.0618275055907
0.0685282352959
0.0530881650136
0.0659004397934
0.0676990632813
0.0563274827533
0.0741471626769
0.0794531074405
0.0693331546471
0.0906520905699
0.0679158358858
0.108273885137
0.0809643406965
0.0741924331806
0.119532135664
0.0555880407085
0.0642419481564
0.0460544784554
0.0751447297145
0.128224184444
0.120179521662
0.0924093622391
0.0826653769977
0.264312584275
0.0703835606284
0.0696606714492
0.048810337229
0.069087324849
0.0689588681289
0.0615113062027
0.0616178826586
0.058485482705
0.0425010183236
0.0654042857146
0.061595550823
0.0722154940746
0.0713259235619
0.00129518440247
0.0102062041689
0.00121093222616
0.0
0.0844441712778
0.0244298075606
0.0170298286327
0.0135562326721
0.0
0.0159350820011
0.0018105221474
0.0
0.0
0.0
0.0
0.0
0.00343488013663
0.0
0.0
0.0
0.0
0.0
0.0
0.0
0.0
0.353785223673
0.153142477639
0.0324938515757
0.206894743098
0.0705010288431
0.0871558475853
0.00727713772363
0.0
0.000151715812179
0.0
0.0
0.0
0.0
0.0
0.0
0.0048082512281
0.360822129293
0.0
0.0
0.0
0.0
0.0
0.0
0.126121019341
0.0510161469194
0.055226024443
0.0497644424113
0.0577068227271
0.0550691433975
0.0361030551737
0.0404974269725
0.0174586187083
0.019075494367
0.0380966387656
0.0107339737675
0.0135348230609
0.00669376344381
0.00633331276518
0.000910095170295
0.00215130650696
0.266708202527
0.236210279831
0.253663246305
0.221323159534
0.171175322311
0.137550343672
0.144633621655
0.139910664559
0.129800891857
0.116851618295
0.106035068664
0.11906382357
0.125757393975
0.111926092899
0.155135884902
0.131584825178
0.123475621459
0.0583667633725
0.0222593599024
0.0379741792289
0.127167201537
0.00941421293121
0.0428862562894
0.00656824812178
Num demos
6
7
8
9
10
11
12
13
14
15
16
17
18
19
20
21
22
23
24
25
2
4
5
6
7
8
9
10
11
12
13
14
15
16
17
18
19
20
21
22
23
24
25
6
7
8
9
10
11
12
13
14
15
16
17
18
19
20
21
22
23
24
25
3
4
5
6
7
8
9
10
11
12
13
14
15
16
17
18
19
20
21
22
23
24
25
2
3
4
5
6
7
8
9
10
11
12
13
14
15
16
17
18
19
20
21
22
23
24
25
3
4
5
6
7
8
9
10
11
12
13
14
15
16
17
18
19
20
21
22
23
24
25
7
8
9
10
11
12
13
14
15
16
17
18
19
20
21
22
23
24
25
2
3
4
6
8
9
10
11
12
13
14
15
16
17
18
19
20
21
22
23
24
25
2
3
4
5
6
7
8
9
10
11
12
13
14
15
16
17
18
19
20
21
22
23
24
25
2
3
4
5
6
7
8
9
10
11
12
13
14
15
16
17
18
19
20
21
22
23
24
25
2
3
4
5
6
7
8
9
10
11
12
13
14
15
16
17
18
19
20
21
22
23
24
25
4
5
6
7
8
9
10
11
12
13
14
15
16
17
18
19
20
21
22
23
24
25
4
5
6
7
8
9
10
11
12
13
14
15
16
17
18
19
20
21
22
23
24
25
3
4
5
6
7
8
9
10
11
12
13
14
15
16
17
18
19
20
21
22
23
24
25
2
3
4
5
6
7
8
9
10
11
12
13
14
15
16
17
18
19
20
21
22
23
24
25
4
5
6
7
8
9
10
11
12
13
14
15
16
17
18
19
20
21
22
23
24
25
3
4
5
6
7
8
10
11
12
13
14
15
16
17
18
19
20
21
22
23
24
25
3
5
6
7
8
9
10
11
12
13
14
15
16
17
18
19
20
21
22
23
24
25
5
6
7
8
9
10
13
14
15
16
18
19
20
22
23
24
25
2
3
4
5
6
7
8
9
10
11
12
13
14
15
16
17
18
19
20
21
22
23
24
25
Percent states
0.24
0.28
0.32
0.36
0.4
0.44
0.48
0.52
0.56
0.6
0.64
0.68
0.72
0.76
0.8
0.84
0.88
0.92
0.96
1.0
0.08
0.16
0.2
0.24
0.28
0.32
0.36
0.4
0.44
0.48
0.52
0.56
0.6
0.64
0.68
0.72
0.76
0.8
0.84
0.88
0.92
0.96
1.0
0.24
0.28
0.32
0.36
0.4
0.44
0.48
0.52
0.56
0.6
0.64
0.68
0.72
0.76
0.8
0.84
0.88
0.92
0.96
1.0
0.12
0.16
0.2
0.24
0.28
0.32
0.36
0.4
0.44
0.48
0.52
0.56
0.6
0.64
0.68
0.72
0.76
0.8
0.84
0.88
0.92
0.96
1.0
0.08
0.12
0.16
0.2
0.24
0.28
0.32
0.36
0.4
0.44
0.48
0.52
0.56
0.6
0.64
0.68
0.72
0.76
0.8
0.84
0.88
0.92
0.96
1.0
0.12
0.16
0.2
0.24
0.28
0.32
0.36
0.4
0.44
0.48
0.52
0.56
0.6
0.64
0.68
0.72
0.76
0.8
0.84
0.88
0.92
0.96
1.0
0.28
0.32
0.36
0.4
0.44
0.48
0.52
0.56
0.6
0.64
0.68
0.72
0.76
0.8
0.84
0.88
0.92
0.96
1.0
0.08
0.12
0.16
0.24
0.32
0.36
0.4
0.44
0.48
0.52
0.56
0.6
0.64
0.68
0.72
0.76
0.8
0.84
0.88
0.92
0.96
1.0
0.08
0.12
0.16
0.2
0.24
0.28
0.32
0.36
0.4
0.44
0.48
0.52
0.56
0.6
0.64
0.68
0.72
0.76
0.8
0.84
0.88
0.92
0.96
1.0
0.08
0.12
0.16
0.2
0.24
0.28
0.32
0.36
0.4
0.44
0.48
0.52
0.56
0.6
0.64
0.68
0.72
0.76
0.8
0.84
0.88
0.92
0.96
1.0
0.08
0.12
0.16
0.2
0.24
0.28
0.32
0.36
0.4
0.44
0.48
0.52
0.56
0.6
0.64
0.68
0.72
0.76
0.8
0.84
0.88
0.92
0.96
1.0
0.16
0.2
0.24
0.28
0.32
0.36
0.4
0.44
0.48
0.52
0.56
0.6
0.64
0.68
0.72
0.76
0.8
0.84
0.88
0.92
0.96
1.0
0.16
0.2
0.24
0.28
0.32
0.36
0.4
0.44
0.48
0.52
0.56
0.6
0.64
0.68
0.72
0.76
0.8
0.84
0.88
0.92
0.96
1.0
0.12
0.16
0.2
0.24
0.28
0.32
0.36
0.4
0.44
0.48
0.52
0.56
0.6
0.64
0.68
0.72
0.76
0.8
0.84
0.88
0.92
0.96
1.0
0.08
0.12
0.16
0.2
0.24
0.28
0.32
0.36
0.4
0.44
0.48
0.52
0.56
0.6
0.64
0.68
0.72
0.76
0.8
0.84
0.88
0.92
0.96
1.0
0.16
0.2
0.24
0.28
0.32
0.36
0.4
0.44
0.48
0.52
0.56
0.6
0.64
0.68
0.72
0.76
0.8
0.84
0.88
0.92
0.96
1.0
0.12
0.16
0.2
0.24
0.28
0.32
0.4
0.44
0.48
0.52
0.56
0.6
0.64
0.68
0.72
0.76
0.8
0.84
0.88
0.92
0.96
1.0
0.12
0.2
0.24
0.28
0.32
0.36
0.4
0.44
0.48
0.52
0.56
0.6
0.64
0.68
0.72
0.76
0.8
0.84
0.88
0.92
0.96
1.0
0.2
0.24
0.28
0.32
0.36
0.4
0.52
0.56
0.6
0.64
0.72
0.76
0.8
0.88
0.92
0.96
1.0
0.08
0.12
0.16
0.2
0.24
0.28
0.32
0.36
0.4
0.44
0.48
0.52
0.56
0.6
0.64
0.68
0.72
0.76
0.8
0.84
0.88
0.92
0.96
1.0
Uncertain states
24
24
24
0
2
6
7
11
11
7
11
7
6
11
7
11
7
11
7
0
0
0
0
0
7
11
2
0
17
16
16
16
0
16
16
0
0
0
0
0
0
0
0
0
0
0
0
0
0
0
6
19
9
8
1
20
15
1
20
1
20
0
0
0
0
0
0
0
0
0
0
0
0
0
0
0
16
3
4
4
3
3
4
0
0
0
0
0
0
0
0
0
3
0
0
0
0
0
0
0
13
2
4
2
2
2
2
0
0
0
0
0
0
0
0
0
0
0
0
0
0
0
0
0
0
13
10
0
0
0
2
4
4
24
18
18
2
2
18
18
2
18
18
2
0
0
2
18
0
0
5
2
1
1
2
6
22
22
17
16
17
16
17
16
16
17
16
0
0
0
0
0
0
0
0
5
20
5
3
1
3
3
2
11
15
3
14
2
11
2
2
6
14
2
0
0
6
14
0
3
22
11
12
3
3
3
12
3
12
0
0
0
0
0
0
0
0
7
0
3
0
0
0
0
0
23
7
18
10
11
13
16
10
11
8
7
18
10
13
13
19
0
10
11
11
0
0
10
13
0
21
4
9
14
14
14
0
0
21
0
0
0
0
0
0
0
0
4
0
0
0
0
0
0
0
17
24
19
11
6
11
12
11
12
0
0
11
6
0
0
0
0
0
0
0
0
0
0
12
0
6
19
9
5
10
10
5
0
0
0
0
0
0
0
0
0
0
0
0
0
0
0
0
0
0
3
5
16
16
11
9
14
4
4
19
4
10
4
11
0
20
19
4
0
11
4
0
0
0
0
14
4
3
24
24
24
24
24
24
24
24
24
24
24
24
24
24
24
24
24
24
24
24
24
24
12
5
1
4
4
4
4
11
4
4
9
4
4
4
4
4
9
4
9
4
9
4
9
4
0
8
20
21
21
20
21
0
20
4
21
0
0
0
0
0
21
0
0
0
0
0
0
0
0
24
1
2
11
20
11
20
20
15
11
0
11
0
0
0
0
0
0
11
20
0
0
0
0
0
0
13
20
20
20
15
22
3
21
23
17
20
10
17
10
17
10
20
17
10
17
0
10
17
22
10
21
4
4
24
4
4
4
4
4
4
4
4
4
4
4
4
7
8
9
8
5
24
8
9
8
True EVDs
0.0068583776872
0.0
0.0
0.0
0.0
0.0
0.0
0.0
0.0
0.0
0.0
0.0
0.0
0.0
0.0
0.0
0.0
0.0
0.0
0.0
0.00694175244364
0.00430731038149
0.00610531828397
0.0
0.0
0.0
0.0
0.0
0.0
0.0
0.0
0.0
0.0
0.0
0.0
0.0
0.0
0.0
0.0
0.0
0.0
0.0
0.0
0.0
0.0
0.0
0.0
0.0
0.0
0.0
0.0
0.0
0.0
0.0
0.0
0.0
0.0
0.0
0.0
0.0
0.0
0.0
0.0
0.00134729556151
0.0
0.0
0.0
0.0
0.0
0.0
0.0
0.0
0.0
0.0
0.0
0.0
0.0
0.0
0.0
0.0
0.0
0.0
0.0
0.0
0.0
0.0
1.89986902552e-05
0.0
0.0
0.0
0.0
0.0
0.0
0.0
0.0
0.0
0.0
0.0
0.0
0.0
0.0
0.0
0.0
0.0
0.0
0.0
0.0
0.0
0.0
0.0
0.00358848055076
0.000746578673146
8.90554430362e-05
0.000746578673146
0.000225119305741
0.000225119305741
0.000225119305741
0.000225119305741
0.0
0.0
0.0
0.0
0.0
0.0
0.0
0.0
0.0
0.0
0.0
0.0
0.0
0.0
0.0
0.0
0.0
0.0
0.0
0.0
0.0
0.0
0.0
0.0
0.0
0.0
0.0
0.0
0.0
0.0
0.0
0.0
0.0
0.0
0.0117128951513
0.00249447325385
0.00249447325385
0.00249447325385
0.00249447325385
0.00249447325385
0.0
0.0
0.0
0.0
0.0
0.0
0.0
0.0
0.0
0.0
0.0
0.0
0.0
0.0
0.0
0.0
0.0234959504841
0.0288226959454
0.00145175125918
0.0
0.0
0.0
0.0
0.0
0.0
0.0
0.0
0.0
0.0
0.0
0.0
0.0
0.0
0.0
0.0
0.0
0.0
0.0
0.0
0.0
0.00579279853046
0.00465046573181
0.00041885121417
0.0
0.0
0.0
0.0
0.0
0.0
0.0
0.0
0.0
0.0
0.0
0.0
0.0
0.0
0.0
0.0
0.0
0.0
0.0
0.0
0.0
0.00671277349723
0.00671277349723
0.0
0.0
0.0
0.0
0.0
0.0
0.0
0.0
0.0
0.0
0.0
0.0
0.0
0.0
0.0
0.0
0.0
0.0
0.0
0.0
0.0
0.0
0.00423852452857
0.0
0.0
0.0
0.0
0.0
0.0
0.0
0.0
0.0
0.0
0.0
0.0
0.0
0.0
0.0
0.0
0.0
0.0
0.0
0.0
0.0
0.0
0.0
0.0
0.0
0.0
0.0
0.0
0.0
0.0
0.0
0.0
0.0
0.0
0.0
0.0
0.0
0.0
0.0
0.0
0.0
0.0
0.0
0.00483317558093
0.0056387279781
0.0056387279781
0.00483317558093
0.00483317558093
0.00192912329452
0.0
0.0
0.0
0.0
0.0
0.0
0.0
0.0
0.0
0.0
0.0
0.0
0.0
0.0
0.0
0.0
0.0
0.0
0.0133801614551
0.0
0.0
0.0
0.0
0.0
0.0
0.0
0.0
0.0
0.0
0.0
0.0
0.0
0.0
0.0
0.0
0.0
0.0
0.0
0.0
0.0
0.0
0.00224900920472
0.00362123928632
0.00362123928632
0.00362123928632
0.00362123928632
0.00362123928632
0.00362123928632
0.00362123928632
0.00362123928632
0.00362123928632
0.00362123928632
0.00362123928632
0.00362123928632
0.00362123928632
0.00362123928632
0.00362123928632
0.00362123928632
0.00362123928632
0.0
0.0
0.0
0.0
0.000733202141791
0.0
0.0
0.0
0.0
0.0
0.0
0.0
0.0
0.0
0.0
0.0
0.0
0.0
0.0
0.0
0.0
0.0
0.0
0.0
0.0
0.0
0.00328442610528
0.0
0.0
0.0
0.0
0.0
0.0
0.0
0.0
0.0
0.0
0.0
0.0
0.0
0.0
0.0
0.0
0.0
0.0
0.0
0.0
0.0
0.0194068199285
0.0194068199285
0.0194068199285
0.00772410741627
0.00772410741627
0.00510695929045
0.0
0.0
0.0
0.0
0.0
0.0
0.0
0.0
0.0
0.0
0.0
0.00157325901951
0.00157325901951
0.00571860878897
0.00571860878897
0.00571860878897
0.00157325901951
0.00571860878897
0.00571860878897
0.00157325901951
0.00571860878897
0.00571860878897
0.00571860878897
0.00157325901951
0.00571860878897
0.00157325901951
0.00571860878897
0.00157325901951
0.0
0.0
0.0
0.0
0.0
0.0
0.0
Bound errors
0.148208597614
0.118280295962
0.111817469434
0.0318355480221
0.0342381477436
0.0140087381394
0.011068314673
0.0108738733636
0.00721519308285
0.00896101535957
0.00482202016266
0.00332877284623
0.000909316263204
0.000250982069589
0.0
0.0
0.0
0.0
0.0
0.00147753858174
0.20101758512
0.0966929254143
0.0959492322292
0.0119524297474
0.00236501142245
0.0
0.000665561316406
8.78637997359e-06
0.0
0.0
0.0
0.0
0.0
0.0
0.0
0.0
0.0
0.0
0.0
0.0
0.0
0.0
0.0
0.0896266164907
0.245295952075
0.0115477762508
0.00724337711297
0.00358003854407
7.33742009568e-05
0.0
0.0
0.0
0.0
0.0
0.0
0.0
0.0
0.0
0.0
0.0
0.0
0.0
0.0
0.145678124531
0.0628964271744
0.00919420234848
0.0146144402991
0.00258730095839
0.00256168471975
0.0
0.0
0.0
0.0
0.0
0.0
0.0
0.0
0.0
0.0023213133501
0.0
0.0
0.0
0.0
0.0
0.0
0.0
0.133527712718
0.268926681416
0.0226858542959
0.00354847544889
0.000702976810222
0.00132580184375
0.0
0.0
0.0
0.0
0.0
0.0
0.0
0.0
0.0
0.0
0.0
0.0
0.0
0.0
0.0
0.0
0.0
0.0
0.252472694936
0.284169920344
0.214364622096
0.348399284953
0.398544084221
0.170367379645
0.0985858571324
0.0463447932867
0.0207343021477
0.0245252947977
0.00906853534782
0.00893456577715
0.00771029549714
0.00241983055249
0.00696720451051
0.000763047129832
0.000737320526977
0.0
0.0
0.00316203881426
4.1345534788e-05
0.0
0.0
0.346924183625
0.131289870209
0.0965869955524
0.0435149597531
0.0156324437828
0.0144599459048
0.005984118892
0.00331670015606
0.00178921612284
0.00430821103207
0.00253741506091
0.0
0.0
0.0
0.0
0.0
0.0
0.0
0.0
0.217427813561
0.319802523979
0.258754109983
0.16022565492
0.122372166406
0.0863164106853
0.0508258867925
0.0671115954239
0.0404113854813
0.0271744178197
0.0251223113991
0.0331842844623
0.00190445951697
0.00657518811171
0.00772492691631
0.0119883052185
0.0
0.0
0.00161434260503
0.00508380748739
0.0
0.000412720776648
0.0951853495745
0.0706320887579
0.0764181177894
0.0271394994287
0.00335749222184
0.00835227807446
0.00106310439689
0.00371348740085
0.0
0.0
0.0
0.0
0.0
0.0
0.0
0.0
0.00506417150079
0.0
0.00124903050911
0.0
0.0
0.0
0.0
0.0
0.261512997599
0.109066734922
0.0630567652259
0.0239232090414
0.0225598250031
0.0296386851602
0.0112800005202
0.010059524209
0.00644721660806
0.00922161279398
0.00185840937421
0.00491085886551
0.0011282862322
0.000935090256026
0.00200128865449
0.0
0.00261163260844
0.00288612071576
0.00275533365459
0.0
0.0
0.000676479678359
0.00132959009784
0.0
0.255913879785
0.310212413619
0.0907240845106
0.0135837187857
0.00835128755643
0.0
0.0
0.0057652943209
0.0
0.0
0.0
0.0
0.0
0.0
0.0
0.0
0.00436221551874
0.0
0.0
0.0
0.0
0.0
0.0
0.0
0.153967416077
0.0961135966175
0.019610112147
0.0188067096629
0.00799074699047
0.00513285326401
0.0
0.0
0.0100010637311
0.000719598423188
0.0
0.0
0.0
0.0
0.0
0.0
0.0
0.0
0.0
0.0
0.00016865528058
0.0
0.0807994688647
0.0897990015852
0.00669883925861
0.0095705086908
0.0
0.0
0.0
0.0
0.0
0.0
0.0
0.0
0.0
0.0
0.0
0.0
0.0
0.0
0.0
0.0
0.0
0.0
0.137027080014
0.1225712157
0.117609975289
0.0389278038556
0.0404693002184
0.0506423750881
0.0154651657985
0.0156519848944
0.0123891646084
0.00511916735384
0.000217381176702
0.00380932999454
0.0
0.0736838441498
0.00316565271053
0.00286065923713
0.0
0.000716356494016
0.00153546224764
0.0
0.0
0.0
0.0
0.353280631961
0.138949357704
0.0910955178088
0.0670010876441
0.0740844446369
0.0618275055907
0.0685282352959
0.0530881650136
0.0659004397934
0.0676990632813
0.0563274827533
0.0741471626769
0.0794531074405
0.0693331546471
0.0906520905699
0.0679158358858
0.108273885137
0.0809643406965
0.0741924331806
0.119532135664
0.0555880407085
0.0642419481564
0.0460544784554
0.0751447297145
0.12597517524
0.116558282375
0.0887881229528
0.0790441377114
0.260691344989
0.0667623213421
0.0660394321629
0.0451890979426
0.0654660855626
0.0653376288425
0.0578900669164
0.0579966433723
0.0548642434187
0.0388797790373
0.0617830464283
0.0579743115367
0.0685942547882
0.0677046842756
0.00129518440247
0.0102062041689
0.00121093222616
0.0
0.083710969136
0.0244298075606
0.0170298286327
0.0135562326721
0.0
0.0159350820011
0.0018105221474
0.0
0.0
0.0
0.0
0.0
0.00343488013663
0.0
0.0
0.0
0.0
0.0
0.0
0.0
0.0
0.353785223673
0.149858051534
0.0324938515757
0.206894743098
0.0705010288431
0.0871558475853
0.00727713772363
0.0
0.000151715812179
0.0
0.0
0.0
0.0
0.0
0.0
0.0048082512281
0.360822129293
0.0
0.0
0.0
0.0
0.0
0.0
0.106714199412
0.0316093269909
0.0358192045145
0.042040334995
0.0499827153108
0.0499621841071
0.0361030551737
0.0404974269725
0.0174586187083
0.019075494367
0.0380966387656
0.0107339737675
0.0135348230609
0.00669376344381
0.00633331276518
0.000910095170295
0.00215130650696
0.265134943508
0.234637020812
0.247944637516
0.215604550745
0.165456713522
0.135977084652
0.138915012866
0.13419205577
0.128227632837
0.111133009506
0.100316459875
0.113345214781
0.124184134955
0.10620748411
0.153562625882
0.125866216389
0.12190236244
0.0583667633725
0.0222593599024
0.0379741792289
0.127167201537
0.00941421293121
0.0428862562894
0.00656824812178
Policy optimalities
0.8
1.0
1.0
1.0
1.0
1.0
1.0
1.0
1.0
1.0
1.0
1.0
1.0
1.0
1.0
1.0
1.0
1.0
1.0
1.0
0.84
0.84
0.92
1.0
1.0
1.0
1.0
1.0
1.0
1.0
1.0
1.0
1.0
1.0
1.0
1.0
1.0
1.0
1.0
1.0
1.0
1.0
1.0
1.0
1.0
1.0
1.0
1.0
1.0
1.0
1.0
1.0
1.0
1.0
1.0
1.0
1.0
1.0
1.0
1.0
1.0
1.0
1.0
0.96
1.0
1.0
1.0
1.0
1.0
1.0
1.0
1.0
1.0
1.0
1.0
1.0
1.0
1.0
1.0
1.0
1.0
1.0
1.0
1.0
1.0
1.0
0.96
1.0
1.0
1.0
1.0
1.0
1.0
1.0
1.0
1.0
1.0
1.0
1.0
1.0
1.0
1.0
1.0
1.0
1.0
1.0
1.0
1.0
1.0
1.0
0.88
0.84
0.92
0.84
0.96
0.96
0.96
0.96
1.0
1.0
1.0
1.0
1.0
1.0
1.0
1.0
1.0
1.0
1.0
1.0
1.0
1.0
1.0
1.0
1.0
1.0
1.0
1.0
1.0
1.0
1.0
1.0
1.0
1.0
1.0
1.0
1.0
1.0
1.0
1.0
1.0
1.0
0.92
0.88
0.88
0.88
0.88
0.88
1.0
1.0
1.0
1.0
1.0
1.0
1.0
1.0
1.0
1.0
1.0
1.0
1.0
1.0
1.0
1.0
0.88
0.8
0.96
1.0
1.0
1.0
1.0
1.0
1.0
1.0
1.0
1.0
1.0
1.0
1.0
1.0
1.0
1.0
1.0
1.0
1.0
1.0
1.0
1.0
0.88
0.84
0.96
1.0
1.0
1.0
1.0
1.0
1.0
1.0
1.0
1.0
1.0
1.0
1.0
1.0
1.0
1.0
1.0
1.0
1.0
1.0
1.0
1.0
0.92
0.92
1.0
1.0
1.0
1.0
1.0
1.0
1.0
1.0
1.0
1.0
1.0
1.0
1.0
1.0
1.0
1.0
1.0
1.0
1.0
1.0
1.0
1.0
0.96
1.0
1.0
1.0
1.0
1.0
1.0
1.0
1.0
1.0
1.0
1.0
1.0
1.0
1.0
1.0
1.0
1.0
1.0
1.0
1.0
1.0
1.0
1.0
1.0
1.0
1.0
1.0
1.0
1.0
1.0
1.0
1.0
1.0
1.0
1.0
1.0
1.0
1.0
1.0
1.0
1.0
1.0
1.0
0.92
0.84
0.84
0.92
0.92
0.96
1.0
1.0
1.0
1.0
1.0
1.0
1.0
1.0
1.0
1.0
1.0
1.0
1.0
1.0
1.0
1.0
1.0
1.0
0.88
1.0
1.0
1.0
1.0
1.0
1.0
1.0
1.0
1.0
1.0
1.0
1.0
1.0
1.0
1.0
1.0
1.0
1.0
1.0
1.0
1.0
1.0
0.92
0.96
0.96
0.96
0.96
0.96
0.96
0.96
0.96
0.96
0.96
0.96
0.96
0.96
0.96
0.96
0.96
0.96
1.0
1.0
1.0
1.0
0.96
1.0
1.0
1.0
1.0
1.0
1.0
1.0
1.0
1.0
1.0
1.0
1.0
1.0
1.0
1.0
1.0
1.0
1.0
1.0
1.0
1.0
0.96
1.0
1.0
1.0
1.0
1.0
1.0
1.0
1.0
1.0
1.0
1.0
1.0
1.0
1.0
1.0
1.0
1.0
1.0
1.0
1.0
1.0
0.8
0.8
0.8
0.88
0.88
0.92
1.0
1.0
1.0
1.0
1.0
1.0
1.0
1.0
1.0
1.0
1.0
0.96
0.96
0.88
0.88
0.88
0.96
0.88
0.88
0.96
0.88
0.88
0.88
0.96
0.88
0.96
0.88
0.96
1.0
1.0
1.0
1.0
1.0
1.0
1.0
Policy accuracies
0.8
1.0
1.0
1.0
1.0
1.0
1.0
1.0
1.0
1.0
1.0
1.0
1.0
1.0
1.0
1.0
1.0
1.0
1.0
1.0
0.84
0.84
0.92
1.0
1.0
1.0
1.0
1.0
1.0
1.0
1.0
1.0
1.0
1.0
1.0
1.0
1.0
1.0
1.0
1.0
1.0
1.0
1.0
1.0
1.0
1.0
1.0
1.0
1.0
1.0
1.0
1.0
1.0
1.0
1.0
1.0
1.0
1.0
1.0
1.0
1.0
1.0
1.0
0.96
1.0
1.0
1.0
1.0
1.0
1.0
1.0
1.0
1.0
1.0
1.0
1.0
1.0
1.0
1.0
1.0
1.0
1.0
1.0
1.0
1.0
1.0
0.96
1.0
1.0
1.0
1.0
1.0
1.0
1.0
1.0
1.0
1.0
1.0
1.0
1.0
1.0
1.0
1.0
1.0
1.0
1.0
1.0
1.0
1.0
1.0
0.88
0.84
0.92
0.84
0.96
0.96
0.96
0.96
1.0
1.0
1.0
1.0
1.0
1.0
1.0
1.0
1.0
1.0
1.0
1.0
1.0
1.0
1.0
1.0
1.0
1.0
1.0
1.0
1.0
1.0
1.0
1.0
1.0
1.0
1.0
1.0
1.0
1.0
1.0
1.0
1.0
1.0
0.92
0.88
0.88
0.88
0.88
0.88
1.0
1.0
1.0
1.0
1.0
1.0
1.0
1.0
1.0
1.0
1.0
1.0
1.0
1.0
1.0
1.0
0.88
0.8
0.96
1.0
1.0
1.0
1.0
1.0
1.0
1.0
1.0
1.0
1.0
1.0
1.0
1.0
1.0
1.0
1.0
1.0
1.0
1.0
1.0
1.0
0.88
0.84
0.96
1.0
1.0
1.0
1.0
1.0
1.0
1.0
1.0
1.0
1.0
1.0
1.0
1.0
1.0
1.0
1.0
1.0
1.0
1.0
1.0
1.0
0.92
0.92
1.0
1.0
1.0
1.0
1.0
1.0
1.0
1.0
1.0
1.0
1.0
1.0
1.0
1.0
1.0
1.0
1.0
1.0
1.0
1.0
1.0
1.0
0.96
1.0
1.0
1.0
1.0
1.0
1.0
1.0
1.0
1.0
1.0
1.0
1.0
1.0
1.0
1.0
1.0
1.0
1.0
1.0
1.0
1.0
1.0
1.0
1.0
1.0
1.0
1.0
1.0
1.0
1.0
1.0
1.0
1.0
1.0
1.0
1.0
1.0
1.0
1.0
1.0
1.0
1.0
1.0
0.92
0.84
0.84
0.92
0.92
0.96
1.0
1.0
1.0
1.0
1.0
1.0
1.0
1.0
1.0
1.0
1.0
1.0
1.0
1.0
1.0
1.0
1.0
1.0
0.88
1.0
1.0
1.0
1.0
1.0
1.0
1.0
1.0
1.0
1.0
1.0
1.0
1.0
1.0
1.0
1.0
1.0
1.0
1.0
1.0
1.0
1.0
0.92
0.96
0.96
0.96
0.96
0.96
0.96
0.96
0.96
0.96
0.96
0.96
0.96
0.96
0.96
0.96
0.96
0.96
1.0
1.0
1.0
1.0
0.96
1.0
1.0
1.0
1.0
1.0
1.0
1.0
1.0
1.0
1.0
1.0
1.0
1.0
1.0
1.0
1.0
1.0
1.0
1.0
1.0
1.0
0.96
1.0
1.0
1.0
1.0
1.0
1.0
1.0
1.0
1.0
1.0
1.0
1.0
1.0
1.0
1.0
1.0
1.0
1.0
1.0
1.0
1.0
0.76
0.76
0.76
0.88
0.88
0.92
1.0
1.0
1.0
1.0
1.0
1.0
1.0
1.0
1.0
1.0
1.0
0.96
0.96
0.88
0.88
0.88
0.96
0.88
0.88
0.96
0.88
0.88
0.88
0.96
0.88
0.96
0.88
0.96
1.0
1.0
1.0
1.0
1.0
1.0
1.0
Confidence
1.0
Accuracy
1.0
Confusion matrices
[[444, 0], [40, 16]]
NEW THRESHOLD 0.5
Policy loss bounds
0.427866632749
0.155066975301
0.118280295962
0.111817469434
0.0318355480221
0.0342381477436
0.0140087381394
0.011068314673
0.0108738733636
0.00721519308285
0.00896101535957
0.00482202016266
0.00332877284623
0.000909316263204
0.000250982069589
0.0
0.0
0.0
0.0
0.0
0.00147753858174
0.207959337564
0.414932839467
0.101000235796
0.102054550513
0.0119524297474
0.00236501142245
0.0
0.000665561316406
8.78637997359e-06
0.0
0.0
0.0
0.0
0.0
0.0
0.0
0.0
0.0
0.0
0.0
0.0
0.0
0.0
0.0
0.0896266164907
0.245295952075
0.0115477762508
0.00724337711297
0.00358003854407
7.33742009568e-05
0.0
0.0
0.0
0.0
0.0
0.0
0.0
0.0
0.0
0.0
0.0
0.0
0.0
0.0
0.147025420092
0.0628964271744
0.00919420234848
0.0146144402991
0.00258730095839
0.00256168471975
0.0
0.0
0.0
0.0
0.0
0.0
0.0
0.0
0.0
0.0023213133501
0.0
0.0
0.0
0.0
0.0
0.0
0.0
0.133546711408
0.268926681416
0.0226858542959
0.00354847544889
0.000702976810222
0.00132580184375
0.0
0.0
0.0
0.0
0.0
0.0
0.0
0.0
0.0
0.0
0.0
0.0
0.0
0.0
0.0
0.0
0.0
0.0
0.256061175486
0.284916499017
0.214453677539
0.349145863626
0.398769203527
0.170592498951
0.0988109764381
0.0465699125924
0.0207343021477
0.0245252947977
0.00906853534782
0.00893456577715
0.00771029549714
0.00241983055249
0.00696720451051
0.000763047129832
0.000737320526977
0.0
0.0
0.00316203881426
4.1345534788e-05
0.0
0.0
0.346924183625
0.131289870209
0.0965869955524
0.0435149597531
0.0156324437828
0.0144599459048
0.005984118892
0.00331670015606
0.00178921612284
0.00430821103207
0.00253741506091
0.0
0.0
0.0
0.0
0.0
0.0
0.0
0.0
0.229140708712
0.322296997233
0.261248583237
0.162720128174
0.12486663966
0.0888108839391
0.0508258867925
0.0671115954239
0.0404113854813
0.0271744178197
0.0251223113991
0.0331842844623
0.00190445951697
0.00657518811171
0.00772492691631
0.0119883052185
0.0
0.0
0.00161434260503
0.00508380748739
0.0
0.000412720776648
0.118681300059
0.0994547847033
0.0778698690486
0.0271394994287
0.00335749222184
0.00835227807446
0.00106310439689
0.00371348740085
0.0
0.0
0.0
0.0
0.0
0.0
0.0
0.0
0.00506417150079
0.0
0.00124903050911
0.0
0.0
0.0
0.0
0.0
0.26730579613
0.113717200654
0.0634756164401
0.0239232090414
0.0225598250031
0.0296386851602
0.0112800005202
0.010059524209
0.00644721660806
0.00922161279398
0.00185840937421
0.00491085886551
0.0011282862322
0.000935090256026
0.00200128865449
0.0
0.00261163260844
0.00288612071576
0.00275533365459
0.0
0.0
0.000676479678359
0.00132959009784
0.0
0.262626653282
0.316925187116
0.0907240845106
0.0135837187857
0.00835128755643
0.0
0.0
0.0057652943209
0.0
0.0
0.0
0.0
0.0
0.0
0.0
0.0
0.00436221551874
0.0
0.0
0.0
0.0
0.0
0.0
0.0
0.158205940605
0.0961135966175
0.019610112147
0.0188067096629
0.00799074699047
0.00513285326401
0.0
0.0
0.0100010637311
0.000719598423188
0.0
0.0
0.0
0.0
0.0
0.0
0.0
0.0
0.0
0.0
0.00016865528058
0.0
0.470752739134
0.0807994688647
0.0897990015852
0.00669883925861
0.0095705086908
0.0
0.0
0.0
0.0
0.0
0.0
0.0
0.0
0.0
0.0
0.0
0.0
0.0
0.0
0.0
0.0
0.0
0.0
0.141860255595
0.128209943678
0.123248703267
0.0437609794366
0.0453024757993
0.0525714983827
0.0154651657985
0.0156519848944
0.0123891646084
0.00511916735384
0.000217381176702
0.00380932999454
0.0
0.0736838441498
0.00316565271053
0.00286065923713
0.0
0.000716356494016
0.00153546224764
0.0
0.0
0.0
0.0
0.353280631961
0.15232951916
0.0910955178088
0.0670010876441
0.0740844446369
0.0618275055907
0.0685282352959
0.0530881650136
0.0659004397934
0.0676990632813
0.0563274827533
0.0741471626769
0.0794531074405
0.0693331546471
0.0906520905699
0.0679158358858
0.108273885137
0.0809643406965
0.0741924331806
0.119532135664
0.0555880407085
0.0642419481564
0.0460544784554
0.0751447297145
0.128224184444
0.120179521662
0.0924093622391
0.0826653769977
0.264312584275
0.0703835606284
0.0696606714492
0.048810337229
0.069087324849
0.0689588681289
0.0615113062027
0.0616178826586
0.058485482705
0.0425010183236
0.0654042857146
0.061595550823
0.0722154940746
0.0713259235619
0.00129518440247
0.0102062041689
0.00121093222616
0.0
0.0844441712778
0.0244298075606
0.0170298286327
0.0135562326721
0.0
0.0159350820011
0.0018105221474
0.0
0.0
0.0
0.0
0.0
0.00343488013663
0.0
0.0
0.0
0.0
0.0
0.0
0.0
0.0
0.353785223673
0.435945482509
0.153142477639
0.400030810218
0.0324938515757
0.206894743098
0.0705010288431
0.0871558475853
0.00727713772363
0.0
0.000151715812179
0.0
0.0
0.0
0.0
0.0
0.0
0.0048082512281
0.360822129293
0.0
0.0
0.0
0.0
0.0
0.0
0.126121019341
0.0510161469194
0.055226024443
0.0497644424113
0.0577068227271
0.0550691433975
0.0361030551737
0.0404974269725
0.0174586187083
0.019075494367
0.0380966387656
0.0107339737675
0.0135348230609
0.00669376344381
0.00633331276518
0.000910095170295
0.00215130650696
0.266708202527
0.236210279831
0.253663246305
0.221323159534
0.171175322311
0.137550343672
0.144633621655
0.139910664559
0.129800891857
0.116851618295
0.106035068664
0.11906382357
0.125757393975
0.111926092899
0.155135884902
0.131584825178
0.123475621459
0.0583667633725
0.0222593599024
0.0379741792289
0.127167201537
0.00941421293121
0.0428862562894
0.00656824812178
Num demos
5
6
7
8
9
10
11
12
13
14
15
16
17
18
19
20
21
22
23
24
25
2
3
4
5
6
7
8
9
10
11
12
13
14
15
16
17
18
19
20
21
22
23
24
25
6
7
8
9
10
11
12
13
14
15
16
17
18
19
20
21
22
23
24
25
3
4
5
6
7
8
9
10
11
12
13
14
15
16
17
18
19
20
21
22
23
24
25
2
3
4
5
6
7
8
9
10
11
12
13
14
15
16
17
18
19
20
21
22
23
24
25
3
4
5
6
7
8
9
10
11
12
13
14
15
16
17
18
19
20
21
22
23
24
25
7
8
9
10
11
12
13
14
15
16
17
18
19
20
21
22
23
24
25
2
3
4
6
8
9
10
11
12
13
14
15
16
17
18
19
20
21
22
23
24
25
2
3
4
5
6
7
8
9
10
11
12
13
14
15
16
17
18
19
20
21
22
23
24
25
2
3
4
5
6
7
8
9
10
11
12
13
14
15
16
17
18
19
20
21
22
23
24
25
2
3
4
5
6
7
8
9
10
11
12
13
14
15
16
17
18
19
20
21
22
23
24
25
4
5
6
7
8
9
10
11
12
13
14
15
16
17
18
19
20
21
22
23
24
25
3
4
5
6
7
8
9
10
11
12
13
14
15
16
17
18
19
20
21
22
23
24
25
3
4
5
6
7
8
9
10
11
12
13
14
15
16
17
18
19
20
21
22
23
24
25
2
3
4
5
6
7
8
9
10
11
12
13
14
15
16
17
18
19
20
21
22
23
24
25
4
5
6
7
8
9
10
11
12
13
14
15
16
17
18
19
20
21
22
23
24
25
3
4
5
6
7
8
10
11
12
13
14
15
16
17
18
19
20
21
22
23
24
25
2
3
4
5
6
7
8
9
10
11
12
13
14
15
16
17
18
19
20
21
22
23
24
25
5
6
7
8
9
10
13
14
15
16
18
19
20
22
23
24
25
2
3
4
5
6
7
8
9
10
11
12
13
14
15
16
17
18
19
20
21
22
23
24
25
Percent states
0.2
0.24
0.28
0.32
0.36
0.4
0.44
0.48
0.52
0.56
0.6
0.64
0.68
0.72
0.76
0.8
0.84
0.88
0.92
0.96
1.0
0.08
0.12
0.16
0.2
0.24
0.28
0.32
0.36
0.4
0.44
0.48
0.52
0.56
0.6
0.64
0.68
0.72
0.76
0.8
0.84
0.88
0.92
0.96
1.0
0.24
0.28
0.32
0.36
0.4
0.44
0.48
0.52
0.56
0.6
0.64
0.68
0.72
0.76
0.8
0.84
0.88
0.92
0.96
1.0
0.12
0.16
0.2
0.24
0.28
0.32
0.36
0.4
0.44
0.48
0.52
0.56
0.6
0.64
0.68
0.72
0.76
0.8
0.84
0.88
0.92
0.96
1.0
0.08
0.12
0.16
0.2
0.24
0.28
0.32
0.36
0.4
0.44
0.48
0.52
0.56
0.6
0.64
0.68
0.72
0.76
0.8
0.84
0.88
0.92
0.96
1.0
0.12
0.16
0.2
0.24
0.28
0.32
0.36
0.4
0.44
0.48
0.52
0.56
0.6
0.64
0.68
0.72
0.76
0.8
0.84
0.88
0.92
0.96
1.0
0.28
0.32
0.36
0.4
0.44
0.48
0.52
0.56
0.6
0.64
0.68
0.72
0.76
0.8
0.84
0.88
0.92
0.96
1.0
0.08
0.12
0.16
0.24
0.32
0.36
0.4
0.44
0.48
0.52
0.56
0.6
0.64
0.68
0.72
0.76
0.8
0.84
0.88
0.92
0.96
1.0
0.08
0.12
0.16
0.2
0.24
0.28
0.32
0.36
0.4
0.44
0.48
0.52
0.56
0.6
0.64
0.68
0.72
0.76
0.8
0.84
0.88
0.92
0.96
1.0
0.08
0.12
0.16
0.2
0.24
0.28
0.32
0.36
0.4
0.44
0.48
0.52
0.56
0.6
0.64
0.68
0.72
0.76
0.8
0.84
0.88
0.92
0.96
1.0
0.08
0.12
0.16
0.2
0.24
0.28
0.32
0.36
0.4
0.44
0.48
0.52
0.56
0.6
0.64
0.68
0.72
0.76
0.8
0.84
0.88
0.92
0.96
1.0
0.16
0.2
0.24
0.28
0.32
0.36
0.4
0.44
0.48
0.52
0.56
0.6
0.64
0.68
0.72
0.76
0.8
0.84
0.88
0.92
0.96
1.0
0.12
0.16
0.2
0.24
0.28
0.32
0.36
0.4
0.44
0.48
0.52
0.56
0.6
0.64
0.68
0.72
0.76
0.8
0.84
0.88
0.92
0.96
1.0
0.12
0.16
0.2
0.24
0.28
0.32
0.36
0.4
0.44
0.48
0.52
0.56
0.6
0.64
0.68
0.72
0.76
0.8
0.84
0.88
0.92
0.96
1.0
0.08
0.12
0.16
0.2
0.24
0.28
0.32
0.36
0.4
0.44
0.48
0.52
0.56
0.6
0.64
0.68
0.72
0.76
0.8
0.84
0.88
0.92
0.96
1.0
0.16
0.2
0.24
0.28
0.32
0.36
0.4
0.44
0.48
0.52
0.56
0.6
0.64
0.68
0.72
0.76
0.8
0.84
0.88
0.92
0.96
1.0
0.12
0.16
0.2
0.24
0.28
0.32
0.4
0.44
0.48
0.52
0.56
0.6
0.64
0.68
0.72
0.76
0.8
0.84
0.88
0.92
0.96
1.0
0.08
0.12
0.16
0.2
0.24
0.28
0.32
0.36
0.4
0.44
0.48
0.52
0.56
0.6
0.64
0.68
0.72
0.76
0.8
0.84
0.88
0.92
0.96
1.0
0.2
0.24
0.28
0.32
0.36
0.4
0.52
0.56
0.6
0.64
0.72
0.76
0.8
0.88
0.92
0.96
1.0
0.08
0.12
0.16
0.2
0.24
0.28
0.32
0.36
0.4
0.44
0.48
0.52
0.56
0.6
0.64
0.68
0.72
0.76
0.8
0.84
0.88
0.92
0.96
1.0
Uncertain states
24
24
24
0
2
6
7
11
11
7
11
7
6
11
7
11
7
11
7
0
0
0
0
0
7
11
2
0
17
16
16
16
0
16
16
0
0
0
0
0
0
0
0
0
0
0
0
0
0
0
6
19
9
8
1
20
15
1
20
1
20
0
0
0
0
0
0
0
0
0
0
0
0
0
0
0
16
3
4
4
3
3
4
0
0
0
0
0
0
0
0
0
3
0
0
0
0
0
0
0
13
2
4
2
2
2
2
0
0
0
0
0
0
0
0
0
0
0
0
0
0
0
0
0
0
13
10
0
0
0
2
4
4
24
18
18
2
2
18
18
2
18
18
2
0
0
2
18
0
0
5
2
1
1
2
6
22
22
17
16
17
16
17
16
16
17
16
0
0
0
0
0
0
0
0
5
20
5
3
1
3
3
2
11
15
3
14
2
11
2
2
6
14
2
0
0
6
14
0
3
22
11
12
3
3
3
12
3
12
0
0
0
0
0
0
0
0
7
0
3
0
0
0
0
0
23
7
18
10
11
13
16
10
11
8
7
18
10
13
13
19
0
10
11
11
0
0
10
13
0
21
4
9
14
14
14
0
0
21
0
0
0
0
0
0
0
0
4
0
0
0
0
0
0
0
17
24
19
11
6
11
12
11
12
0
0
11
6
0
0
0
0
0
0
0
0
0
0
12
0
6
19
9
5
10
10
5
0
0
0
0
0
0
0
0
0
0
0
0
0
0
0
0
0
0
3
5
16
16
11
9
14
4
4
19
4
10
4
11
0
20
19
4
0
11
4
0
0
0
0
14
4
3
24
24
24
24
24
24
24
24
24
24
24
24
24
24
24
24
24
24
24
24
24
24
12
5
1
4
4
4
4
11
4
4
9
4
4
4
4
4
9
4
9
4
9
4
9
4
0
8
20
21
21
20
21
0
20
4
21
0
0
0
0
0
21
0
0
0
0
0
0
0
0
24
1
2
11
20
11
20
20
15
11
0
11
0
0
0
0
0
0
11
20
0
0
0
0
0
0
13
20
20
20
15
22
3
21
23
17
20
10
17
10
17
10
20
17
10
17
0
10
17
22
10
21
4
4
24
4
4
4
4
4
4
4
4
4
4
4
4
7
8
9
8
5
24
8
9
8
True EVDs
0.00596039144034
0.0068583776872
0.0
0.0
0.0
0.0
0.0
0.0
0.0
0.0
0.0
0.0
0.0
0.0
0.0
0.0
0.0
0.0
0.0
0.0
0.0
0.00694175244364
0.00694175244364
0.00430731038149
0.00610531828397
0.0
0.0
0.0
0.0
0.0
0.0
0.0
0.0
0.0
0.0
0.0
0.0
0.0
0.0
0.0
0.0
0.0
0.0
0.0
0.0
0.0
0.0
0.0
0.0
0.0
0.0
0.0
0.0
0.0
0.0
0.0
0.0
0.0
0.0
0.0
0.0
0.0
0.0
0.0
0.0
0.00134729556151
0.0
0.0
0.0
0.0
0.0
0.0
0.0
0.0
0.0
0.0
0.0
0.0
0.0
0.0
0.0
0.0
0.0
0.0
0.0
0.0
0.0
0.0
1.89986902552e-05
0.0
0.0
0.0
0.0
0.0
0.0
0.0
0.0
0.0
0.0
0.0
0.0
0.0
0.0
0.0
0.0
0.0
0.0
0.0
0.0
0.0
0.0
0.0
0.00358848055076
0.000746578673146
8.90554430362e-05
0.000746578673146
0.000225119305741
0.000225119305741
0.000225119305741
0.000225119305741
0.0
0.0
0.0
0.0
0.0
0.0
0.0
0.0
0.0
0.0
0.0
0.0
0.0
0.0
0.0
0.0
0.0
0.0
0.0
0.0
0.0
0.0
0.0
0.0
0.0
0.0
0.0
0.0
0.0
0.0
0.0
0.0
0.0
0.0
0.0117128951513
0.00249447325385
0.00249447325385
0.00249447325385
0.00249447325385
0.00249447325385
0.0
0.0
0.0
0.0
0.0
0.0
0.0
0.0
0.0
0.0
0.0
0.0
0.0
0.0
0.0
0.0
0.0234959504841
0.0288226959454
0.00145175125918
0.0
0.0
0.0
0.0
0.0
0.0
0.0
0.0
0.0
0.0
0.0
0.0
0.0
0.0
0.0
0.0
0.0
0.0
0.0
0.0
0.0
0.00579279853046
0.00465046573181
0.00041885121417
0.0
0.0
0.0
0.0
0.0
0.0
0.0
0.0
0.0
0.0
0.0
0.0
0.0
0.0
0.0
0.0
0.0
0.0
0.0
0.0
0.0
0.00671277349723
0.00671277349723
0.0
0.0
0.0
0.0
0.0
0.0
0.0
0.0
0.0
0.0
0.0
0.0
0.0
0.0
0.0
0.0
0.0
0.0
0.0
0.0
0.0
0.0
0.00423852452857
0.0
0.0
0.0
0.0
0.0
0.0
0.0
0.0
0.0
0.0
0.0
0.0
0.0
0.0
0.0
0.0
0.0
0.0
0.0
0.0
0.0
0.0
0.0
0.0
0.0
0.0
0.0
0.0
0.0
0.0
0.0
0.0
0.0
0.0
0.0
0.0
0.0
0.0
0.0
0.0
0.0
0.0
0.0
0.0
0.00483317558093
0.0056387279781
0.0056387279781
0.00483317558093
0.00483317558093
0.00192912329452
0.0
0.0
0.0
0.0
0.0
0.0
0.0
0.0
0.0
0.0
0.0
0.0
0.0
0.0
0.0
0.0
0.0
0.0
0.0133801614551
0.0
0.0
0.0
0.0
0.0
0.0
0.0
0.0
0.0
0.0
0.0
0.0
0.0
0.0
0.0
0.0
0.0
0.0
0.0
0.0
0.0
0.0
0.00224900920472
0.00362123928632
0.00362123928632
0.00362123928632
0.00362123928632
0.00362123928632
0.00362123928632
0.00362123928632
0.00362123928632
0.00362123928632
0.00362123928632
0.00362123928632
0.00362123928632
0.00362123928632
0.00362123928632
0.00362123928632
0.00362123928632
0.00362123928632
0.0
0.0
0.0
0.0
0.000733202141791
0.0
0.0
0.0
0.0
0.0
0.0
0.0
0.0
0.0
0.0
0.0
0.0
0.0
0.0
0.0
0.0
0.0
0.0
0.0
0.0
0.0
0.0
0.00328442610528
0.0
0.0
0.0
0.0
0.0
0.0
0.0
0.0
0.0
0.0
0.0
0.0
0.0
0.0
0.0
0.0
0.0
0.0
0.0
0.0
0.0
0.0
0.0194068199285
0.0194068199285
0.0194068199285
0.00772410741627
0.00772410741627
0.00510695929045
0.0
0.0
0.0
0.0
0.0
0.0
0.0
0.0
0.0
0.0
0.0
0.00157325901951
0.00157325901951
0.00571860878897
0.00571860878897
0.00571860878897
0.00157325901951
0.00571860878897
0.00571860878897
0.00157325901951
0.00571860878897
0.00571860878897
0.00571860878897
0.00157325901951
0.00571860878897
0.00157325901951
0.00571860878897
0.00157325901951
0.0
0.0
0.0
0.0
0.0
0.0
0.0
Bound errors
0.421906241309
0.148208597614
0.118280295962
0.111817469434
0.0318355480221
0.0342381477436
0.0140087381394
0.011068314673
0.0108738733636
0.00721519308285
0.00896101535957
0.00482202016266
0.00332877284623
0.000909316263204
0.000250982069589
0.0
0.0
0.0
0.0
0.0
0.00147753858174
0.20101758512
0.407991087023
0.0966929254143
0.0959492322292
0.0119524297474
0.00236501142245
0.0
0.000665561316406
8.78637997359e-06
0.0
0.0
0.0
0.0
0.0
0.0
0.0
0.0
0.0
0.0
0.0
0.0
0.0
0.0
0.0
0.0896266164907
0.245295952075
0.0115477762508
0.00724337711297
0.00358003854407
7.33742009568e-05
0.0
0.0
0.0
0.0
0.0
0.0
0.0
0.0
0.0
0.0
0.0
0.0
0.0
0.0
0.145678124531
0.0628964271744
0.00919420234848
0.0146144402991
0.00258730095839
0.00256168471975
0.0
0.0
0.0
0.0
0.0
0.0
0.0
0.0
0.0
0.0023213133501
0.0
0.0
0.0
0.0
0.0
0.0
0.0
0.133527712718
0.268926681416
0.0226858542959
0.00354847544889
0.000702976810222
0.00132580184375
0.0
0.0
0.0
0.0
0.0
0.0
0.0
0.0
0.0
0.0
0.0
0.0
0.0
0.0
0.0
0.0
0.0
0.0
0.252472694936
0.284169920344
0.214364622096
0.348399284953
0.398544084221
0.170367379645
0.0985858571324
0.0463447932867
0.0207343021477
0.0245252947977
0.00906853534782
0.00893456577715
0.00771029549714
0.00241983055249
0.00696720451051
0.000763047129832
0.000737320526977
0.0
0.0
0.00316203881426
4.1345534788e-05
0.0
0.0
0.346924183625
0.131289870209
0.0965869955524
0.0435149597531
0.0156324437828
0.0144599459048
0.005984118892
0.00331670015606
0.00178921612284
0.00430821103207
0.00253741506091
0.0
0.0
0.0
0.0
0.0
0.0
0.0
0.0
0.217427813561
0.319802523979
0.258754109983
0.16022565492
0.122372166406
0.0863164106853
0.0508258867925
0.0671115954239
0.0404113854813
0.0271744178197
0.0251223113991
0.0331842844623
0.00190445951697
0.00657518811171
0.00772492691631
0.0119883052185
0.0
0.0
0.00161434260503
0.00508380748739
0.0
0.000412720776648
0.0951853495745
0.0706320887579
0.0764181177894
0.0271394994287
0.00335749222184
0.00835227807446
0.00106310439689
0.00371348740085
0.0
0.0
0.0
0.0
0.0
0.0
0.0
0.0
0.00506417150079
0.0
0.00124903050911
0.0
0.0
0.0
0.0
0.0
0.261512997599
0.109066734922
0.0630567652259
0.0239232090414
0.0225598250031
0.0296386851602
0.0112800005202
0.010059524209
0.00644721660806
0.00922161279398
0.00185840937421
0.00491085886551
0.0011282862322
0.000935090256026
0.00200128865449
0.0
0.00261163260844
0.00288612071576
0.00275533365459
0.0
0.0
0.000676479678359
0.00132959009784
0.0
0.255913879785
0.310212413619
0.0907240845106
0.0135837187857
0.00835128755643
0.0
0.0
0.0057652943209
0.0
0.0
0.0
0.0
0.0
0.0
0.0
0.0
0.00436221551874
0.0
0.0
0.0
0.0
0.0
0.0
0.0
0.153967416077
0.0961135966175
0.019610112147
0.0188067096629
0.00799074699047
0.00513285326401
0.0
0.0
0.0100010637311
0.000719598423188
0.0
0.0
0.0
0.0
0.0
0.0
0.0
0.0
0.0
0.0
0.00016865528058
0.0
0.470752739134
0.0807994688647
0.0897990015852
0.00669883925861
0.0095705086908
0.0
0.0
0.0
0.0
0.0
0.0
0.0
0.0
0.0
0.0
0.0
0.0
0.0
0.0
0.0
0.0
0.0
0.0
0.137027080014
0.1225712157
0.117609975289
0.0389278038556
0.0404693002184
0.0506423750881
0.0154651657985
0.0156519848944
0.0123891646084
0.00511916735384
0.000217381176702
0.00380932999454
0.0
0.0736838441498
0.00316565271053
0.00286065923713
0.0
0.000716356494016
0.00153546224764
0.0
0.0
0.0
0.0
0.353280631961
0.138949357704
0.0910955178088
0.0670010876441
0.0740844446369
0.0618275055907
0.0685282352959
0.0530881650136
0.0659004397934
0.0676990632813
0.0563274827533
0.0741471626769
0.0794531074405
0.0693331546471
0.0906520905699
0.0679158358858
0.108273885137
0.0809643406965
0.0741924331806
0.119532135664
0.0555880407085
0.0642419481564
0.0460544784554
0.0751447297145
0.12597517524
0.116558282375
0.0887881229528
0.0790441377114
0.260691344989
0.0667623213421
0.0660394321629
0.0451890979426
0.0654660855626
0.0653376288425
0.0578900669164
0.0579966433723
0.0548642434187
0.0388797790373
0.0617830464283
0.0579743115367
0.0685942547882
0.0677046842756
0.00129518440247
0.0102062041689
0.00121093222616
0.0
0.083710969136
0.0244298075606
0.0170298286327
0.0135562326721
0.0
0.0159350820011
0.0018105221474
0.0
0.0
0.0
0.0
0.0
0.00343488013663
0.0
0.0
0.0
0.0
0.0
0.0
0.0
0.0
0.353785223673
0.435945482509
0.149858051534
0.400030810218
0.0324938515757
0.206894743098
0.0705010288431
0.0871558475853
0.00727713772363
0.0
0.000151715812179
0.0
0.0
0.0
0.0
0.0
0.0
0.0048082512281
0.360822129293
0.0
0.0
0.0
0.0
0.0
0.0
0.106714199412
0.0316093269909
0.0358192045145
0.042040334995
0.0499827153108
0.0499621841071
0.0361030551737
0.0404974269725
0.0174586187083
0.019075494367
0.0380966387656
0.0107339737675
0.0135348230609
0.00669376344381
0.00633331276518
0.000910095170295
0.00215130650696
0.265134943508
0.234637020812
0.247944637516
0.215604550745
0.165456713522
0.135977084652
0.138915012866
0.13419205577
0.128227632837
0.111133009506
0.100316459875
0.113345214781
0.124184134955
0.10620748411
0.153562625882
0.125866216389
0.12190236244
0.0583667633725
0.0222593599024
0.0379741792289
0.127167201537
0.00941421293121
0.0428862562894
0.00656824812178
Policy optimalities
0.88
0.8
1.0
1.0
1.0
1.0
1.0
1.0
1.0
1.0
1.0
1.0
1.0
1.0
1.0
1.0
1.0
1.0
1.0
1.0
1.0
0.84
0.84
0.84
0.92
1.0
1.0
1.0
1.0
1.0
1.0
1.0
1.0
1.0
1.0
1.0
1.0
1.0
1.0
1.0
1.0
1.0
1.0
1.0
1.0
1.0
1.0
1.0
1.0
1.0
1.0
1.0
1.0
1.0
1.0
1.0
1.0
1.0
1.0
1.0
1.0
1.0
1.0
1.0
1.0
0.96
1.0
1.0
1.0
1.0
1.0
1.0
1.0
1.0
1.0
1.0
1.0
1.0
1.0
1.0
1.0
1.0
1.0
1.0
1.0
1.0
1.0
1.0
0.96
1.0
1.0
1.0
1.0
1.0
1.0
1.0
1.0
1.0
1.0
1.0
1.0
1.0
1.0
1.0
1.0
1.0
1.0
1.0
1.0
1.0
1.0
1.0
0.88
0.84
0.92
0.84
0.96
0.96
0.96
0.96
1.0
1.0
1.0
1.0
1.0
1.0
1.0
1.0
1.0
1.0
1.0
1.0
1.0
1.0
1.0
1.0
1.0
1.0
1.0
1.0
1.0
1.0
1.0
1.0
1.0
1.0
1.0
1.0
1.0
1.0
1.0
1.0
1.0
1.0
0.92
0.88
0.88
0.88
0.88
0.88
1.0
1.0
1.0
1.0
1.0
1.0
1.0
1.0
1.0
1.0
1.0
1.0
1.0
1.0
1.0
1.0
0.88
0.8
0.96
1.0
1.0
1.0
1.0
1.0
1.0
1.0
1.0
1.0
1.0
1.0
1.0
1.0
1.0
1.0
1.0
1.0
1.0
1.0
1.0
1.0
0.88
0.84
0.96
1.0
1.0
1.0
1.0
1.0
1.0
1.0
1.0
1.0
1.0
1.0
1.0
1.0
1.0
1.0
1.0
1.0
1.0
1.0
1.0
1.0
0.92
0.92
1.0
1.0
1.0
1.0
1.0
1.0
1.0
1.0
1.0
1.0
1.0
1.0
1.0
1.0
1.0
1.0
1.0
1.0
1.0
1.0
1.0
1.0
0.96
1.0
1.0
1.0
1.0
1.0
1.0
1.0
1.0
1.0
1.0
1.0
1.0
1.0
1.0
1.0
1.0
1.0
1.0
1.0
1.0
1.0
1.0
1.0
1.0
1.0
1.0
1.0
1.0
1.0
1.0
1.0
1.0
1.0
1.0
1.0
1.0
1.0
1.0
1.0
1.0
1.0
1.0
1.0
1.0
0.92
0.84
0.84
0.92
0.92
0.96
1.0
1.0
1.0
1.0
1.0
1.0
1.0
1.0
1.0
1.0
1.0
1.0
1.0
1.0
1.0
1.0
1.0
1.0
0.88
1.0
1.0
1.0
1.0
1.0
1.0
1.0
1.0
1.0
1.0
1.0
1.0
1.0
1.0
1.0
1.0
1.0
1.0
1.0
1.0
1.0
1.0
0.92
0.96
0.96
0.96
0.96
0.96
0.96
0.96
0.96
0.96
0.96
0.96
0.96
0.96
0.96
0.96
0.96
0.96
1.0
1.0
1.0
1.0
0.96
1.0
1.0
1.0
1.0
1.0
1.0
1.0
1.0
1.0
1.0
1.0
1.0
1.0
1.0
1.0
1.0
1.0
1.0
1.0
1.0
1.0
1.0
0.96
1.0
1.0
1.0
1.0
1.0
1.0
1.0
1.0
1.0
1.0
1.0
1.0
1.0
1.0
1.0
1.0
1.0
1.0
1.0
1.0
1.0
1.0
0.8
0.8
0.8
0.88
0.88
0.92
1.0
1.0
1.0
1.0
1.0
1.0
1.0
1.0
1.0
1.0
1.0
0.96
0.96
0.88
0.88
0.88
0.96
0.88
0.88
0.96
0.88
0.88
0.88
0.96
0.88
0.96
0.88
0.96
1.0
1.0
1.0
1.0
1.0
1.0
1.0
Policy accuracies
0.88
0.8
1.0
1.0
1.0
1.0
1.0
1.0
1.0
1.0
1.0
1.0
1.0
1.0
1.0
1.0
1.0
1.0
1.0
1.0
1.0
0.84
0.84
0.84
0.92
1.0
1.0
1.0
1.0
1.0
1.0
1.0
1.0
1.0
1.0
1.0
1.0
1.0
1.0
1.0
1.0
1.0
1.0
1.0
1.0
1.0
1.0
1.0
1.0
1.0
1.0
1.0
1.0
1.0
1.0
1.0
1.0
1.0
1.0
1.0
1.0
1.0
1.0
1.0
1.0
0.96
1.0
1.0
1.0
1.0
1.0
1.0
1.0
1.0
1.0
1.0
1.0
1.0
1.0
1.0
1.0
1.0
1.0
1.0
1.0
1.0
1.0
1.0
0.96
1.0
1.0
1.0
1.0
1.0
1.0
1.0
1.0
1.0
1.0
1.0
1.0
1.0
1.0
1.0
1.0
1.0
1.0
1.0
1.0
1.0
1.0
1.0
0.88
0.84
0.92
0.84
0.96
0.96
0.96
0.96
1.0
1.0
1.0
1.0
1.0
1.0
1.0
1.0
1.0
1.0
1.0
1.0
1.0
1.0
1.0
1.0
1.0
1.0
1.0
1.0
1.0
1.0
1.0
1.0
1.0
1.0
1.0
1.0
1.0
1.0
1.0
1.0
1.0
1.0
0.92
0.88
0.88
0.88
0.88
0.88
1.0
1.0
1.0
1.0
1.0
1.0
1.0
1.0
1.0
1.0
1.0
1.0
1.0
1.0
1.0
1.0
0.88
0.8
0.96
1.0
1.0
1.0
1.0
1.0
1.0
1.0
1.0
1.0
1.0
1.0
1.0
1.0
1.0
1.0
1.0
1.0
1.0
1.0
1.0
1.0
0.88
0.84
0.96
1.0
1.0
1.0
1.0
1.0
1.0
1.0
1.0
1.0
1.0
1.0
1.0
1.0
1.0
1.0
1.0
1.0
1.0
1.0
1.0
1.0
0.92
0.92
1.0
1.0
1.0
1.0
1.0
1.0
1.0
1.0
1.0
1.0
1.0
1.0
1.0
1.0
1.0
1.0
1.0
1.0
1.0
1.0
1.0
1.0
0.96
1.0
1.0
1.0
1.0
1.0
1.0
1.0
1.0
1.0
1.0
1.0
1.0
1.0
1.0
1.0
1.0
1.0
1.0
1.0
1.0
1.0
1.0
1.0
1.0
1.0
1.0
1.0
1.0
1.0
1.0
1.0
1.0
1.0
1.0
1.0
1.0
1.0
1.0
1.0
1.0
1.0
1.0
1.0
1.0
0.92
0.84
0.84
0.92
0.92
0.96
1.0
1.0
1.0
1.0
1.0
1.0
1.0
1.0
1.0
1.0
1.0
1.0
1.0
1.0
1.0
1.0
1.0
1.0
0.88
1.0
1.0
1.0
1.0
1.0
1.0
1.0
1.0
1.0
1.0
1.0
1.0
1.0
1.0
1.0
1.0
1.0
1.0
1.0
1.0
1.0
1.0
0.92
0.96
0.96
0.96
0.96
0.96
0.96
0.96
0.96
0.96
0.96
0.96
0.96
0.96
0.96
0.96
0.96
0.96
1.0
1.0
1.0
1.0
0.96
1.0
1.0
1.0
1.0
1.0
1.0
1.0
1.0
1.0
1.0
1.0
1.0
1.0
1.0
1.0
1.0
1.0
1.0
1.0
1.0
1.0
1.0
0.96
1.0
1.0
1.0
1.0
1.0
1.0
1.0
1.0
1.0
1.0
1.0
1.0
1.0
1.0
1.0
1.0
1.0
1.0
1.0
1.0
1.0
1.0
0.76
0.76
0.76
0.88
0.88
0.92
1.0
1.0
1.0
1.0
1.0
1.0
1.0
1.0
1.0
1.0
1.0
0.96
0.96
0.88
0.88
0.88
0.96
0.88
0.88
0.96
0.88
0.88
0.88
0.96
0.88
0.96
0.88
0.96
1.0
1.0
1.0
1.0
1.0
1.0
1.0
Confidence
1.0
Accuracy
1.0
Confusion matrices
[[449, 0], [36, 15]]
**************************************************
Total running minutes: 455.8189399758975