NEW THRESHOLD 0.1
Policy loss bounds
0.00696833314534
0.00739480179353
0.00497201818677
0.00129730861513
0.00125584836529
0.000341060874221
0.000284714320724
0.000353111157769
0.000106999055563
0.000399548509319
0.000140971044486
0.0
0.0
0.000275045501252
0.0
0.0
8.04482096867e-06
0.00038917144751
0.0
0.0
0.0
0.0
Num demos
3
5
6
7
8
9
10
11
12
13
14
15
16
17
18
19
20
21
22
23
24
25
Percent states
0.12
0.2
0.24
0.28
0.32
0.36
0.4
0.44
0.48
0.52
0.56
0.6
0.64
0.68
0.72
0.76
0.8
0.84
0.88
0.92
0.96
1.0
Uncertain states
[24, 0, 11]
[24, 0, 11, 7]
[24, 0, 11, 6, 7]
[0, 6, 7, 24, 11, 14]
[0, 6, 7, 24, 11, 14]
[0, 6, 7, 24, 11, 14]
[0, 6, 7, 24, 11, 14]
[0, 6, 7, 24, 11, 14]
[0, 6, 7, 24, 11, 14]
[0, 6, 7, 24, 11, 14]
[0, 6, 7, 24, 11, 14]
[0, 6, 7, 24, 11, 14]
[0, 6, 7, 24, 11, 14]
[0, 6, 7, 24, 11, 14]
[0, 6, 7, 24, 11, 14]
[0, 6, 7, 24, 11, 14]
[0, 6, 7, 24, 11, 14]
[0, 6, 7, 24, 11, 14]
[0, 6, 7, 24, 11, 14]
[0, 6, 7, 24, 11, 14]
[0, 6, 7, 24, 11, 14]
[0, 6, 7, 24, 11, 14]
True EVDs
0.000460505767617
0.0
0.0
0.0
0.0
0.0
0.0
0.0
0.0
0.0
0.0
0.0
0.0
0.0
0.0
0.0
0.0
0.0
0.0
0.0
0.0
0.0
Bound errors
0.00650782737772
0.00739480179353
0.00497201818677
0.00129730861513
0.00125584836529
0.000341060874221
0.000284714320724
0.000353111157769
0.000106999055563
0.000399548509319
0.000140971044486
0.0
0.0
0.000275045501252
0.0
0.0
8.04482096867e-06
0.00038917144751
0.0
0.0
0.0
0.0
Policy optimalities
0.96
1.0
1.0
1.0
1.0
1.0
1.0
1.0
1.0
1.0
1.0
1.0
1.0
1.0
1.0
1.0
1.0
1.0
1.0
1.0
1.0
1.0
Policy accuracies
0.96
1.0
1.0
1.0
1.0
1.0
1.0
1.0
1.0
1.0
1.0
1.0
1.0
1.0
1.0
1.0
1.0
1.0
1.0
1.0
1.0
1.0
Confidence
0.05
Accuracy
1.0
Confusion matrices
[[22, 0], [3, 0]]
NEW THRESHOLD 0.2
Policy loss bounds
0.00696833314534
0.00739480179353
0.00497201818677
0.00129730861513
0.00125584836529
0.000341060874221
0.000284714320724
0.000353111157769
0.000106999055563
0.000399548509319
0.000140971044486
0.0
0.0
0.000275045501252
0.0
0.0
8.04482096867e-06
0.00038917144751
0.0
0.0
0.0
0.0
Num demos
3
5
6
7
8
9
10
11
12
13
14
15
16
17
18
19
20
21
22
23
24
25
Percent states
0.12
0.2
0.24
0.28
0.32
0.36
0.4
0.44
0.48
0.52
0.56
0.6
0.64
0.68
0.72
0.76
0.8
0.84
0.88
0.92
0.96
1.0
Uncertain states
[24, 0, 11]
[24, 0, 11, 7]
[24, 0, 11, 6, 7]
[0, 6, 7, 24, 11, 14]
[0, 6, 7, 24, 11, 14]
[0, 6, 7, 24, 11, 14]
[0, 6, 7, 24, 11, 14]
[0, 6, 7, 24, 11, 14]
[0, 6, 7, 24, 11, 14]
[0, 6, 7, 24, 11, 14]
[0, 6, 7, 24, 11, 14]
[0, 6, 7, 24, 11, 14]
[0, 6, 7, 24, 11, 14]
[0, 6, 7, 24, 11, 14]
[0, 6, 7, 24, 11, 14]
[0, 6, 7, 24, 11, 14]
[0, 6, 7, 24, 11, 14]
[0, 6, 7, 24, 11, 14]
[0, 6, 7, 24, 11, 14]
[0, 6, 7, 24, 11, 14]
[0, 6, 7, 24, 11, 14]
[0, 6, 7, 24, 11, 14]
True EVDs
0.000460505767617
0.0
0.0
0.0
0.0
0.0
0.0
0.0
0.0
0.0
0.0
0.0
0.0
0.0
0.0
0.0
0.0
0.0
0.0
0.0
0.0
0.0
Bound errors
0.00650782737772
0.00739480179353
0.00497201818677
0.00129730861513
0.00125584836529
0.000341060874221
0.000284714320724
0.000353111157769
0.000106999055563
0.000399548509319
0.000140971044486
0.0
0.0
0.000275045501252
0.0
0.0
8.04482096867e-06
0.00038917144751
0.0
0.0
0.0
0.0
Policy optimalities
0.96
1.0
1.0
1.0
1.0
1.0
1.0
1.0
1.0
1.0
1.0
1.0
1.0
1.0
1.0
1.0
1.0
1.0
1.0
1.0
1.0
1.0
Policy accuracies
0.96
1.0
1.0
1.0
1.0
1.0
1.0
1.0
1.0
1.0
1.0
1.0
1.0
1.0
1.0
1.0
1.0
1.0
1.0
1.0
1.0
1.0
Confidence
0.05
Accuracy
1.0
Confusion matrices
[[22, 0], [3, 0]]
NEW THRESHOLD 0.3
Policy loss bounds
0.00696833314534
0.00739480179353
0.00497201818677
0.00129730861513
0.00125584836529
0.000341060874221
0.000284714320724
0.000353111157769
0.000106999055563
0.000399548509319
0.000140971044486
0.0
0.0
0.000275045501252
0.0
0.0
8.04482096867e-06
0.00038917144751
0.0
0.0
0.0
0.0
Num demos
3
5
6
7
8
9
10
11
12
13
14
15
16
17
18
19
20
21
22
23
24
25
Percent states
0.12
0.2
0.24
0.28
0.32
0.36
0.4
0.44
0.48
0.52
0.56
0.6
0.64
0.68
0.72
0.76
0.8
0.84
0.88
0.92
0.96
1.0
Uncertain states
[24, 0, 11]
[24, 0, 11, 7]
[24, 0, 11, 6, 7]
[0, 6, 7, 24, 11, 14]
[0, 6, 7, 24, 11, 14]
[0, 6, 7, 24, 11, 14]
[0, 6, 7, 24, 11, 14]
[0, 6, 7, 24, 11, 14]
[0, 6, 7, 24, 11, 14]
[0, 6, 7, 24, 11, 14]
[0, 6, 7, 24, 11, 14]
[0, 6, 7, 24, 11, 14]
[0, 6, 7, 24, 11, 14]
[0, 6, 7, 24, 11, 14]
[0, 6, 7, 24, 11, 14]
[0, 6, 7, 24, 11, 14]
[0, 6, 7, 24, 11, 14]
[0, 6, 7, 24, 11, 14]
[0, 6, 7, 24, 11, 14]
[0, 6, 7, 24, 11, 14]
[0, 6, 7, 24, 11, 14]
[0, 6, 7, 24, 11, 14]
True EVDs
0.000460505767617
0.0
0.0
0.0
0.0
0.0
0.0
0.0
0.0
0.0
0.0
0.0
0.0
0.0
0.0
0.0
0.0
0.0
0.0
0.0
0.0
0.0
Bound errors
0.00650782737772
0.00739480179353
0.00497201818677
0.00129730861513
0.00125584836529
0.000341060874221
0.000284714320724
0.000353111157769
0.000106999055563
0.000399548509319
0.000140971044486
0.0
0.0
0.000275045501252
0.0
0.0
8.04482096867e-06
0.00038917144751
0.0
0.0
0.0
0.0
Policy optimalities
0.96
1.0
1.0
1.0
1.0
1.0
1.0
1.0
1.0
1.0
1.0
1.0
1.0
1.0
1.0
1.0
1.0
1.0
1.0
1.0
1.0
1.0
Policy accuracies
0.96
1.0
1.0
1.0
1.0
1.0
1.0
1.0
1.0
1.0
1.0
1.0
1.0
1.0
1.0
1.0
1.0
1.0
1.0
1.0
1.0
1.0
Confidence
0.05
Accuracy
1.0
Confusion matrices
[[22, 0], [3, 0]]
NEW THRESHOLD 0.4
Policy loss bounds
0.00696833314534
0.358233261519
0.00739480179353
0.00497201818677
0.00129730861513
0.00125584836529
0.000341060874221
0.000284714320724
0.000353111157769
0.000106999055563
0.000399548509319
0.000140971044486
0.0
0.0
0.000275045501252
0.0
0.0
8.04482096867e-06
0.00038917144751
0.0
0.0
0.0
0.0
Num demos
3
4
5
6
7
8
9
10
11
12
13
14
15
16
17
18
19
20
21
22
23
24
25
Percent states
0.12
0.16
0.2
0.24
0.28
0.32
0.36
0.4
0.44
0.48
0.52
0.56
0.6
0.64
0.68
0.72
0.76
0.8
0.84
0.88
0.92
0.96
1.0
Uncertain states
[24, 0, 11]
[24, 0, 11, 7]
[24, 0, 11, 7]
[24, 0, 11, 6, 7]
[0, 6, 7, 24, 11, 14]
[0, 6, 7, 24, 11, 14]
[0, 6, 7, 24, 11, 14]
[0, 6, 7, 24, 11, 14]
[0, 6, 7, 24, 11, 14]
[0, 6, 7, 24, 11, 14]
[0, 6, 7, 24, 11, 14]
[0, 6, 7, 24, 11, 14]
[0, 6, 7, 24, 11, 14]
[0, 6, 7, 24, 11, 14]
[0, 6, 7, 24, 11, 14]
[0, 6, 7, 24, 11, 14]
[0, 6, 7, 24, 11, 14]
[0, 6, 7, 24, 11, 14]
[0, 6, 7, 24, 11, 14]
[0, 6, 7, 24, 11, 14]
[0, 6, 7, 24, 11, 14]
[0, 6, 7, 24, 11, 14]
[0, 6, 7, 24, 11, 14]
True EVDs
0.000460505767617
0.0
0.0
0.0
0.0
0.0
0.0
0.0
0.0
0.0
0.0
0.0
0.0
0.0
0.0
0.0
0.0
0.0
0.0
0.0
0.0
0.0
0.0
Bound errors
0.00650782737772
0.358233261519
0.00739480179353
0.00497201818677
0.00129730861513
0.00125584836529
0.000341060874221
0.000284714320724
0.000353111157769
0.000106999055563
0.000399548509319
0.000140971044486
0.0
0.0
0.000275045501252
0.0
0.0
8.04482096867e-06
0.00038917144751
0.0
0.0
0.0
0.0
Policy optimalities
0.96
1.0
1.0
1.0
1.0
1.0
1.0
1.0
1.0
1.0
1.0
1.0
1.0
1.0
1.0
1.0
1.0
1.0
1.0
1.0
1.0
1.0
1.0
Policy accuracies
0.96
1.0
1.0
1.0
1.0
1.0
1.0
1.0
1.0
1.0
1.0
1.0
1.0
1.0
1.0
1.0
1.0
1.0
1.0
1.0
1.0
1.0
1.0
Confidence
0.05
Accuracy
1.0
Confusion matrices
[[23, 0], [2, 0]]
NEW THRESHOLD 0.5
Policy loss bounds
0.421275247754
0.00696833314534
0.358233261519
0.00739480179353
0.00497201818677
0.00129730861513
0.00125584836529
0.000341060874221
0.000284714320724
0.000353111157769
0.000106999055563
0.000399548509319
0.000140971044486
0.0
0.0
0.000275045501252
0.0
0.0
8.04482096867e-06
0.00038917144751
0.0
0.0
0.0
0.0
Num demos
2
3
4
5
6
7
8
9
10
11
12
13
14
15
16
17
18
19
20
21
22
23
24
25
Percent states
0.08
0.12
0.16
0.2
0.24
0.28
0.32
0.36
0.4
0.44
0.48
0.52
0.56
0.6
0.64
0.68
0.72
0.76
0.8
0.84
0.88
0.92
0.96
1.0
Uncertain states
[24, 0]
[24, 0, 11]
[24, 0, 11, 7]
[24, 0, 11, 7]
[24, 0, 11, 6, 7]
[0, 6, 7, 24, 11, 14]
[0, 6, 7, 24, 11, 14]
[0, 6, 7, 24, 11, 14]
[0, 6, 7, 24, 11, 14]
[0, 6, 7, 24, 11, 14]
[0, 6, 7, 24, 11, 14]
[0, 6, 7, 24, 11, 14]
[0, 6, 7, 24, 11, 14]
[0, 6, 7, 24, 11, 14]
[0, 6, 7, 24, 11, 14]
[0, 6, 7, 24, 11, 14]
[0, 6, 7, 24, 11, 14]
[0, 6, 7, 24, 11, 14]
[0, 6, 7, 24, 11, 14]
[0, 6, 7, 24, 11, 14]
[0, 6, 7, 24, 11, 14]
[0, 6, 7, 24, 11, 14]
[0, 6, 7, 24, 11, 14]
[0, 6, 7, 24, 11, 14]
True EVDs
0.00596039144034
0.000460505767617
0.0
0.0
0.0
0.0
0.0
0.0
0.0
0.0
0.0
0.0
0.0
0.0
0.0
0.0
0.0
0.0
0.0
0.0
0.0
0.0
0.0
0.0
Bound errors
0.415314856314
0.00650782737772
0.358233261519
0.00739480179353
0.00497201818677
0.00129730861513
0.00125584836529
0.000341060874221
0.000284714320724
0.000353111157769
0.000106999055563
0.000399548509319
0.000140971044486
0.0
0.0
0.000275045501252
0.0
0.0
8.04482096867e-06
0.00038917144751
0.0
0.0
0.0
0.0
Policy optimalities
0.88
0.96
1.0
1.0
1.0
1.0
1.0
1.0
1.0
1.0
1.0
1.0
1.0
1.0
1.0
1.0
1.0
1.0
1.0
1.0
1.0
1.0
1.0
1.0
Policy accuracies
0.88
0.96
1.0
1.0
1.0
1.0
1.0
1.0
1.0
1.0
1.0
1.0
1.0
1.0
1.0
1.0
1.0
1.0
1.0
1.0
1.0
1.0
1.0
1.0
Confidence
0.05
Accuracy
1.0
Confusion matrices
[[24, 0], [1, 0]]
**************************************************
Total running minutes: 43.68149482806523
