NEW THRESHOLD 0.1
Policy loss bounds
0.0510247054057
0.0217870450277
0.0241184813469
0.0663873990682
0.0365396116046
0.0307506605145
0.0379118090218
0.00239279839401
0.0421741307329
0.00236918281881
0.0867024541324
0.00257742299907
0.00220896029933
0.00378475220053
0.0898733063874
0.00123602993829
0.00462915244391
0.00141427522325
Num demos
6
9
10
11
12
13
14
15
16
17
18
19
20
21
22
23
24
25
Percent states
0.24
0.36
0.4
0.44
0.48
0.52
0.56
0.6
0.64
0.68
0.72
0.76
0.8
0.84
0.88
0.92
0.96
1.0
Uncertain states
[0, 19, 22, 7, 12, 15]
[0, 4, 7, 10, 12, 15, 16, 19, 22]
[0, 4, 6, 7, 10, 12, 15, 16, 19, 22]
[0, 4, 6, 7, 10, 12, 15, 16, 19, 21, 22]
[0, 2, 4, 6, 7, 10, 12, 15, 16, 19, 21, 22]
[0, 2, 4, 6, 7, 10, 12, 15, 16, 19, 20, 21, 22]
[0, 1, 2, 4, 6, 7, 10, 12, 15, 16, 19, 20, 21, 22]
[0, 1, 2, 4, 6, 7, 10, 12, 15, 16, 19, 20, 21, 22, 23]
[0, 1, 2, 3, 4, 6, 7, 10, 12, 15, 16, 19, 20, 21, 22, 23]
[0, 1, 2, 3, 4, 6, 7, 10, 12, 13, 15, 16, 19, 20, 21, 22, 23]
[0, 1, 2, 3, 4, 6, 7, 10, 12, 13, 14, 15, 16, 19, 20, 21, 22, 23]
[0, 1, 2, 3, 4, 6, 7, 10, 12, 13, 14, 15, 16, 18, 19, 20, 21, 22, 23]
[0, 1, 2, 3, 4, 6, 7, 10, 12, 13, 14, 15, 16, 17, 18, 19, 20, 21, 22, 23]
[0, 1, 2, 3, 4, 6, 7, 10, 11, 12, 13, 14, 15, 16, 17, 18, 19, 20, 21, 22, 23]
[0, 1, 2, 3, 4, 6, 7, 10, 11, 12, 13, 14, 15, 16, 17, 18, 19, 20, 21, 22, 23, 24]
[0, 1, 2, 3, 4, 6, 7, 9, 10, 11, 12, 13, 14, 15, 16, 17, 18, 19, 20, 21, 22, 23, 24]
[0, 1, 2, 3, 4, 6, 7, 9, 10, 11, 12, 13, 14, 15, 16, 17, 18, 19, 20, 21, 22, 23, 24]
[0, 1, 2, 3, 4, 6, 7, 8, 9, 10, 11, 12, 13, 14, 15, 16, 17, 18, 19, 20, 21, 22, 23, 24]
True EVDs
0.0157539375381
0.0113571734898
0.000894426781617
5.97860220108e-08
5.97860220108e-08
5.97860220108e-08
5.97860220108e-08
5.97860220108e-08
5.97860220108e-08
5.97860220108e-08
5.97860220108e-08
5.97860220108e-08
5.97860220108e-08
5.97860220108e-08
5.97860220108e-08
5.97860220108e-08
5.97860220108e-08
5.97860220108e-08
Bound errors
0.0352707678676
0.0104298715379
0.0232240545653
0.0663873392822
0.0365395518186
0.0307506007285
0.0379117492358
0.00239273860798
0.0421740709469
0.00236912303279
0.0867023943464
0.00257736321305
0.0022089005133
0.00378469241451
0.0898732466013
0.00123597015227
0.00462909265789
0.00141421543723
Policy optimalities
0.8
0.84
0.96
1.0
1.0
1.0
1.0
1.0
1.0
1.0
1.0
1.0
1.0
1.0
1.0
1.0
1.0
1.0
Policy accuracies
0.8
0.84
0.96
1.0
1.0
1.0
1.0
1.0
1.0
1.0
1.0
1.0
1.0
1.0
1.0
1.0
1.0
1.0
Confidence
0.05
Accuracy
1.0
Confusion matrices
[[18, 0], [4, 3]]
NEW THRESHOLD 0.2
Policy loss bounds
0.0510247054057
0.103618752786
0.106363077487
0.0217870450277
0.0241184813469
0.0663873990682
0.0365396116046
0.0307506605145
0.0379118090218
0.00239279839401
0.0421741307329
0.00236918281881
0.0867024541324
0.00257742299907
0.00220896029933
0.00378475220053
0.0898733063874
0.00123602993829
0.00462915244391
0.00141427522325
Num demos
6
7
8
9
10
11
12
13
14
15
16
17
18
19
20
21
22
23
24
25
Percent states
0.24
0.28
0.32
0.36
0.4
0.44
0.48
0.52
0.56
0.6
0.64
0.68
0.72
0.76
0.8
0.84
0.88
0.92
0.96
1.0
Uncertain states
[0, 19, 22, 7, 12, 15]
[0, 19, 22, 7, 10, 12, 15]
[0, 7, 10, 12, 15, 16, 19, 22]
[0, 4, 7, 10, 12, 15, 16, 19, 22]
[0, 4, 6, 7, 10, 12, 15, 16, 19, 22]
[0, 4, 6, 7, 10, 12, 15, 16, 19, 21, 22]
[0, 2, 4, 6, 7, 10, 12, 15, 16, 19, 21, 22]
[0, 2, 4, 6, 7, 10, 12, 15, 16, 19, 20, 21, 22]
[0, 1, 2, 4, 6, 7, 10, 12, 15, 16, 19, 20, 21, 22]
[0, 1, 2, 4, 6, 7, 10, 12, 15, 16, 19, 20, 21, 22, 23]
[0, 1, 2, 3, 4, 6, 7, 10, 12, 15, 16, 19, 20, 21, 22, 23]
[0, 1, 2, 3, 4, 6, 7, 10, 12, 13, 15, 16, 19, 20, 21, 22, 23]
[0, 1, 2, 3, 4, 6, 7, 10, 12, 13, 14, 15, 16, 19, 20, 21, 22, 23]
[0, 1, 2, 3, 4, 6, 7, 10, 12, 13, 14, 15, 16, 18, 19, 20, 21, 22, 23]
[0, 1, 2, 3, 4, 6, 7, 10, 12, 13, 14, 15, 16, 17, 18, 19, 20, 21, 22, 23]
[0, 1, 2, 3, 4, 6, 7, 10, 11, 12, 13, 14, 15, 16, 17, 18, 19, 20, 21, 22, 23]
[0, 1, 2, 3, 4, 6, 7, 10, 11, 12, 13, 14, 15, 16, 17, 18, 19, 20, 21, 22, 23, 24]
[0, 1, 2, 3, 4, 6, 7, 9, 10, 11, 12, 13, 14, 15, 16, 17, 18, 19, 20, 21, 22, 23, 24]
[0, 1, 2, 3, 4, 6, 7, 9, 10, 11, 12, 13, 14, 15, 16, 17, 18, 19, 20, 21, 22, 23, 24]
[0, 1, 2, 3, 4, 6, 7, 8, 9, 10, 11, 12, 13, 14, 15, 16, 17, 18, 19, 20, 21, 22, 23, 24]
True EVDs
0.0157539375381
0.0113571734898
0.0113571734898
0.0113571734898
0.000894426781617
5.97860220108e-08
5.97860220108e-08
5.97860220108e-08
5.97860220108e-08
5.97860220108e-08
5.97860220108e-08
5.97860220108e-08
5.97860220108e-08
5.97860220108e-08
5.97860220108e-08
5.97860220108e-08
5.97860220108e-08
5.97860220108e-08
5.97860220108e-08
5.97860220108e-08
Bound errors
0.0352707678676
0.0922615792964
0.0950059039972
0.0104298715379
0.0232240545653
0.0663873392822
0.0365395518186
0.0307506007285
0.0379117492358
0.00239273860798
0.0421740709469
0.00236912303279
0.0867023943464
0.00257736321305
0.0022089005133
0.00378469241451
0.0898732466013
0.00123597015227
0.00462909265789
0.00141421543723
Policy optimalities
0.8
0.84
0.84
0.84
0.96
1.0
1.0
1.0
1.0
1.0
1.0
1.0
1.0
1.0
1.0
1.0
1.0
1.0
1.0
1.0
Policy accuracies
0.8
0.84
0.84
0.84
0.96
1.0
1.0
1.0
1.0
1.0
1.0
1.0
1.0
1.0
1.0
1.0
1.0
1.0
1.0
1.0
Confidence
0.05
Accuracy
1.0
Confusion matrices
[[20, 0], [4, 1]]
NEW THRESHOLD 0.3
Policy loss bounds
0.0510247054057
0.103618752786
0.106363077487
0.0217870450277
0.0241184813469
0.0663873990682
0.0365396116046
0.0307506605145
0.0379118090218
0.00239279839401
0.0421741307329
0.00236918281881
0.0867024541324
0.00257742299907
0.00220896029933
0.00378475220053
0.0898733063874
0.00123602993829
0.00462915244391
0.00141427522325
Num demos
6
7
8
9
10
11
12
13
14
15
16
17
18
19
20
21
22
23
24
25
Percent states
0.24
0.28
0.32
0.36
0.4
0.44
0.48
0.52
0.56
0.6
0.64
0.68
0.72
0.76
0.8
0.84
0.88
0.92
0.96
1.0
Uncertain states
[0, 19, 22, 7, 12, 15]
[0, 19, 22, 7, 10, 12, 15]
[0, 7, 10, 12, 15, 16, 19, 22]
[0, 4, 7, 10, 12, 15, 16, 19, 22]
[0, 4, 6, 7, 10, 12, 15, 16, 19, 22]
[0, 4, 6, 7, 10, 12, 15, 16, 19, 21, 22]
[0, 2, 4, 6, 7, 10, 12, 15, 16, 19, 21, 22]
[0, 2, 4, 6, 7, 10, 12, 15, 16, 19, 20, 21, 22]
[0, 1, 2, 4, 6, 7, 10, 12, 15, 16, 19, 20, 21, 22]
[0, 1, 2, 4, 6, 7, 10, 12, 15, 16, 19, 20, 21, 22, 23]
[0, 1, 2, 3, 4, 6, 7, 10, 12, 15, 16, 19, 20, 21, 22, 23]
[0, 1, 2, 3, 4, 6, 7, 10, 12, 13, 15, 16, 19, 20, 21, 22, 23]
[0, 1, 2, 3, 4, 6, 7, 10, 12, 13, 14, 15, 16, 19, 20, 21, 22, 23]
[0, 1, 2, 3, 4, 6, 7, 10, 12, 13, 14, 15, 16, 18, 19, 20, 21, 22, 23]
[0, 1, 2, 3, 4, 6, 7, 10, 12, 13, 14, 15, 16, 17, 18, 19, 20, 21, 22, 23]
[0, 1, 2, 3, 4, 6, 7, 10, 11, 12, 13, 14, 15, 16, 17, 18, 19, 20, 21, 22, 23]
[0, 1, 2, 3, 4, 6, 7, 10, 11, 12, 13, 14, 15, 16, 17, 18, 19, 20, 21, 22, 23, 24]
[0, 1, 2, 3, 4, 6, 7, 9, 10, 11, 12, 13, 14, 15, 16, 17, 18, 19, 20, 21, 22, 23, 24]
[0, 1, 2, 3, 4, 6, 7, 9, 10, 11, 12, 13, 14, 15, 16, 17, 18, 19, 20, 21, 22, 23, 24]
[0, 1, 2, 3, 4, 6, 7, 8, 9, 10, 11, 12, 13, 14, 15, 16, 17, 18, 19, 20, 21, 22, 23, 24]
True EVDs
0.0157539375381
0.0113571734898
0.0113571734898
0.0113571734898
0.000894426781617
5.97860220108e-08
5.97860220108e-08
5.97860220108e-08
5.97860220108e-08
5.97860220108e-08
5.97860220108e-08
5.97860220108e-08
5.97860220108e-08
5.97860220108e-08
5.97860220108e-08
5.97860220108e-08
5.97860220108e-08
5.97860220108e-08
5.97860220108e-08
5.97860220108e-08
Bound errors
0.0352707678676
0.0922615792964
0.0950059039972
0.0104298715379
0.0232240545653
0.0663873392822
0.0365395518186
0.0307506007285
0.0379117492358
0.00239273860798
0.0421740709469
0.00236912303279
0.0867023943464
0.00257736321305
0.0022089005133
0.00378469241451
0.0898732466013
0.00123597015227
0.00462909265789
0.00141421543723
Policy optimalities
0.8
0.84
0.84
0.84
0.96
1.0
1.0
1.0
1.0
1.0
1.0
1.0
1.0
1.0
1.0
1.0
1.0
1.0
1.0
1.0
Policy accuracies
0.8
0.84
0.84
0.84
0.96
1.0
1.0
1.0
1.0
1.0
1.0
1.0
1.0
1.0
1.0
1.0
1.0
1.0
1.0
1.0
Confidence
0.05
Accuracy
1.0
Confusion matrices
[[20, 0], [5, 0]]
NEW THRESHOLD 0.4
Policy loss bounds
0.325466404733
0.0510247054057
0.103618752786
0.106363077487
0.0217870450277
0.0241184813469
0.0663873990682
0.0365396116046
0.0307506605145
0.0379118090218
0.00239279839401
0.0421741307329
0.00236918281881
0.0867024541324
0.00257742299907
0.00220896029933
0.00378475220053
0.0898733063874
0.00123602993829
0.00462915244391
0.00141427522325
Num demos
4
6
7
8
9
10
11
12
13
14
15
16
17
18
19
20
21
22
23
24
25
Percent states
0.16
0.24
0.28
0.32
0.36
0.4
0.44
0.48
0.52
0.56
0.6
0.64
0.68
0.72
0.76
0.8
0.84
0.88
0.92
0.96
1.0
Uncertain states
[19, 12, 15, 7]
[0, 19, 22, 7, 12, 15]
[0, 19, 22, 7, 10, 12, 15]
[0, 7, 10, 12, 15, 16, 19, 22]
[0, 4, 7, 10, 12, 15, 16, 19, 22]
[0, 4, 6, 7, 10, 12, 15, 16, 19, 22]
[0, 4, 6, 7, 10, 12, 15, 16, 19, 21, 22]
[0, 2, 4, 6, 7, 10, 12, 15, 16, 19, 21, 22]
[0, 2, 4, 6, 7, 10, 12, 15, 16, 19, 20, 21, 22]
[0, 1, 2, 4, 6, 7, 10, 12, 15, 16, 19, 20, 21, 22]
[0, 1, 2, 4, 6, 7, 10, 12, 15, 16, 19, 20, 21, 22, 23]
[0, 1, 2, 3, 4, 6, 7, 10, 12, 15, 16, 19, 20, 21, 22, 23]
[0, 1, 2, 3, 4, 6, 7, 10, 12, 13, 15, 16, 19, 20, 21, 22, 23]
[0, 1, 2, 3, 4, 6, 7, 10, 12, 13, 14, 15, 16, 19, 20, 21, 22, 23]
[0, 1, 2, 3, 4, 6, 7, 10, 12, 13, 14, 15, 16, 18, 19, 20, 21, 22, 23]
[0, 1, 2, 3, 4, 6, 7, 10, 12, 13, 14, 15, 16, 17, 18, 19, 20, 21, 22, 23]
[0, 1, 2, 3, 4, 6, 7, 10, 11, 12, 13, 14, 15, 16, 17, 18, 19, 20, 21, 22, 23]
[0, 1, 2, 3, 4, 6, 7, 10, 11, 12, 13, 14, 15, 16, 17, 18, 19, 20, 21, 22, 23, 24]
[0, 1, 2, 3, 4, 6, 7, 9, 10, 11, 12, 13, 14, 15, 16, 17, 18, 19, 20, 21, 22, 23, 24]
[0, 1, 2, 3, 4, 6, 7, 9, 10, 11, 12, 13, 14, 15, 16, 17, 18, 19, 20, 21, 22, 23, 24]
[0, 1, 2, 3, 4, 6, 7, 8, 9, 10, 11, 12, 13, 14, 15, 16, 17, 18, 19, 20, 21, 22, 23, 24]
True EVDs
0.00603792578349
0.0157539375381
0.0113571734898
0.0113571734898
0.0113571734898
0.000894426781617
5.97860220108e-08
5.97860220108e-08
5.97860220108e-08
5.97860220108e-08
5.97860220108e-08
5.97860220108e-08
5.97860220108e-08
5.97860220108e-08
5.97860220108e-08
5.97860220108e-08
5.97860220108e-08
5.97860220108e-08
5.97860220108e-08
5.97860220108e-08
5.97860220108e-08
Bound errors
0.31942847895
0.0352707678676
0.0922615792964
0.0950059039972
0.0104298715379
0.0232240545653
0.0663873392822
0.0365395518186
0.0307506007285
0.0379117492358
0.00239273860798
0.0421740709469
0.00236912303279
0.0867023943464
0.00257736321305
0.0022089005133
0.00378469241451
0.0898732466013
0.00123597015227
0.00462909265789
0.00141421543723
Policy optimalities
0.88
0.8
0.84
0.84
0.84
0.96
1.0
1.0
1.0
1.0
1.0
1.0
1.0
1.0
1.0
1.0
1.0
1.0
1.0
1.0
1.0
Policy accuracies
0.88
0.8
0.84
0.84
0.84
0.96
1.0
1.0
1.0
1.0
1.0
1.0
1.0
1.0
1.0
1.0
1.0
1.0
1.0
1.0
1.0
Confidence
0.05
Accuracy
1.0
Confusion matrices
[[21, 0], [4, 0]]
NEW THRESHOLD 0.5
Policy loss bounds
0.475020584126
0.325466404733
0.420052205183
0.0510247054057
0.103618752786
0.106363077487
0.0217870450277
0.0241184813469
0.0663873990682
0.0365396116046
0.0307506605145
0.0379118090218
0.00239279839401
0.0421741307329
0.00236918281881
0.0867024541324
0.00257742299907
0.00220896029933
0.00378475220053
0.0898733063874
0.00123602993829
0.00462915244391
0.00141427522325
Num demos
3
4
5
6
7
8
9
10
11
12
13
14
15
16
17
18
19
20
21
22
23
24
25
Percent states
0.12
0.16
0.2
0.24
0.28
0.32
0.36
0.4
0.44
0.48
0.52
0.56
0.6
0.64
0.68
0.72
0.76
0.8
0.84
0.88
0.92
0.96
1.0
Uncertain states
[19, 12, 7]
[19, 12, 15, 7]
[0, 19, 12, 15, 7]
[0, 19, 22, 7, 12, 15]
[0, 19, 22, 7, 10, 12, 15]
[0, 7, 10, 12, 15, 16, 19, 22]
[0, 4, 7, 10, 12, 15, 16, 19, 22]
[0, 4, 6, 7, 10, 12, 15, 16, 19, 22]
[0, 4, 6, 7, 10, 12, 15, 16, 19, 21, 22]
[0, 2, 4, 6, 7, 10, 12, 15, 16, 19, 21, 22]
[0, 2, 4, 6, 7, 10, 12, 15, 16, 19, 20, 21, 22]
[0, 1, 2, 4, 6, 7, 10, 12, 15, 16, 19, 20, 21, 22]
[0, 1, 2, 4, 6, 7, 10, 12, 15, 16, 19, 20, 21, 22, 23]
[0, 1, 2, 3, 4, 6, 7, 10, 12, 15, 16, 19, 20, 21, 22, 23]
[0, 1, 2, 3, 4, 6, 7, 10, 12, 13, 15, 16, 19, 20, 21, 22, 23]
[0, 1, 2, 3, 4, 6, 7, 10, 12, 13, 14, 15, 16, 19, 20, 21, 22, 23]
[0, 1, 2, 3, 4, 6, 7, 10, 12, 13, 14, 15, 16, 18, 19, 20, 21, 22, 23]
[0, 1, 2, 3, 4, 6, 7, 10, 12, 13, 14, 15, 16, 17, 18, 19, 20, 21, 22, 23]
[0, 1, 2, 3, 4, 6, 7, 10, 11, 12, 13, 14, 15, 16, 17, 18, 19, 20, 21, 22, 23]
[0, 1, 2, 3, 4, 6, 7, 10, 11, 12, 13, 14, 15, 16, 17, 18, 19, 20, 21, 22, 23, 24]
[0, 1, 2, 3, 4, 6, 7, 9, 10, 11, 12, 13, 14, 15, 16, 17, 18, 19, 20, 21, 22, 23, 24]
[0, 1, 2, 3, 4, 6, 7, 9, 10, 11, 12, 13, 14, 15, 16, 17, 18, 19, 20, 21, 22, 23, 24]
[0, 1, 2, 3, 4, 6, 7, 8, 9, 10, 11, 12, 13, 14, 15, 16, 17, 18, 19, 20, 21, 22, 23, 24]
True EVDs
0.139068249343
0.00603792578349
0.0113571734898
0.0157539375381
0.0113571734898
0.0113571734898
0.0113571734898
0.000894426781617
5.97860220108e-08
5.97860220108e-08
5.97860220108e-08
5.97860220108e-08
5.97860220108e-08
5.97860220108e-08
5.97860220108e-08
5.97860220108e-08
5.97860220108e-08
5.97860220108e-08
5.97860220108e-08
5.97860220108e-08
5.97860220108e-08
5.97860220108e-08
5.97860220108e-08
Bound errors
0.335952334783
0.31942847895
0.408695031693
0.0352707678676
0.0922615792964
0.0950059039972
0.0104298715379
0.0232240545653
0.0663873392822
0.0365395518186
0.0307506007285
0.0379117492358
0.00239273860798
0.0421740709469
0.00236912303279
0.0867023943464
0.00257736321305
0.0022089005133
0.00378469241451
0.0898732466013
0.00123597015227
0.00462909265789
0.00141421543723
Policy optimalities
0.72
0.88
0.84
0.8
0.84
0.84
0.84
0.96
1.0
1.0
1.0
1.0
1.0
1.0
1.0
1.0
1.0
1.0
1.0
1.0
1.0
1.0
1.0
Policy accuracies
0.72
0.88
0.84
0.8
0.84
0.84
0.84
0.96
1.0
1.0
1.0
1.0
1.0
1.0
1.0
1.0
1.0
1.0
1.0
1.0
1.0
1.0
1.0
Confidence
0.05
Accuracy
1.0
Confusion matrices
[[23, 0], [2, 0]]
**************************************************
Total running minutes: 39.10797417163849
