BASELINE POLICY: evd 0.581087269460138, policy optimality 0.64, and policy accuracy 0.56
NEW THRESHOLD 0.0
Percent Improvements
9.86156657641
37.9270134421
17.5166568272
9.15708514679
18.4722874302
18.2443200885
10.8374350557
9.45734251148
18.1043188231
9.02066019956
10.5830987011
7.47625596151
2.53007719489
31.403595217
20.6898299242
26.6453260189
24.4758246571
49.0386181106
4.99946244477
11.0039944088
12.4611100622
7.307318172
47.7461599277
17.9221157227
8.79247937946
Num demos
1
2
3
4
5
6
7
8
9
10
11
12
13
14
15
16
17
18
19
20
21
22
23
24
25
Percent states
0.04
0.08
0.12
0.16
0.2
0.24
0.28
0.32
0.36
0.4
0.44
0.48
0.52
0.56
0.6
0.64
0.68
0.72
0.76
0.8
0.84
0.88
0.92
0.96
1.0
Uncertain states
0.04
0.08
0.12
0.16
0.2
0.2
0.2
0.2
0.2
0.2
0.2
0.2
0.2
0.24
0.24
0.24
0.24
0.24
0.24
0.24
0.24
0.24
0.24
0.24
0.24
True EVDs
-69
-69
-69
-69
-69
-69
-69
-69
-69
-69
-69
-69
-69
-69
-69
-69
-69
-69
-69
-69
-69
-69
-69
-69
-69
Bound errors
-9.03111718077
-37.0965640465
-16.6920775977
-8.33250591731
-17.6418380346
-17.4138706929
-10.0069856601
-8.62689311583
-17.2738694274
-8.19021080391
-9.75264930542
-6.64580656586
-1.69962779924
-30.5731458214
-19.8593805286
-25.8148766233
-23.6453752614
-48.2081687149
-4.16901304913
-10.1735450131
-11.6306606665
-6.47686877635
-46.9157105321
-17.0916663271
-7.96202998381
Policy optimalities
1.0
1.0
0.92
0.92
1.0
1.0
1.0
1.0
1.0
1.0
1.0
1.0
1.0
1.0
1.0
1.0
1.0
1.0
1.0
1.0
1.0
1.0
1.0
1.0
1.0
Policy accuracies
Confidence
1.0
Accuracy
0.0
Confusion matrices
[[25, 0], [0, 0]]
NEW THRESHOLD 0.1
Percent Improvements
9.86156657641
37.9270134421
17.5166568272
9.15708514679
18.4722874302
18.2443200885
10.8374350557
9.45734251148
18.1043188231
9.02066019956
10.5830987011
7.47625596151
2.53007719489
31.403595217
20.6898299242
26.6453260189
24.4758246571
49.0386181106
4.99946244477
11.0039944088
12.4611100622
7.307318172
47.7461599277
17.9221157227
8.79247937946
Num demos
1
2
3
4
5
6
7
8
9
10
11
12
13
14
15
16
17
18
19
20
21
22
23
24
25
Percent states
0.04
0.08
0.12
0.16
0.2
0.24
0.28
0.32
0.36
0.4
0.44
0.48
0.52
0.56
0.6
0.64
0.68
0.72
0.76
0.8
0.84
0.88
0.92
0.96
1.0
Uncertain states
0.04
0.08
0.12
0.16
0.2
0.2
0.2
0.2
0.2
0.2
0.2
0.2
0.2
0.24
0.24
0.24
0.24
0.24
0.24
0.24
0.24
0.24
0.24
0.24
0.24
True EVDs
-69
-69
-69
-69
-69
-69
-69
-69
-69
-69
-69
-69
-69
-69
-69
-69
-69
-69
-69
-69
-69
-69
-69
-69
-69
Bound errors
-9.03111718077
-37.0965640465
-16.6920775977
-8.33250591731
-17.6418380346
-17.4138706929
-10.0069856601
-8.62689311583
-17.2738694274
-8.19021080391
-9.75264930542
-6.64580656586
-1.69962779924
-30.5731458214
-19.8593805286
-25.8148766233
-23.6453752614
-48.2081687149
-4.16901304913
-10.1735450131
-11.6306606665
-6.47686877635
-46.9157105321
-17.0916663271
-7.96202998381
Policy optimalities
1.0
1.0
0.92
0.92
1.0
1.0
1.0
1.0
1.0
1.0
1.0
1.0
1.0
1.0
1.0
1.0
1.0
1.0
1.0
1.0
1.0
1.0
1.0
1.0
1.0
Policy accuracies
Confidence
1.0
Accuracy
0.0
Confusion matrices
[[25, 0], [0, 0]]
NEW THRESHOLD 0.2
Percent Improvements
9.86156657641
37.9270134421
17.5166568272
9.15708514679
18.4722874302
18.2443200885
10.8374350557
9.45734251148
18.1043188231
9.02066019956
10.5830987011
7.47625596151
2.53007719489
31.403595217
20.6898299242
26.6453260189
24.4758246571
49.0386181106
4.99946244477
11.0039944088
12.4611100622
7.307318172
47.7461599277
17.9221157227
8.79247937946
Num demos
1
2
3
4
5
6
7
8
9
10
11
12
13
14
15
16
17
18
19
20
21
22
23
24
25
Percent states
0.04
0.08
0.12
0.16
0.2
0.24
0.28
0.32
0.36
0.4
0.44
0.48
0.52
0.56
0.6
0.64
0.68
0.72
0.76
0.8
0.84
0.88
0.92
0.96
1.0
Uncertain states
0.04
0.08
0.12
0.16
0.2
0.2
0.2
0.2
0.2
0.2
0.2
0.2
0.2
0.24
0.24
0.24
0.24
0.24
0.24
0.24
0.24
0.24
0.24
0.24
0.24
True EVDs
-69
-69
-69
-69
-69
-69
-69
-69
-69
-69
-69
-69
-69
-69
-69
-69
-69
-69
-69
-69
-69
-69
-69
-69
-69
Bound errors
-9.03111718077
-37.0965640465
-16.6920775977
-8.33250591731
-17.6418380346
-17.4138706929
-10.0069856601
-8.62689311583
-17.2738694274
-8.19021080391
-9.75264930542
-6.64580656586
-1.69962779924
-30.5731458214
-19.8593805286
-25.8148766233
-23.6453752614
-48.2081687149
-4.16901304913
-10.1735450131
-11.6306606665
-6.47686877635
-46.9157105321
-17.0916663271
-7.96202998381
Policy optimalities
1.0
1.0
0.92
0.92
1.0
1.0
1.0
1.0
1.0
1.0
1.0
1.0
1.0
1.0
1.0
1.0
1.0
1.0
1.0
1.0
1.0
1.0
1.0
1.0
1.0
Policy accuracies
Confidence
1.0
Accuracy
0.0
Confusion matrices
[[25, 0], [0, 0]]
NEW THRESHOLD 0.3
Percent Improvements
9.86156657641
37.9270134421
17.5166568272
9.15708514679
18.4722874302
18.2443200885
10.8374350557
9.45734251148
18.1043188231
9.02066019956
10.5830987011
7.47625596151
2.53007719489
31.403595217
20.6898299242
26.6453260189
24.4758246571
49.0386181106
4.99946244477
11.0039944088
12.4611100622
7.307318172
47.7461599277
17.9221157227
8.79247937946
Num demos
1
2
3
4
5
6
7
8
9
10
11
12
13
14
15
16
17
18
19
20
21
22
23
24
25
Percent states
0.04
0.08
0.12
0.16
0.2
0.24
0.28
0.32
0.36
0.4
0.44
0.48
0.52
0.56
0.6
0.64
0.68
0.72
0.76
0.8
0.84
0.88
0.92
0.96
1.0
Uncertain states
0.04
0.08
0.12
0.16
0.2
0.2
0.2
0.2
0.2
0.2
0.2
0.2
0.2
0.24
0.24
0.24
0.24
0.24
0.24
0.24
0.24
0.24
0.24
0.24
0.24
True EVDs
-69
-69
-69
-69
-69
-69
-69
-69
-69
-69
-69
-69
-69
-69
-69
-69
-69
-69
-69
-69
-69
-69
-69
-69
-69
Bound errors
-9.03111718077
-37.0965640465
-16.6920775977
-8.33250591731
-17.6418380346
-17.4138706929
-10.0069856601
-8.62689311583
-17.2738694274
-8.19021080391
-9.75264930542
-6.64580656586
-1.69962779924
-30.5731458214
-19.8593805286
-25.8148766233
-23.6453752614
-48.2081687149
-4.16901304913
-10.1735450131
-11.6306606665
-6.47686877635
-46.9157105321
-17.0916663271
-7.96202998381
Policy optimalities
1.0
1.0
0.92
0.92
1.0
1.0
1.0
1.0
1.0
1.0
1.0
1.0
1.0
1.0
1.0
1.0
1.0
1.0
1.0
1.0
1.0
1.0
1.0
1.0
1.0
Policy accuracies
Confidence
1.0
Accuracy
0.0
Confusion matrices
[[25, 0], [0, 0]]
NEW THRESHOLD 0.4
Percent Improvements
9.86156657641
37.9270134421
17.5166568272
9.15708514679
18.4722874302
18.2443200885
10.8374350557
9.45734251148
18.1043188231
9.02066019956
10.5830987011
7.47625596151
2.53007719489
31.403595217
20.6898299242
26.6453260189
24.4758246571
49.0386181106
4.99946244477
11.0039944088
12.4611100622
7.307318172
47.7461599277
17.9221157227
8.79247937946
Num demos
1
2
3
4
5
6
7
8
9
10
11
12
13
14
15
16
17
18
19
20
21
22
23
24
25
Percent states
0.04
0.08
0.12
0.16
0.2
0.24
0.28
0.32
0.36
0.4
0.44
0.48
0.52
0.56
0.6
0.64
0.68
0.72
0.76
0.8
0.84
0.88
0.92
0.96
1.0
Uncertain states
0.04
0.08
0.12
0.16
0.2
0.2
0.2
0.2
0.2
0.2
0.2
0.2
0.2
0.24
0.24
0.24
0.24
0.24
0.24
0.24
0.24
0.24
0.24
0.24
0.24
True EVDs
-69
-69
-69
-69
-69
-69
-69
-69
-69
-69
-69
-69
-69
-69
-69
-69
-69
-69
-69
-69
-69
-69
-69
-69
-69
Bound errors
-9.03111718077
-37.0965640465
-16.6920775977
-8.33250591731
-17.6418380346
-17.4138706929
-10.0069856601
-8.62689311583
-17.2738694274
-8.19021080391
-9.75264930542
-6.64580656586
-1.69962779924
-30.5731458214
-19.8593805286
-25.8148766233
-23.6453752614
-48.2081687149
-4.16901304913
-10.1735450131
-11.6306606665
-6.47686877635
-46.9157105321
-17.0916663271
-7.96202998381
Policy optimalities
1.0
1.0
0.92
0.92
1.0
1.0
1.0
1.0
1.0
1.0
1.0
1.0
1.0
1.0
1.0
1.0
1.0
1.0
1.0
1.0
1.0
1.0
1.0
1.0
1.0
Policy accuracies
Confidence
1.0
Accuracy
0.0
Confusion matrices
[[25, 0], [0, 0]]
NEW THRESHOLD 0.5
Percent Improvements
9.86156657641
37.9270134421
17.5166568272
9.15708514679
18.4722874302
18.2443200885
10.8374350557
9.45734251148
18.1043188231
9.02066019956
10.5830987011
7.47625596151
2.53007719489
31.403595217
20.6898299242
26.6453260189
24.4758246571
49.0386181106
4.99946244477
11.0039944088
12.4611100622
7.307318172
47.7461599277
17.9221157227
8.79247937946
Num demos
1
2
3
4
5
6
7
8
9
10
11
12
13
14
15
16
17
18
19
20
21
22
23
24
25
Percent states
0.04
0.08
0.12
0.16
0.2
0.24
0.28
0.32
0.36
0.4
0.44
0.48
0.52
0.56
0.6
0.64
0.68
0.72
0.76
0.8
0.84
0.88
0.92
0.96
1.0
Uncertain states
0.04
0.08
0.12
0.16
0.2
0.2
0.2
0.2
0.2
0.2
0.2
0.2
0.2
0.24
0.24
0.24
0.24
0.24
0.24
0.24
0.24
0.24
0.24
0.24
0.24
True EVDs
-69
-69
-69
-69
-69
-69
-69
-69
-69
-69
-69
-69
-69
-69
-69
-69
-69
-69
-69
-69
-69
-69
-69
-69
-69
Bound errors
-9.03111718077
-37.0965640465
-16.6920775977
-8.33250591731
-17.6418380346
-17.4138706929
-10.0069856601
-8.62689311583
-17.2738694274
-8.19021080391
-9.75264930542
-6.64580656586
-1.69962779924
-30.5731458214
-19.8593805286
-25.8148766233
-23.6453752614
-48.2081687149
-4.16901304913
-10.1735450131
-11.6306606665
-6.47686877635
-46.9157105321
-17.0916663271
-7.96202998381
Policy optimalities
1.0
1.0
0.92
0.92
1.0
1.0
1.0
1.0
1.0
1.0
1.0
1.0
1.0
1.0
1.0
1.0
1.0
1.0
1.0
1.0
1.0
1.0
1.0
1.0
1.0
Policy accuracies
Confidence
1.0
Accuracy
0.0
Confusion matrices
[[25, 0], [0, 0]]
NEW THRESHOLD 0.6
Percent Improvements
9.86156657641
37.9270134421
17.5166568272
9.15708514679
18.4722874302
18.2443200885
10.8374350557
9.45734251148
18.1043188231
9.02066019956
10.5830987011
7.47625596151
2.53007719489
31.403595217
20.6898299242
26.6453260189
24.4758246571
49.0386181106
4.99946244477
11.0039944088
12.4611100622
7.307318172
47.7461599277
17.9221157227
8.79247937946
Num demos
1
2
3
4
5
6
7
8
9
10
11
12
13
14
15
16
17
18
19
20
21
22
23
24
25
Percent states
0.04
0.08
0.12
0.16
0.2
0.24
0.28
0.32
0.36
0.4
0.44
0.48
0.52
0.56
0.6
0.64
0.68
0.72
0.76
0.8
0.84
0.88
0.92
0.96
1.0
Uncertain states
0.04
0.08
0.12
0.16
0.2
0.2
0.2
0.2
0.2
0.2
0.2
0.2
0.2
0.24
0.24
0.24
0.24
0.24
0.24
0.24
0.24
0.24
0.24
0.24
0.24
True EVDs
-69
-69
-69
-69
-69
-69
-69
-69
-69
-69
-69
-69
-69
-69
-69
-69
-69
-69
-69
-69
-69
-69
-69
-69
-69
Bound errors
-9.03111718077
-37.0965640465
-16.6920775977
-8.33250591731
-17.6418380346
-17.4138706929
-10.0069856601
-8.62689311583
-17.2738694274
-8.19021080391
-9.75264930542
-6.64580656586
-1.69962779924
-30.5731458214
-19.8593805286
-25.8148766233
-23.6453752614
-48.2081687149
-4.16901304913
-10.1735450131
-11.6306606665
-6.47686877635
-46.9157105321
-17.0916663271
-7.96202998381
Policy optimalities
1.0
1.0
0.92
0.92
1.0
1.0
1.0
1.0
1.0
1.0
1.0
1.0
1.0
1.0
1.0
1.0
1.0
1.0
1.0
1.0
1.0
1.0
1.0
1.0
1.0
Policy accuracies
Confidence
1.0
Accuracy
0.0
Confusion matrices
[[25, 0], [0, 0]]
NEW THRESHOLD 0.7
Percent Improvements
9.86156657641
37.9270134421
17.5166568272
9.15708514679
18.4722874302
18.2443200885
10.8374350557
9.45734251148
18.1043188231
9.02066019956
10.5830987011
7.47625596151
2.53007719489
31.403595217
20.6898299242
26.6453260189
24.4758246571
49.0386181106
4.99946244477
11.0039944088
12.4611100622
7.307318172
47.7461599277
17.9221157227
8.79247937946
Num demos
1
2
3
4
5
6
7
8
9
10
11
12
13
14
15
16
17
18
19
20
21
22
23
24
25
Percent states
0.04
0.08
0.12
0.16
0.2
0.24
0.28
0.32
0.36
0.4
0.44
0.48
0.52
0.56
0.6
0.64
0.68
0.72
0.76
0.8
0.84
0.88
0.92
0.96
1.0
Uncertain states
0.04
0.08
0.12
0.16
0.2
0.2
0.2
0.2
0.2
0.2
0.2
0.2
0.2
0.24
0.24
0.24
0.24
0.24
0.24
0.24
0.24
0.24
0.24
0.24
0.24
True EVDs
-69
-69
-69
-69
-69
-69
-69
-69
-69
-69
-69
-69
-69
-69
-69
-69
-69
-69
-69
-69
-69
-69
-69
-69
-69
Bound errors
-9.03111718077
-37.0965640465
-16.6920775977
-8.33250591731
-17.6418380346
-17.4138706929
-10.0069856601
-8.62689311583
-17.2738694274
-8.19021080391
-9.75264930542
-6.64580656586
-1.69962779924
-30.5731458214
-19.8593805286
-25.8148766233
-23.6453752614
-48.2081687149
-4.16901304913
-10.1735450131
-11.6306606665
-6.47686877635
-46.9157105321
-17.0916663271
-7.96202998381
Policy optimalities
1.0
1.0
0.92
0.92
1.0
1.0
1.0
1.0
1.0
1.0
1.0
1.0
1.0
1.0
1.0
1.0
1.0
1.0
1.0
1.0
1.0
1.0
1.0
1.0
1.0
Policy accuracies
Confidence
1.0
Accuracy
0.0
Confusion matrices
[[25, 0], [0, 0]]
NEW THRESHOLD 0.8
Percent Improvements
9.86156657641
37.9270134421
17.5166568272
9.15708514679
18.4722874302
18.2443200885
10.8374350557
9.45734251148
18.1043188231
9.02066019956
10.5830987011
7.47625596151
2.53007719489
31.403595217
20.6898299242
26.6453260189
24.4758246571
49.0386181106
4.99946244477
11.0039944088
12.4611100622
7.307318172
47.7461599277
17.9221157227
8.79247937946
Num demos
1
2
3
4
5
6
7
8
9
10
11
12
13
14
15
16
17
18
19
20
21
22
23
24
25
Percent states
0.04
0.08
0.12
0.16
0.2
0.24
0.28
0.32
0.36
0.4
0.44
0.48
0.52
0.56
0.6
0.64
0.68
0.72
0.76
0.8
0.84
0.88
0.92
0.96
1.0
Uncertain states
0.04
0.08
0.12
0.16
0.2
0.2
0.2
0.2
0.2
0.2
0.2
0.2
0.2
0.24
0.24
0.24
0.24
0.24
0.24
0.24
0.24
0.24
0.24
0.24
0.24
True EVDs
-69
-69
-69
-69
-69
-69
-69
-69
-69
-69
-69
-69
-69
-69
-69
-69
-69
-69
-69
-69
-69
-69
-69
-69
-69
Bound errors
-9.03111718077
-37.0965640465
-16.6920775977
-8.33250591731
-17.6418380346
-17.4138706929
-10.0069856601
-8.62689311583
-17.2738694274
-8.19021080391
-9.75264930542
-6.64580656586
-1.69962779924
-30.5731458214
-19.8593805286
-25.8148766233
-23.6453752614
-48.2081687149
-4.16901304913
-10.1735450131
-11.6306606665
-6.47686877635
-46.9157105321
-17.0916663271
-7.96202998381
Policy optimalities
1.0
1.0
0.92
0.92
1.0
1.0
1.0
1.0
1.0
1.0
1.0
1.0
1.0
1.0
1.0
1.0
1.0
1.0
1.0
1.0
1.0
1.0
1.0
1.0
1.0
Policy accuracies
Confidence
1.0
Accuracy
0.0
Confusion matrices
[[25, 0], [0, 0]]
NEW THRESHOLD 0.9
Percent Improvements
9.86156657641
37.9270134421
17.5166568272
9.15708514679
18.4722874302
18.2443200885
10.8374350557
9.45734251148
18.1043188231
9.02066019956
10.5830987011
7.47625596151
2.53007719489
31.403595217
20.6898299242
26.6453260189
24.4758246571
49.0386181106
4.99946244477
11.0039944088
12.4611100622
7.307318172
47.7461599277
17.9221157227
8.79247937946
Num demos
1
2
3
4
5
6
7
8
9
10
11
12
13
14
15
16
17
18
19
20
21
22
23
24
25
Percent states
0.04
0.08
0.12
0.16
0.2
0.24
0.28
0.32
0.36
0.4
0.44
0.48
0.52
0.56
0.6
0.64
0.68
0.72
0.76
0.8
0.84
0.88
0.92
0.96
1.0
Uncertain states
0.04
0.08
0.12
0.16
0.2
0.2
0.2
0.2
0.2
0.2
0.2
0.2
0.2
0.24
0.24
0.24
0.24
0.24
0.24
0.24
0.24
0.24
0.24
0.24
0.24
True EVDs
-69
-69
-69
-69
-69
-69
-69
-69
-69
-69
-69
-69
-69
-69
-69
-69
-69
-69
-69
-69
-69
-69
-69
-69
-69
Bound errors
-9.03111718077
-37.0965640465
-16.6920775977
-8.33250591731
-17.6418380346
-17.4138706929
-10.0069856601
-8.62689311583
-17.2738694274
-8.19021080391
-9.75264930542
-6.64580656586
-1.69962779924
-30.5731458214
-19.8593805286
-25.8148766233
-23.6453752614
-48.2081687149
-4.16901304913
-10.1735450131
-11.6306606665
-6.47686877635
-46.9157105321
-17.0916663271
-7.96202998381
Policy optimalities
1.0
1.0
0.92
0.92
1.0
1.0
1.0
1.0
1.0
1.0
1.0
1.0
1.0
1.0
1.0
1.0
1.0
1.0
1.0
1.0
1.0
1.0
1.0
1.0
1.0
Policy accuracies
Confidence
1.0
Accuracy
0.0
Confusion matrices
[[0, 25], [0, 0]]
NEW THRESHOLD 1.0
Percent Improvements
9.86156657641
37.9270134421
17.5166568272
9.15708514679
18.4722874302
18.2443200885
10.8374350557
9.45734251148
18.1043188231
9.02066019956
10.5830987011
7.47625596151
2.53007719489
31.403595217
20.6898299242
26.6453260189
24.4758246571
49.0386181106
4.99946244477
11.0039944088
12.4611100622
7.307318172
47.7461599277
17.9221157227
8.79247937946
Num demos
1
2
3
4
5
6
7
8
9
10
11
12
13
14
15
16
17
18
19
20
21
22
23
24
25
Percent states
0.04
0.08
0.12
0.16
0.2
0.24
0.28
0.32
0.36
0.4
0.44
0.48
0.52
0.56
0.6
0.64
0.68
0.72
0.76
0.8
0.84
0.88
0.92
0.96
1.0
Uncertain states
0.04
0.08
0.12
0.16
0.2
0.2
0.2
0.2
0.2
0.2
0.2
0.2
0.2
0.24
0.24
0.24
0.24
0.24
0.24
0.24
0.24
0.24
0.24
0.24
0.24
True EVDs
-69
-69
-69
-69
-69
-69
-69
-69
-69
-69
-69
-69
-69
-69
-69
-69
-69
-69
-69
-69
-69
-69
-69
-69
-69
Bound errors
-9.03111718077
-37.0965640465
-16.6920775977
-8.33250591731
-17.6418380346
-17.4138706929
-10.0069856601
-8.62689311583
-17.2738694274
-8.19021080391
-9.75264930542
-6.64580656586
-1.69962779924
-30.5731458214
-19.8593805286
-25.8148766233
-23.6453752614
-48.2081687149
-4.16901304913
-10.1735450131
-11.6306606665
-6.47686877635
-46.9157105321
-17.0916663271
-7.96202998381
Policy optimalities
1.0
1.0
0.92
0.92
1.0
1.0
1.0
1.0
1.0
1.0
1.0
1.0
1.0
1.0
1.0
1.0
1.0
1.0
1.0
1.0
1.0
1.0
1.0
1.0
1.0
Policy accuracies
Confidence
1.0
Accuracy
0.0
Confusion matrices
[[0, 25], [0, 0]]
NEW THRESHOLD 2
Percent Improvements
9.86156657641
37.9270134421
17.5166568272
9.15708514679
18.4722874302
18.2443200885
10.8374350557
9.45734251148
18.1043188231
9.02066019956
10.5830987011
7.47625596151
2.53007719489
31.403595217
20.6898299242
26.6453260189
24.4758246571
49.0386181106
4.99946244477
11.0039944088
12.4611100622
7.307318172
47.7461599277
17.9221157227
8.79247937946
Num demos
1
2
3
4
5
6
7
8
9
10
11
12
13
14
15
16
17
18
19
20
21
22
23
24
25
Percent states
0.04
0.08
0.12
0.16
0.2
0.24
0.28
0.32
0.36
0.4
0.44
0.48
0.52
0.56
0.6
0.64
0.68
0.72
0.76
0.8
0.84
0.88
0.92
0.96
1.0
Uncertain states
0.04
0.08
0.12
0.16
0.2
0.2
0.2
0.2
0.2
0.2
0.2
0.2
0.2
0.24
0.24
0.24
0.24
0.24
0.24
0.24
0.24
0.24
0.24
0.24
0.24
True EVDs
-69
-69
-69
-69
-69
-69
-69
-69
-69
-69
-69
-69
-69
-69
-69
-69
-69
-69
-69
-69
-69
-69
-69
-69
-69
Bound errors
-9.03111718077
-37.0965640465
-16.6920775977
-8.33250591731
-17.6418380346
-17.4138706929
-10.0069856601
-8.62689311583
-17.2738694274
-8.19021080391
-9.75264930542
-6.64580656586
-1.69962779924
-30.5731458214
-19.8593805286
-25.8148766233
-23.6453752614
-48.2081687149
-4.16901304913
-10.1735450131
-11.6306606665
-6.47686877635
-46.9157105321
-17.0916663271
-7.96202998381
Policy optimalities
1.0
1.0
0.92
0.92
1.0
1.0
1.0
1.0
1.0
1.0
1.0
1.0
1.0
1.0
1.0
1.0
1.0
1.0
1.0
1.0
1.0
1.0
1.0
1.0
1.0
Policy accuracies
Confidence
1.0
Accuracy
0.0
Confusion matrices
[[0, 25], [0, 0]]
NEW THRESHOLD 3
Percent Improvements
9.86156657641
37.9270134421
17.5166568272
9.15708514679
18.4722874302
18.2443200885
10.8374350557
9.45734251148
18.1043188231
9.02066019956
10.5830987011
7.47625596151
31.403595217
20.6898299242
26.6453260189
24.4758246571
49.0386181106
4.99946244477
11.0039944088
12.4611100622
7.307318172
47.7461599277
17.9221157227
8.79247937946
Num demos
1
2
3
4
5
6
7
8
9
10
11
12
14
15
16
17
18
19
20
21
22
23
24
25
Percent states
0.04
0.08
0.12
0.16
0.2
0.24
0.28
0.32
0.36
0.4
0.44
0.48
0.56
0.6
0.64
0.68
0.72
0.76
0.8
0.84
0.88
0.92
0.96
1.0
Uncertain states
0.04
0.08
0.12
0.16
0.2
0.2
0.2
0.2
0.2
0.2
0.2
0.2
0.24
0.24
0.24
0.24
0.24
0.24
0.24
0.24
0.24
0.24
0.24
0.24
True EVDs
-69
-69
-69
-69
-69
-69
-69
-69
-69
-69
-69
-69
-69
-69
-69
-69
-69
-69
-69
-69
-69
-69
-69
-69
Bound errors
-9.03111718077
-37.0965640465
-16.6920775977
-8.33250591731
-17.6418380346
-17.4138706929
-10.0069856601
-8.62689311583
-17.2738694274
-8.19021080391
-9.75264930542
-6.64580656586
-30.5731458214
-19.8593805286
-25.8148766233
-23.6453752614
-48.2081687149
-4.16901304913
-10.1735450131
-11.6306606665
-6.47686877635
-46.9157105321
-17.0916663271
-7.96202998381
Policy optimalities
1.0
1.0
0.92
0.92
1.0
1.0
1.0
1.0
1.0
1.0
1.0
1.0
1.0
1.0
1.0
1.0
1.0
1.0
1.0
1.0
1.0
1.0
1.0
1.0
Policy accuracies
Confidence
1.0
Accuracy
0.0
Confusion matrices
[[0, 24], [0, 1]]
NEW THRESHOLD 4
Percent Improvements
9.86156657641
37.9270134421
17.5166568272
9.15708514679
18.4722874302
18.2443200885
10.8374350557
9.45734251148
18.1043188231
9.02066019956
10.5830987011
7.47625596151
31.403595217
20.6898299242
26.6453260189
24.4758246571
49.0386181106
4.99946244477
11.0039944088
12.4611100622
7.307318172
47.7461599277
17.9221157227
8.79247937946
Num demos
1
2
3
4
5
6
7
8
9
10
11
12
14
15
16
17
18
19
20
21
22
23
24
25
Percent states
0.04
0.08
0.12
0.16
0.2
0.24
0.28
0.32
0.36
0.4
0.44
0.48
0.56
0.6
0.64
0.68
0.72
0.76
0.8
0.84
0.88
0.92
0.96
1.0
Uncertain states
0.04
0.08
0.12
0.16
0.2
0.2
0.2
0.2
0.2
0.2
0.2
0.2
0.24
0.24
0.24
0.24
0.24
0.24
0.24
0.24
0.24
0.24
0.24
0.24
True EVDs
-69
-69
-69
-69
-69
-69
-69
-69
-69
-69
-69
-69
-69
-69
-69
-69
-69
-69
-69
-69
-69
-69
-69
-69
Bound errors
-9.03111718077
-37.0965640465
-16.6920775977
-8.33250591731
-17.6418380346
-17.4138706929
-10.0069856601
-8.62689311583
-17.2738694274
-8.19021080391
-9.75264930542
-6.64580656586
-30.5731458214
-19.8593805286
-25.8148766233
-23.6453752614
-48.2081687149
-4.16901304913
-10.1735450131
-11.6306606665
-6.47686877635
-46.9157105321
-17.0916663271
-7.96202998381
Policy optimalities
1.0
1.0
0.92
0.92
1.0
1.0
1.0
1.0
1.0
1.0
1.0
1.0
1.0
1.0
1.0
1.0
1.0
1.0
1.0
1.0
1.0
1.0
1.0
1.0
Policy accuracies
Confidence
1.0
Accuracy
0.0
Confusion matrices
[[0, 24], [0, 1]]
NEW THRESHOLD 5
Percent Improvements
9.86156657641
37.9270134421
17.5166568272
9.15708514679
18.4722874302
18.2443200885
10.8374350557
9.45734251148
18.1043188231
9.02066019956
10.5830987011
7.47625596151
31.403595217
20.6898299242
26.6453260189
24.4758246571
49.0386181106
11.0039944088
12.4611100622
7.307318172
47.7461599277
17.9221157227
8.79247937946
Num demos
1
2
3
4
5
6
7
8
9
10
11
12
14
15
16
17
18
20
21
22
23
24
25
Percent states
0.04
0.08
0.12
0.16
0.2
0.24
0.28
0.32
0.36
0.4
0.44
0.48
0.56
0.6
0.64
0.68
0.72
0.8
0.84
0.88
0.92
0.96
1.0
Uncertain states
0.04
0.08
0.12
0.16
0.2
0.2
0.2
0.2
0.2
0.2
0.2
0.2
0.24
0.24
0.24
0.24
0.24
0.24
0.24
0.24
0.24
0.24
0.24
True EVDs
-69
-69
-69
-69
-69
-69
-69
-69
-69
-69
-69
-69
-69
-69
-69
-69
-69
-69
-69
-69
-69
-69
-69
Bound errors
-9.03111718077
-37.0965640465
-16.6920775977
-8.33250591731
-17.6418380346
-17.4138706929
-10.0069856601
-8.62689311583
-17.2738694274
-8.19021080391
-9.75264930542
-6.64580656586
-30.5731458214
-19.8593805286
-25.8148766233
-23.6453752614
-48.2081687149
-10.1735450131
-11.6306606665
-6.47686877635
-46.9157105321
-17.0916663271
-7.96202998381
Policy optimalities
1.0
1.0
0.92
0.92
1.0
1.0
1.0
1.0
1.0
1.0
1.0
1.0
1.0
1.0
1.0
1.0
1.0
1.0
1.0
1.0
1.0
1.0
1.0
Policy accuracies
Confidence
1.0
Accuracy
0.0
Confusion matrices
[[0, 23], [0, 2]]
NEW THRESHOLD 6
Percent Improvements
9.86156657641
37.9270134421
17.5166568272
9.15708514679
18.4722874302
18.2443200885
10.8374350557
9.45734251148
18.1043188231
9.02066019956
10.5830987011
7.47625596151
31.403595217
20.6898299242
26.6453260189
24.4758246571
49.0386181106
11.0039944088
12.4611100622
7.307318172
47.7461599277
17.9221157227
8.79247937946
Num demos
1
2
3
4
5
6
7
8
9
10
11
12
14
15
16
17
18
20
21
22
23
24
25
Percent states
0.04
0.08
0.12
0.16
0.2
0.24
0.28
0.32
0.36
0.4
0.44
0.48
0.56
0.6
0.64
0.68
0.72
0.8
0.84
0.88
0.92
0.96
1.0
Uncertain states
0.04
0.08
0.12
0.16
0.2
0.2
0.2
0.2
0.2
0.2
0.2
0.2
0.24
0.24
0.24
0.24
0.24
0.24
0.24
0.24
0.24
0.24
0.24
True EVDs
-69
-69
-69
-69
-69
-69
-69
-69
-69
-69
-69
-69
-69
-69
-69
-69
-69
-69
-69
-69
-69
-69
-69
Bound errors
-9.03111718077
-37.0965640465
-16.6920775977
-8.33250591731
-17.6418380346
-17.4138706929
-10.0069856601
-8.62689311583
-17.2738694274
-8.19021080391
-9.75264930542
-6.64580656586
-30.5731458214
-19.8593805286
-25.8148766233
-23.6453752614
-48.2081687149
-10.1735450131
-11.6306606665
-6.47686877635
-46.9157105321
-17.0916663271
-7.96202998381
Policy optimalities
1.0
1.0
0.92
0.92
1.0
1.0
1.0
1.0
1.0
1.0
1.0
1.0
1.0
1.0
1.0
1.0
1.0
1.0
1.0
1.0
1.0
1.0
1.0
Policy accuracies
Confidence
1.0
Accuracy
0.0
Confusion matrices
[[0, 23], [0, 2]]
NEW THRESHOLD 7
Percent Improvements
9.86156657641
37.9270134421
17.5166568272
9.15708514679
18.4722874302
18.2443200885
10.8374350557
9.45734251148
18.1043188231
9.02066019956
10.5830987011
7.47625596151
31.403595217
20.6898299242
26.6453260189
24.4758246571
49.0386181106
11.0039944088
12.4611100622
7.307318172
47.7461599277
17.9221157227
8.79247937946
Num demos
1
2
3
4
5
6
7
8
9
10
11
12
14
15
16
17
18
20
21
22
23
24
25
Percent states
0.04
0.08
0.12
0.16
0.2
0.24
0.28
0.32
0.36
0.4
0.44
0.48
0.56
0.6
0.64
0.68
0.72
0.8
0.84
0.88
0.92
0.96
1.0
Uncertain states
0.04
0.08
0.12
0.16
0.2
0.2
0.2
0.2
0.2
0.2
0.2
0.2
0.24
0.24
0.24
0.24
0.24
0.24
0.24
0.24
0.24
0.24
0.24
True EVDs
-69
-69
-69
-69
-69
-69
-69
-69
-69
-69
-69
-69
-69
-69
-69
-69
-69
-69
-69
-69
-69
-69
-69
Bound errors
-9.03111718077
-37.0965640465
-16.6920775977
-8.33250591731
-17.6418380346
-17.4138706929
-10.0069856601
-8.62689311583
-17.2738694274
-8.19021080391
-9.75264930542
-6.64580656586
-30.5731458214
-19.8593805286
-25.8148766233
-23.6453752614
-48.2081687149
-10.1735450131
-11.6306606665
-6.47686877635
-46.9157105321
-17.0916663271
-7.96202998381
Policy optimalities
1.0
1.0
0.92
0.92
1.0
1.0
1.0
1.0
1.0
1.0
1.0
1.0
1.0
1.0
1.0
1.0
1.0
1.0
1.0
1.0
1.0
1.0
1.0
Policy accuracies
Confidence
1.0
Accuracy
0.0
Confusion matrices
[[0, 23], [0, 2]]
NEW THRESHOLD 8
Percent Improvements
9.86156657641
37.9270134421
17.5166568272
9.15708514679
18.4722874302
18.2443200885
10.8374350557
9.45734251148
18.1043188231
9.02066019956
10.5830987011
31.403595217
20.6898299242
26.6453260189
24.4758246571
49.0386181106
11.0039944088
12.4611100622
47.7461599277
17.9221157227
8.79247937946
Num demos
1
2
3
4
5
6
7
8
9
10
11
14
15
16
17
18
20
21
23
24
25
Percent states
0.04
0.08
0.12
0.16
0.2
0.24
0.28
0.32
0.36
0.4
0.44
0.56
0.6
0.64
0.68
0.72
0.8
0.84
0.92
0.96
1.0
Uncertain states
0.04
0.08
0.12
0.16
0.2
0.2
0.2
0.2
0.2
0.2
0.2
0.24
0.24
0.24
0.24
0.24
0.24
0.24
0.24
0.24
0.24
True EVDs
-69
-69
-69
-69
-69
-69
-69
-69
-69
-69
-69
-69
-69
-69
-69
-69
-69
-69
-69
-69
-69
Bound errors
-9.03111718077
-37.0965640465
-16.6920775977
-8.33250591731
-17.6418380346
-17.4138706929
-10.0069856601
-8.62689311583
-17.2738694274
-8.19021080391
-9.75264930542
-30.5731458214
-19.8593805286
-25.8148766233
-23.6453752614
-48.2081687149
-10.1735450131
-11.6306606665
-46.9157105321
-17.0916663271
-7.96202998381
Policy optimalities
1.0
1.0
0.92
0.92
1.0
1.0
1.0
1.0
1.0
1.0
1.0
1.0
1.0
1.0
1.0
1.0
1.0
1.0
1.0
1.0
1.0
Policy accuracies
Confidence
1.0
Accuracy
0.0
Confusion matrices
[[0, 21], [0, 4]]
NEW THRESHOLD 9
Percent Improvements
9.86156657641
37.9270134421
17.5166568272
9.15708514679
18.4722874302
18.2443200885
10.8374350557
9.45734251148
18.1043188231
9.02066019956
10.5830987011
31.403595217
20.6898299242
26.6453260189
24.4758246571
49.0386181106
11.0039944088
12.4611100622
47.7461599277
17.9221157227
Num demos
1
2
3
4
5
6
7
8
9
10
11
14
15
16
17
18
20
21
23
24
Percent states
0.04
0.08
0.12
0.16
0.2
0.24
0.28
0.32
0.36
0.4
0.44
0.56
0.6
0.64
0.68
0.72
0.8
0.84
0.92
0.96
Uncertain states
0.04
0.08
0.12
0.16
0.2
0.2
0.2
0.2
0.2
0.2
0.2
0.24
0.24
0.24
0.24
0.24
0.24
0.24
0.24
0.24
True EVDs
-69
-69
-69
-69
-69
-69
-69
-69
-69
-69
-69
-69
-69
-69
-69
-69
-69
-69
-69
-69
Bound errors
-9.03111718077
-37.0965640465
-16.6920775977
-8.33250591731
-17.6418380346
-17.4138706929
-10.0069856601
-8.62689311583
-17.2738694274
-8.19021080391
-9.75264930542
-30.5731458214
-19.8593805286
-25.8148766233
-23.6453752614
-48.2081687149
-10.1735450131
-11.6306606665
-46.9157105321
-17.0916663271
Policy optimalities
1.0
1.0
0.92
0.92
1.0
1.0
1.0
1.0
1.0
1.0
1.0
1.0
1.0
1.0
1.0
1.0
1.0
1.0
1.0
1.0
Policy accuracies
Confidence
1.0
Accuracy
0.0
Confusion matrices
[[0, 20], [0, 5]]
NEW THRESHOLD 10
Percent Improvements
37.9270134421
17.5166568272
18.4722874302
18.2443200885
10.8374350557
18.1043188231
10.5830987011
31.403595217
20.6898299242
26.6453260189
24.4758246571
49.0386181106
11.0039944088
12.4611100622
47.7461599277
17.9221157227
Num demos
2
3
5
6
7
9
11
14
15
16
17
18
20
21
23
24
Percent states
0.08
0.12
0.2
0.24
0.28
0.36
0.44
0.56
0.6
0.64
0.68
0.72
0.8
0.84
0.92
0.96
Uncertain states
0.08
0.12
0.2
0.2
0.2
0.2
0.2
0.24
0.24
0.24
0.24
0.24
0.24
0.24
0.24
0.24
True EVDs
-69
-69
-69
-69
-69
-69
-69
-69
-69
-69
-69
-69
-69
-69
-69
-69
Bound errors
-37.0965640465
-16.6920775977
-17.6418380346
-17.4138706929
-10.0069856601
-17.2738694274
-9.75264930542
-30.5731458214
-19.8593805286
-25.8148766233
-23.6453752614
-48.2081687149
-10.1735450131
-11.6306606665
-46.9157105321
-17.0916663271
Policy optimalities
1.0
0.92
1.0
1.0
1.0
1.0
1.0
1.0
1.0
1.0
1.0
1.0
1.0
1.0
1.0
1.0
Policy accuracies
Confidence
1.0
Accuracy
0.0
Confusion matrices
[[0, 16], [0, 9]]
NEW THRESHOLD 20
Percent Improvements
37.9270134421
31.403595217
20.6898299242
26.6453260189
24.4758246571
49.0386181106
47.7461599277
Num demos
2
14
15
16
17
18
23
Percent states
0.08
0.56
0.6
0.64
0.68
0.72
0.92
Uncertain states
0.08
0.24
0.24
0.24
0.24
0.24
0.24
True EVDs
-69
-69
-69
-69
-69
-69
-69
Bound errors
-37.0965640465
-30.5731458214
-19.8593805286
-25.8148766233
-23.6453752614
-48.2081687149
-46.9157105321
Policy optimalities
1.0
1.0
1.0
1.0
1.0
1.0
1.0
Policy accuracies
Confidence
1.0
Accuracy
0.0
Confusion matrices
[[0, 7], [0, 18]]
NEW THRESHOLD 30
Percent Improvements
37.9270134421
31.403595217
49.0386181106
47.7461599277
Num demos
2
14
18
23
Percent states
0.08
0.56
0.72
0.92
Uncertain states
0.08
0.24
0.24
0.24
True EVDs
-69
-69
-69
-69
Bound errors
-37.0965640465
-30.5731458214
-48.2081687149
-46.9157105321
Policy optimalities
1.0
1.0
1.0
1.0
Policy accuracies
Confidence
1.0
Accuracy
0.0
Confusion matrices
[[0, 4], [0, 21]]
NEW THRESHOLD 40
Percent Improvements
49.0386181106
47.7461599277
Num demos
18
23
Percent states
0.72
0.92
Uncertain states
0.24
0.24
True EVDs
-69
-69
Bound errors
-48.2081687149
-46.9157105321
Policy optimalities
1.0
1.0
Policy accuracies
Confidence
1.0
Accuracy
0.0
Confusion matrices
[[0, 2], [0, 23]]
NEW THRESHOLD 50
Percent Improvements
Num demos
Percent states
Uncertain states
True EVDs
Bound errors
Policy optimalities
Policy accuracies
Confidence
0.0
Accuracy
0.0
Confusion matrices
[[0, 0], [0, 25]]
NEW THRESHOLD 60
Percent Improvements
Num demos
Percent states
Uncertain states
True EVDs
Bound errors
Policy optimalities
Policy accuracies
Confidence
0.0
Accuracy
0.0
Confusion matrices
[[0, 0], [0, 25]]
NEW THRESHOLD 70
Percent Improvements
Num demos
Percent states
Uncertain states
True EVDs
Bound errors
Policy optimalities
Policy accuracies
Confidence
0.0
Accuracy
0.0
Confusion matrices
[[0, 0], [0, 25]]
NEW THRESHOLD 80
Percent Improvements
Num demos
Percent states
Uncertain states
True EVDs
Bound errors
Policy optimalities
Policy accuracies
Confidence
0.0
Accuracy
0.0
Confusion matrices
[[0, 0], [0, 25]]
NEW THRESHOLD 90
Percent Improvements
Num demos
Percent states
Uncertain states
True EVDs
Bound errors
Policy optimalities
Policy accuracies
Confidence
0.0
Accuracy
0.0
Confusion matrices
[[0, 0], [0, 25]]
NEW THRESHOLD 100
Percent Improvements
Num demos
Percent states
Uncertain states
True EVDs
Bound errors
Policy optimalities
Policy accuracies
Confidence
0.0
Accuracy
0.0
Confusion matrices
[[0, 0], [0, 25]]
**************************************************
Total running minutes: 65.44922760725021
