BASELINE POLICY: evd 0.13603855319680028, policy optimality 0.72, and policy accuracy 0.72
NEW THRESHOLD 0.0
Percent Improvements
30.1137377668
34.9113549083
32.0621186054
15.3653036685
40.1853256568
54.853705517
26.3547137101
5.40850268061
5.96572387411
16.4557718479
16.9092678239
1.60316422475
17.5336740206
1.64445142827
4.82456935421
2.23739979932
7.38313450418
5.12495831027
0.544252348781
1.76041577933
6.7503605403
5.2924340732
1.03138881762
3.47517259022
0.814729608453
Num demos
1
2
3
4
5
6
7
8
9
10
11
12
13
14
15
16
17
18
19
20
21
22
23
24
25
Percent states
0.04
0.08
0.12
0.16
0.2
0.24
0.28
0.32
0.36
0.4
0.44
0.48
0.52
0.56
0.6
0.64
0.68
0.72
0.76
0.8
0.84
0.88
0.92
0.96
1.0
Uncertain states
0.04
0.08
0.12
0.16
0.2
0.24
0.28
0.32
0.36
0.4
0.4
0.4
0.4
0.4
0.4
0.4
0.4
0.4
0.4
0.4
0.4
0.4
0.4
0.44
0.44
True EVDs
-69
-69
-69
-69
-69
-69
-69
-69
-69
-69
-69
-69
-69
-69
-69
-69
-69
-69
-69
-69
-69
-69
-69
-69
-69
Bound errors
-30.1332674689
-34.915282909
-32.06378549
-15.1991349372
-40.0225167122
-54.6908965724
-26.1879072281
-5.23879733178
-5.78934997928
-16.2793979531
-16.732893929
-1.42679032991
-17.3573001258
-1.46807753343
-4.64819545937
-2.06102590448
-7.20676060934
-4.94858441543
-0.367878453943
-1.58404188449
-6.57398664547
-5.11606017837
-0.855014922783
-3.29879869538
-0.638355713614
Policy optimalities
0.68
0.72
0.76
0.84
0.88
0.88
0.88
0.92
1.0
1.0
1.0
1.0
1.0
1.0
1.0
1.0
1.0
1.0
1.0
1.0
1.0
1.0
1.0
1.0
1.0
Policy accuracies
Confidence
1.0
Accuracy
0.0
Confusion matrices
[[22, 3], [0, 0]]
NEW THRESHOLD 0.1
Percent Improvements
30.1137377668
34.9113549083
32.0621186054
15.3653036685
40.1853256568
54.853705517
26.3547137101
5.40850268061
5.96572387411
16.4557718479
16.9092678239
1.60316422475
17.5336740206
1.64445142827
4.82456935421
2.23739979932
7.38313450418
5.12495831027
0.544252348781
1.76041577933
6.7503605403
5.2924340732
1.03138881762
3.47517259022
0.814729608453
Num demos
1
2
3
4
5
6
7
8
9
10
11
12
13
14
15
16
17
18
19
20
21
22
23
24
25
Percent states
0.04
0.08
0.12
0.16
0.2
0.24
0.28
0.32
0.36
0.4
0.44
0.48
0.52
0.56
0.6
0.64
0.68
0.72
0.76
0.8
0.84
0.88
0.92
0.96
1.0
Uncertain states
0.04
0.08
0.12
0.16
0.2
0.24
0.28
0.32
0.36
0.4
0.4
0.4
0.4
0.4
0.4
0.4
0.4
0.4
0.4
0.4
0.4
0.4
0.4
0.44
0.44
True EVDs
-69
-69
-69
-69
-69
-69
-69
-69
-69
-69
-69
-69
-69
-69
-69
-69
-69
-69
-69
-69
-69
-69
-69
-69
-69
Bound errors
-30.1332674689
-34.915282909
-32.06378549
-15.1991349372
-40.0225167122
-54.6908965724
-26.1879072281
-5.23879733178
-5.78934997928
-16.2793979531
-16.732893929
-1.42679032991
-17.3573001258
-1.46807753343
-4.64819545937
-2.06102590448
-7.20676060934
-4.94858441543
-0.367878453943
-1.58404188449
-6.57398664547
-5.11606017837
-0.855014922783
-3.29879869538
-0.638355713614
Policy optimalities
0.68
0.72
0.76
0.84
0.88
0.88
0.88
0.92
1.0
1.0
1.0
1.0
1.0
1.0
1.0
1.0
1.0
1.0
1.0
1.0
1.0
1.0
1.0
1.0
1.0
Policy accuracies
Confidence
1.0
Accuracy
0.0
Confusion matrices
[[22, 3], [0, 0]]
NEW THRESHOLD 0.2
Percent Improvements
30.1137377668
34.9113549083
32.0621186054
15.3653036685
40.1853256568
54.853705517
26.3547137101
5.40850268061
5.96572387411
16.4557718479
16.9092678239
1.60316422475
17.5336740206
1.64445142827
4.82456935421
2.23739979932
7.38313450418
5.12495831027
0.544252348781
1.76041577933
6.7503605403
5.2924340732
1.03138881762
3.47517259022
0.814729608453
Num demos
1
2
3
4
5
6
7
8
9
10
11
12
13
14
15
16
17
18
19
20
21
22
23
24
25
Percent states
0.04
0.08
0.12
0.16
0.2
0.24
0.28
0.32
0.36
0.4
0.44
0.48
0.52
0.56
0.6
0.64
0.68
0.72
0.76
0.8
0.84
0.88
0.92
0.96
1.0
Uncertain states
0.04
0.08
0.12
0.16
0.2
0.24
0.28
0.32
0.36
0.4
0.4
0.4
0.4
0.4
0.4
0.4
0.4
0.4
0.4
0.4
0.4
0.4
0.4
0.44
0.44
True EVDs
-69
-69
-69
-69
-69
-69
-69
-69
-69
-69
-69
-69
-69
-69
-69
-69
-69
-69
-69
-69
-69
-69
-69
-69
-69
Bound errors
-30.1332674689
-34.915282909
-32.06378549
-15.1991349372
-40.0225167122
-54.6908965724
-26.1879072281
-5.23879733178
-5.78934997928
-16.2793979531
-16.732893929
-1.42679032991
-17.3573001258
-1.46807753343
-4.64819545937
-2.06102590448
-7.20676060934
-4.94858441543
-0.367878453943
-1.58404188449
-6.57398664547
-5.11606017837
-0.855014922783
-3.29879869538
-0.638355713614
Policy optimalities
0.68
0.72
0.76
0.84
0.88
0.88
0.88
0.92
1.0
1.0
1.0
1.0
1.0
1.0
1.0
1.0
1.0
1.0
1.0
1.0
1.0
1.0
1.0
1.0
1.0
Policy accuracies
Confidence
1.0
Accuracy
0.0
Confusion matrices
[[0, 25], [0, 0]]
NEW THRESHOLD 0.3
Percent Improvements
30.1137377668
34.9113549083
32.0621186054
15.3653036685
40.1853256568
54.853705517
26.3547137101
5.40850268061
5.96572387411
16.4557718479
16.9092678239
1.60316422475
17.5336740206
1.64445142827
4.82456935421
2.23739979932
7.38313450418
5.12495831027
0.544252348781
1.76041577933
6.7503605403
5.2924340732
1.03138881762
3.47517259022
0.814729608453
Num demos
1
2
3
4
5
6
7
8
9
10
11
12
13
14
15
16
17
18
19
20
21
22
23
24
25
Percent states
0.04
0.08
0.12
0.16
0.2
0.24
0.28
0.32
0.36
0.4
0.44
0.48
0.52
0.56
0.6
0.64
0.68
0.72
0.76
0.8
0.84
0.88
0.92
0.96
1.0
Uncertain states
0.04
0.08
0.12
0.16
0.2
0.24
0.28
0.32
0.36
0.4
0.4
0.4
0.4
0.4
0.4
0.4
0.4
0.4
0.4
0.4
0.4
0.4
0.4
0.44
0.44
True EVDs
-69
-69
-69
-69
-69
-69
-69
-69
-69
-69
-69
-69
-69
-69
-69
-69
-69
-69
-69
-69
-69
-69
-69
-69
-69
Bound errors
-30.1332674689
-34.915282909
-32.06378549
-15.1991349372
-40.0225167122
-54.6908965724
-26.1879072281
-5.23879733178
-5.78934997928
-16.2793979531
-16.732893929
-1.42679032991
-17.3573001258
-1.46807753343
-4.64819545937
-2.06102590448
-7.20676060934
-4.94858441543
-0.367878453943
-1.58404188449
-6.57398664547
-5.11606017837
-0.855014922783
-3.29879869538
-0.638355713614
Policy optimalities
0.68
0.72
0.76
0.84
0.88
0.88
0.88
0.92
1.0
1.0
1.0
1.0
1.0
1.0
1.0
1.0
1.0
1.0
1.0
1.0
1.0
1.0
1.0
1.0
1.0
Policy accuracies
Confidence
1.0
Accuracy
0.0
Confusion matrices
[[0, 25], [0, 0]]
NEW THRESHOLD 0.4
Percent Improvements
30.1137377668
34.9113549083
32.0621186054
15.3653036685
40.1853256568
54.853705517
26.3547137101
5.40850268061
5.96572387411
16.4557718479
16.9092678239
1.60316422475
17.5336740206
1.64445142827
4.82456935421
2.23739979932
7.38313450418
5.12495831027
0.544252348781
1.76041577933
6.7503605403
5.2924340732
1.03138881762
3.47517259022
0.814729608453
Num demos
1
2
3
4
5
6
7
8
9
10
11
12
13
14
15
16
17
18
19
20
21
22
23
24
25
Percent states
0.04
0.08
0.12
0.16
0.2
0.24
0.28
0.32
0.36
0.4
0.44
0.48
0.52
0.56
0.6
0.64
0.68
0.72
0.76
0.8
0.84
0.88
0.92
0.96
1.0
Uncertain states
0.04
0.08
0.12
0.16
0.2
0.24
0.28
0.32
0.36
0.4
0.4
0.4
0.4
0.4
0.4
0.4
0.4
0.4
0.4
0.4
0.4
0.4
0.4
0.44
0.44
True EVDs
-69
-69
-69
-69
-69
-69
-69
-69
-69
-69
-69
-69
-69
-69
-69
-69
-69
-69
-69
-69
-69
-69
-69
-69
-69
Bound errors
-30.1332674689
-34.915282909
-32.06378549
-15.1991349372
-40.0225167122
-54.6908965724
-26.1879072281
-5.23879733178
-5.78934997928
-16.2793979531
-16.732893929
-1.42679032991
-17.3573001258
-1.46807753343
-4.64819545937
-2.06102590448
-7.20676060934
-4.94858441543
-0.367878453943
-1.58404188449
-6.57398664547
-5.11606017837
-0.855014922783
-3.29879869538
-0.638355713614
Policy optimalities
0.68
0.72
0.76
0.84
0.88
0.88
0.88
0.92
1.0
1.0
1.0
1.0
1.0
1.0
1.0
1.0
1.0
1.0
1.0
1.0
1.0
1.0
1.0
1.0
1.0
Policy accuracies
Confidence
1.0
Accuracy
0.0
Confusion matrices
[[0, 25], [0, 0]]
NEW THRESHOLD 0.5
Percent Improvements
30.1137377668
34.9113549083
32.0621186054
15.3653036685
40.1853256568
54.853705517
26.3547137101
5.40850268061
5.96572387411
16.4557718479
16.9092678239
1.60316422475
17.5336740206
1.64445142827
4.82456935421
2.23739979932
7.38313450418
5.12495831027
0.544252348781
1.76041577933
6.7503605403
5.2924340732
1.03138881762
3.47517259022
0.814729608453
Num demos
1
2
3
4
5
6
7
8
9
10
11
12
13
14
15
16
17
18
19
20
21
22
23
24
25
Percent states
0.04
0.08
0.12
0.16
0.2
0.24
0.28
0.32
0.36
0.4
0.44
0.48
0.52
0.56
0.6
0.64
0.68
0.72
0.76
0.8
0.84
0.88
0.92
0.96
1.0
Uncertain states
0.04
0.08
0.12
0.16
0.2
0.24
0.28
0.32
0.36
0.4
0.4
0.4
0.4
0.4
0.4
0.4
0.4
0.4
0.4
0.4
0.4
0.4
0.4
0.44
0.44
True EVDs
-69
-69
-69
-69
-69
-69
-69
-69
-69
-69
-69
-69
-69
-69
-69
-69
-69
-69
-69
-69
-69
-69
-69
-69
-69
Bound errors
-30.1332674689
-34.915282909
-32.06378549
-15.1991349372
-40.0225167122
-54.6908965724
-26.1879072281
-5.23879733178
-5.78934997928
-16.2793979531
-16.732893929
-1.42679032991
-17.3573001258
-1.46807753343
-4.64819545937
-2.06102590448
-7.20676060934
-4.94858441543
-0.367878453943
-1.58404188449
-6.57398664547
-5.11606017837
-0.855014922783
-3.29879869538
-0.638355713614
Policy optimalities
0.68
0.72
0.76
0.84
0.88
0.88
0.88
0.92
1.0
1.0
1.0
1.0
1.0
1.0
1.0
1.0
1.0
1.0
1.0
1.0
1.0
1.0
1.0
1.0
1.0
Policy accuracies
Confidence
1.0
Accuracy
0.0
Confusion matrices
[[0, 25], [0, 0]]
NEW THRESHOLD 0.6
Percent Improvements
30.1137377668
34.9113549083
32.0621186054
15.3653036685
40.1853256568
54.853705517
26.3547137101
5.40850268061
5.96572387411
16.4557718479
16.9092678239
1.60316422475
17.5336740206
1.64445142827
4.82456935421
2.23739979932
7.38313450418
5.12495831027
1.76041577933
6.7503605403
5.2924340732
1.03138881762
3.47517259022
0.814729608453
Num demos
1
2
3
4
5
6
7
8
9
10
11
12
13
14
15
16
17
18
20
21
22
23
24
25
Percent states
0.04
0.08
0.12
0.16
0.2
0.24
0.28
0.32
0.36
0.4
0.44
0.48
0.52
0.56
0.6
0.64
0.68
0.72
0.8
0.84
0.88
0.92
0.96
1.0
Uncertain states
0.04
0.08
0.12
0.16
0.2
0.24
0.28
0.32
0.36
0.4
0.4
0.4
0.4
0.4
0.4
0.4
0.4
0.4
0.4
0.4
0.4
0.4
0.44
0.44
True EVDs
-69
-69
-69
-69
-69
-69
-69
-69
-69
-69
-69
-69
-69
-69
-69
-69
-69
-69
-69
-69
-69
-69
-69
-69
Bound errors
-30.1332674689
-34.915282909
-32.06378549
-15.1991349372
-40.0225167122
-54.6908965724
-26.1879072281
-5.23879733178
-5.78934997928
-16.2793979531
-16.732893929
-1.42679032991
-17.3573001258
-1.46807753343
-4.64819545937
-2.06102590448
-7.20676060934
-4.94858441543
-1.58404188449
-6.57398664547
-5.11606017837
-0.855014922783
-3.29879869538
-0.638355713614
Policy optimalities
0.68
0.72
0.76
0.84
0.88
0.88
0.88
0.92
1.0
1.0
1.0
1.0
1.0
1.0
1.0
1.0
1.0
1.0
1.0
1.0
1.0
1.0
1.0
1.0
Policy accuracies
Confidence
1.0
Accuracy
0.0
Confusion matrices
[[0, 24], [0, 1]]
NEW THRESHOLD 0.7
Percent Improvements
30.1137377668
34.9113549083
32.0621186054
15.3653036685
40.1853256568
54.853705517
26.3547137101
5.40850268061
5.96572387411
16.4557718479
16.9092678239
1.60316422475
17.5336740206
1.64445142827
4.82456935421
2.23739979932
7.38313450418
5.12495831027
1.76041577933
6.7503605403
5.2924340732
1.03138881762
3.47517259022
0.814729608453
Num demos
1
2
3
4
5
6
7
8
9
10
11
12
13
14
15
16
17
18
20
21
22
23
24
25
Percent states
0.04
0.08
0.12
0.16
0.2
0.24
0.28
0.32
0.36
0.4
0.44
0.48
0.52
0.56
0.6
0.64
0.68
0.72
0.8
0.84
0.88
0.92
0.96
1.0
Uncertain states
0.04
0.08
0.12
0.16
0.2
0.24
0.28
0.32
0.36
0.4
0.4
0.4
0.4
0.4
0.4
0.4
0.4
0.4
0.4
0.4
0.4
0.4
0.44
0.44
True EVDs
-69
-69
-69
-69
-69
-69
-69
-69
-69
-69
-69
-69
-69
-69
-69
-69
-69
-69
-69
-69
-69
-69
-69
-69
Bound errors
-30.1332674689
-34.915282909
-32.06378549
-15.1991349372
-40.0225167122
-54.6908965724
-26.1879072281
-5.23879733178
-5.78934997928
-16.2793979531
-16.732893929
-1.42679032991
-17.3573001258
-1.46807753343
-4.64819545937
-2.06102590448
-7.20676060934
-4.94858441543
-1.58404188449
-6.57398664547
-5.11606017837
-0.855014922783
-3.29879869538
-0.638355713614
Policy optimalities
0.68
0.72
0.76
0.84
0.88
0.88
0.88
0.92
1.0
1.0
1.0
1.0
1.0
1.0
1.0
1.0
1.0
1.0
1.0
1.0
1.0
1.0
1.0
1.0
Policy accuracies
Confidence
1.0
Accuracy
0.0
Confusion matrices
[[0, 24], [0, 1]]
NEW THRESHOLD 0.8
Percent Improvements
30.1137377668
34.9113549083
32.0621186054
15.3653036685
40.1853256568
54.853705517
26.3547137101
5.40850268061
5.96572387411
16.4557718479
16.9092678239
1.60316422475
17.5336740206
1.64445142827
4.82456935421
2.23739979932
7.38313450418
5.12495831027
1.76041577933
6.7503605403
5.2924340732
1.03138881762
3.47517259022
0.814729608453
Num demos
1
2
3
4
5
6
7
8
9
10
11
12
13
14
15
16
17
18
20
21
22
23
24
25
Percent states
0.04
0.08
0.12
0.16
0.2
0.24
0.28
0.32
0.36
0.4
0.44
0.48
0.52
0.56
0.6
0.64
0.68
0.72
0.8
0.84
0.88
0.92
0.96
1.0
Uncertain states
0.04
0.08
0.12
0.16
0.2
0.24
0.28
0.32
0.36
0.4
0.4
0.4
0.4
0.4
0.4
0.4
0.4
0.4
0.4
0.4
0.4
0.4
0.44
0.44
True EVDs
-69
-69
-69
-69
-69
-69
-69
-69
-69
-69
-69
-69
-69
-69
-69
-69
-69
-69
-69
-69
-69
-69
-69
-69
Bound errors
-30.1332674689
-34.915282909
-32.06378549
-15.1991349372
-40.0225167122
-54.6908965724
-26.1879072281
-5.23879733178
-5.78934997928
-16.2793979531
-16.732893929
-1.42679032991
-17.3573001258
-1.46807753343
-4.64819545937
-2.06102590448
-7.20676060934
-4.94858441543
-1.58404188449
-6.57398664547
-5.11606017837
-0.855014922783
-3.29879869538
-0.638355713614
Policy optimalities
0.68
0.72
0.76
0.84
0.88
0.88
0.88
0.92
1.0
1.0
1.0
1.0
1.0
1.0
1.0
1.0
1.0
1.0
1.0
1.0
1.0
1.0
1.0
1.0
Policy accuracies
Confidence
1.0
Accuracy
0.0
Confusion matrices
[[0, 24], [0, 1]]
NEW THRESHOLD 0.9
Percent Improvements
30.1137377668
34.9113549083
32.0621186054
15.3653036685
40.1853256568
54.853705517
26.3547137101
5.40850268061
5.96572387411
16.4557718479
16.9092678239
1.60316422475
17.5336740206
1.64445142827
4.82456935421
2.23739979932
7.38313450418
5.12495831027
1.76041577933
6.7503605403
5.2924340732
1.03138881762
3.47517259022
Num demos
1
2
3
4
5
6
7
8
9
10
11
12
13
14
15
16
17
18
20
21
22
23
24
Percent states
0.04
0.08
0.12
0.16
0.2
0.24
0.28
0.32
0.36
0.4
0.44
0.48
0.52
0.56
0.6
0.64
0.68
0.72
0.8
0.84
0.88
0.92
0.96
Uncertain states
0.04
0.08
0.12
0.16
0.2
0.24
0.28
0.32
0.36
0.4
0.4
0.4
0.4
0.4
0.4
0.4
0.4
0.4
0.4
0.4
0.4
0.4
0.44
True EVDs
-69
-69
-69
-69
-69
-69
-69
-69
-69
-69
-69
-69
-69
-69
-69
-69
-69
-69
-69
-69
-69
-69
-69
Bound errors
-30.1332674689
-34.915282909
-32.06378549
-15.1991349372
-40.0225167122
-54.6908965724
-26.1879072281
-5.23879733178
-5.78934997928
-16.2793979531
-16.732893929
-1.42679032991
-17.3573001258
-1.46807753343
-4.64819545937
-2.06102590448
-7.20676060934
-4.94858441543
-1.58404188449
-6.57398664547
-5.11606017837
-0.855014922783
-3.29879869538
Policy optimalities
0.68
0.72
0.76
0.84
0.88
0.88
0.88
0.92
1.0
1.0
1.0
1.0
1.0
1.0
1.0
1.0
1.0
1.0
1.0
1.0
1.0
1.0
1.0
Policy accuracies
Confidence
1.0
Accuracy
0.0
Confusion matrices
[[0, 23], [0, 2]]
NEW THRESHOLD 1.0
Percent Improvements
30.1137377668
34.9113549083
32.0621186054
15.3653036685
40.1853256568
54.853705517
26.3547137101
5.40850268061
5.96572387411
16.4557718479
16.9092678239
1.60316422475
17.5336740206
1.64445142827
4.82456935421
2.23739979932
7.38313450418
5.12495831027
1.76041577933
6.7503605403
5.2924340732
1.03138881762
3.47517259022
Num demos
1
2
3
4
5
6
7
8
9
10
11
12
13
14
15
16
17
18
20
21
22
23
24
Percent states
0.04
0.08
0.12
0.16
0.2
0.24
0.28
0.32
0.36
0.4
0.44
0.48
0.52
0.56
0.6
0.64
0.68
0.72
0.8
0.84
0.88
0.92
0.96
Uncertain states
0.04
0.08
0.12
0.16
0.2
0.24
0.28
0.32
0.36
0.4
0.4
0.4
0.4
0.4
0.4
0.4
0.4
0.4
0.4
0.4
0.4
0.4
0.44
True EVDs
-69
-69
-69
-69
-69
-69
-69
-69
-69
-69
-69
-69
-69
-69
-69
-69
-69
-69
-69
-69
-69
-69
-69
Bound errors
-30.1332674689
-34.915282909
-32.06378549
-15.1991349372
-40.0225167122
-54.6908965724
-26.1879072281
-5.23879733178
-5.78934997928
-16.2793979531
-16.732893929
-1.42679032991
-17.3573001258
-1.46807753343
-4.64819545937
-2.06102590448
-7.20676060934
-4.94858441543
-1.58404188449
-6.57398664547
-5.11606017837
-0.855014922783
-3.29879869538
Policy optimalities
0.68
0.72
0.76
0.84
0.88
0.88
0.88
0.92
1.0
1.0
1.0
1.0
1.0
1.0
1.0
1.0
1.0
1.0
1.0
1.0
1.0
1.0
1.0
Policy accuracies
Confidence
1.0
Accuracy
0.0
Confusion matrices
[[0, 23], [0, 2]]
NEW THRESHOLD 2
Percent Improvements
30.1137377668
34.9113549083
32.0621186054
15.3653036685
40.1853256568
54.853705517
26.3547137101
5.40850268061
5.96572387411
16.4557718479
16.9092678239
17.5336740206
4.82456935421
2.23739979932
7.38313450418
5.12495831027
6.7503605403
5.2924340732
3.47517259022
Num demos
1
2
3
4
5
6
7
8
9
10
11
13
15
16
17
18
21
22
24
Percent states
0.04
0.08
0.12
0.16
0.2
0.24
0.28
0.32
0.36
0.4
0.44
0.52
0.6
0.64
0.68
0.72
0.84
0.88
0.96
Uncertain states
0.04
0.08
0.12
0.16
0.2
0.24
0.28
0.32
0.36
0.4
0.4
0.4
0.4
0.4
0.4
0.4
0.4
0.4
0.44
True EVDs
-69
-69
-69
-69
-69
-69
-69
-69
-69
-69
-69
-69
-69
-69
-69
-69
-69
-69
-69
Bound errors
-30.1332674689
-34.915282909
-32.06378549
-15.1991349372
-40.0225167122
-54.6908965724
-26.1879072281
-5.23879733178
-5.78934997928
-16.2793979531
-16.732893929
-17.3573001258
-4.64819545937
-2.06102590448
-7.20676060934
-4.94858441543
-6.57398664547
-5.11606017837
-3.29879869538
Policy optimalities
0.68
0.72
0.76
0.84
0.88
0.88
0.88
0.92
1.0
1.0
1.0
1.0
1.0
1.0
1.0
1.0
1.0
1.0
1.0
Policy accuracies
Confidence
1.0
Accuracy
0.0
Confusion matrices
[[0, 19], [0, 6]]
NEW THRESHOLD 3
Percent Improvements
30.1137377668
34.9113549083
32.0621186054
15.3653036685
40.1853256568
54.853705517
26.3547137101
5.40850268061
5.96572387411
16.4557718479
16.9092678239
17.5336740206
4.82456935421
7.38313450418
5.12495831027
6.7503605403
5.2924340732
3.47517259022
Num demos
1
2
3
4
5
6
7
8
9
10
11
13
15
17
18
21
22
24
Percent states
0.04
0.08
0.12
0.16
0.2
0.24
0.28
0.32
0.36
0.4
0.44
0.52
0.6
0.68
0.72
0.84
0.88
0.96
Uncertain states
0.04
0.08
0.12
0.16
0.2
0.24
0.28
0.32
0.36
0.4
0.4
0.4
0.4
0.4
0.4
0.4
0.4
0.44
True EVDs
-69
-69
-69
-69
-69
-69
-69
-69
-69
-69
-69
-69
-69
-69
-69
-69
-69
-69
Bound errors
-30.1332674689
-34.915282909
-32.06378549
-15.1991349372
-40.0225167122
-54.6908965724
-26.1879072281
-5.23879733178
-5.78934997928
-16.2793979531
-16.732893929
-17.3573001258
-4.64819545937
-7.20676060934
-4.94858441543
-6.57398664547
-5.11606017837
-3.29879869538
Policy optimalities
0.68
0.72
0.76
0.84
0.88
0.88
0.88
0.92
1.0
1.0
1.0
1.0
1.0
1.0
1.0
1.0
1.0
1.0
Policy accuracies
Confidence
1.0
Accuracy
0.0
Confusion matrices
[[0, 18], [0, 7]]
NEW THRESHOLD 4
Percent Improvements
30.1137377668
34.9113549083
32.0621186054
15.3653036685
40.1853256568
54.853705517
26.3547137101
5.40850268061
5.96572387411
16.4557718479
16.9092678239
17.5336740206
4.82456935421
7.38313450418
5.12495831027
6.7503605403
5.2924340732
Num demos
1
2
3
4
5
6
7
8
9
10
11
13
15
17
18
21
22
Percent states
0.04
0.08
0.12
0.16
0.2
0.24
0.28
0.32
0.36
0.4
0.44
0.52
0.6
0.68
0.72
0.84
0.88
Uncertain states
0.04
0.08
0.12
0.16
0.2
0.24
0.28
0.32
0.36
0.4
0.4
0.4
0.4
0.4
0.4
0.4
0.4
True EVDs
-69
-69
-69
-69
-69
-69
-69
-69
-69
-69
-69
-69
-69
-69
-69
-69
-69
Bound errors
-30.1332674689
-34.915282909
-32.06378549
-15.1991349372
-40.0225167122
-54.6908965724
-26.1879072281
-5.23879733178
-5.78934997928
-16.2793979531
-16.732893929
-17.3573001258
-4.64819545937
-7.20676060934
-4.94858441543
-6.57398664547
-5.11606017837
Policy optimalities
0.68
0.72
0.76
0.84
0.88
0.88
0.88
0.92
1.0
1.0
1.0
1.0
1.0
1.0
1.0
1.0
1.0
Policy accuracies
Confidence
1.0
Accuracy
0.0
Confusion matrices
[[0, 17], [0, 8]]
NEW THRESHOLD 5
Percent Improvements
30.1137377668
34.9113549083
32.0621186054
15.3653036685
40.1853256568
54.853705517
26.3547137101
5.40850268061
5.96572387411
16.4557718479
16.9092678239
17.5336740206
7.38313450418
5.12495831027
6.7503605403
5.2924340732
Num demos
1
2
3
4
5
6
7
8
9
10
11
13
17
18
21
22
Percent states
0.04
0.08
0.12
0.16
0.2
0.24
0.28
0.32
0.36
0.4
0.44
0.52
0.68
0.72
0.84
0.88
Uncertain states
0.04
0.08
0.12
0.16
0.2
0.24
0.28
0.32
0.36
0.4
0.4
0.4
0.4
0.4
0.4
0.4
True EVDs
-69
-69
-69
-69
-69
-69
-69
-69
-69
-69
-69
-69
-69
-69
-69
-69
Bound errors
-30.1332674689
-34.915282909
-32.06378549
-15.1991349372
-40.0225167122
-54.6908965724
-26.1879072281
-5.23879733178
-5.78934997928
-16.2793979531
-16.732893929
-17.3573001258
-7.20676060934
-4.94858441543
-6.57398664547
-5.11606017837
Policy optimalities
0.68
0.72
0.76
0.84
0.88
0.88
0.88
0.92
1.0
1.0
1.0
1.0
1.0
1.0
1.0
1.0
Policy accuracies
Confidence
1.0
Accuracy
0.0
Confusion matrices
[[0, 16], [0, 9]]
NEW THRESHOLD 6
Percent Improvements
30.1137377668
34.9113549083
32.0621186054
15.3653036685
40.1853256568
54.853705517
26.3547137101
16.4557718479
16.9092678239
17.5336740206
7.38313450418
6.7503605403
Num demos
1
2
3
4
5
6
7
10
11
13
17
21
Percent states
0.04
0.08
0.12
0.16
0.2
0.24
0.28
0.4
0.44
0.52
0.68
0.84
Uncertain states
0.04
0.08
0.12
0.16
0.2
0.24
0.28
0.4
0.4
0.4
0.4
0.4
True EVDs
-69
-69
-69
-69
-69
-69
-69
-69
-69
-69
-69
-69
Bound errors
-30.1332674689
-34.915282909
-32.06378549
-15.1991349372
-40.0225167122
-54.6908965724
-26.1879072281
-16.2793979531
-16.732893929
-17.3573001258
-7.20676060934
-6.57398664547
Policy optimalities
0.68
0.72
0.76
0.84
0.88
0.88
0.88
1.0
1.0
1.0
1.0
1.0
Policy accuracies
Confidence
1.0
Accuracy
0.0
Confusion matrices
[[0, 12], [0, 13]]
NEW THRESHOLD 7
Percent Improvements
30.1137377668
34.9113549083
32.0621186054
15.3653036685
40.1853256568
54.853705517
26.3547137101
16.4557718479
16.9092678239
17.5336740206
7.38313450418
Num demos
1
2
3
4
5
6
7
10
11
13
17
Percent states
0.04
0.08
0.12
0.16
0.2
0.24
0.28
0.4
0.44
0.52
0.68
Uncertain states
0.04
0.08
0.12
0.16
0.2
0.24
0.28
0.4
0.4
0.4
0.4
True EVDs
-69
-69
-69
-69
-69
-69
-69
-69
-69
-69
-69
Bound errors
-30.1332674689
-34.915282909
-32.06378549
-15.1991349372
-40.0225167122
-54.6908965724
-26.1879072281
-16.2793979531
-16.732893929
-17.3573001258
-7.20676060934
Policy optimalities
0.68
0.72
0.76
0.84
0.88
0.88
0.88
1.0
1.0
1.0
1.0
Policy accuracies
Confidence
1.0
Accuracy
0.0
Confusion matrices
[[0, 11], [0, 14]]
NEW THRESHOLD 8
Percent Improvements
30.1137377668
34.9113549083
32.0621186054
15.3653036685
40.1853256568
54.853705517
26.3547137101
16.4557718479
16.9092678239
17.5336740206
Num demos
1
2
3
4
5
6
7
10
11
13
Percent states
0.04
0.08
0.12
0.16
0.2
0.24
0.28
0.4
0.44
0.52
Uncertain states
0.04
0.08
0.12
0.16
0.2
0.24
0.28
0.4
0.4
0.4
True EVDs
-69
-69
-69
-69
-69
-69
-69
-69
-69
-69
Bound errors
-30.1332674689
-34.915282909
-32.06378549
-15.1991349372
-40.0225167122
-54.6908965724
-26.1879072281
-16.2793979531
-16.732893929
-17.3573001258
Policy optimalities
0.68
0.72
0.76
0.84
0.88
0.88
0.88
1.0
1.0
1.0
Policy accuracies
Confidence
1.0
Accuracy
0.0
Confusion matrices
[[0, 10], [0, 15]]
NEW THRESHOLD 9
Percent Improvements
30.1137377668
34.9113549083
32.0621186054
15.3653036685
40.1853256568
54.853705517
26.3547137101
16.4557718479
16.9092678239
17.5336740206
Num demos
1
2
3
4
5
6
7
10
11
13
Percent states
0.04
0.08
0.12
0.16
0.2
0.24
0.28
0.4
0.44
0.52
Uncertain states
0.04
0.08
0.12
0.16
0.2
0.24
0.28
0.4
0.4
0.4
True EVDs
-69
-69
-69
-69
-69
-69
-69
-69
-69
-69
Bound errors
-30.1332674689
-34.915282909
-32.06378549
-15.1991349372
-40.0225167122
-54.6908965724
-26.1879072281
-16.2793979531
-16.732893929
-17.3573001258
Policy optimalities
0.68
0.72
0.76
0.84
0.88
0.88
0.88
1.0
1.0
1.0
Policy accuracies
Confidence
1.0
Accuracy
0.0
Confusion matrices
[[0, 10], [0, 15]]
NEW THRESHOLD 10
Percent Improvements
30.1137377668
34.9113549083
32.0621186054
15.3653036685
40.1853256568
54.853705517
26.3547137101
16.4557718479
16.9092678239
17.5336740206
Num demos
1
2
3
4
5
6
7
10
11
13
Percent states
0.04
0.08
0.12
0.16
0.2
0.24
0.28
0.4
0.44
0.52
Uncertain states
0.04
0.08
0.12
0.16
0.2
0.24
0.28
0.4
0.4
0.4
True EVDs
-69
-69
-69
-69
-69
-69
-69
-69
-69
-69
Bound errors
-30.1332674689
-34.915282909
-32.06378549
-15.1991349372
-40.0225167122
-54.6908965724
-26.1879072281
-16.2793979531
-16.732893929
-17.3573001258
Policy optimalities
0.68
0.72
0.76
0.84
0.88
0.88
0.88
1.0
1.0
1.0
Policy accuracies
Confidence
1.0
Accuracy
0.0
Confusion matrices
[[0, 10], [0, 15]]
NEW THRESHOLD 20
Percent Improvements
30.1137377668
34.9113549083
32.0621186054
40.1853256568
54.853705517
26.3547137101
Num demos
1
2
3
5
6
7
Percent states
0.04
0.08
0.12
0.2
0.24
0.28
Uncertain states
0.04
0.08
0.12
0.2
0.24
0.28
True EVDs
-69
-69
-69
-69
-69
-69
Bound errors
-30.1332674689
-34.915282909
-32.06378549
-40.0225167122
-54.6908965724
-26.1879072281
Policy optimalities
0.68
0.72
0.76
0.88
0.88
0.88
Policy accuracies
Confidence
1.0
Accuracy
0.0
Confusion matrices
[[0, 6], [0, 19]]
NEW THRESHOLD 30
Percent Improvements
30.1137377668
34.9113549083
32.0621186054
40.1853256568
54.853705517
Num demos
1
2
3
5
6
Percent states
0.04
0.08
0.12
0.2
0.24
Uncertain states
0.04
0.08
0.12
0.2
0.24
True EVDs
-69
-69
-69
-69
-69
Bound errors
-30.1332674689
-34.915282909
-32.06378549
-40.0225167122
-54.6908965724
Policy optimalities
0.68
0.72
0.76
0.88
0.88
Policy accuracies
Confidence
1.0
Accuracy
0.0
Confusion matrices
[[0, 5], [0, 20]]
NEW THRESHOLD 40
Percent Improvements
40.1853256568
54.853705517
Num demos
5
6
Percent states
0.2
0.24
Uncertain states
0.2
0.24
True EVDs
-69
-69
Bound errors
-40.0225167122
-54.6908965724
Policy optimalities
0.88
0.88
Policy accuracies
Confidence
1.0
Accuracy
0.0
Confusion matrices
[[0, 2], [0, 23]]
NEW THRESHOLD 50
Percent Improvements
54.853705517
Num demos
6
Percent states
0.24
Uncertain states
0.24
True EVDs
-69
Bound errors
-54.6908965724
Policy optimalities
0.88
Policy accuracies
Confidence
1.0
Accuracy
0.0
Confusion matrices
[[0, 1], [0, 24]]
NEW THRESHOLD 60
Percent Improvements
Num demos
Percent states
Uncertain states
True EVDs
Bound errors
Policy optimalities
Policy accuracies
Confidence
0.0
Accuracy
0.0
Confusion matrices
[[0, 0], [0, 25]]
NEW THRESHOLD 70
Percent Improvements
Num demos
Percent states
Uncertain states
True EVDs
Bound errors
Policy optimalities
Policy accuracies
Confidence
0.0
Accuracy
0.0
Confusion matrices
[[0, 0], [0, 25]]
NEW THRESHOLD 80
Percent Improvements
Num demos
Percent states
Uncertain states
True EVDs
Bound errors
Policy optimalities
Policy accuracies
Confidence
0.0
Accuracy
0.0
Confusion matrices
[[0, 0], [0, 25]]
NEW THRESHOLD 90
Percent Improvements
Num demos
Percent states
Uncertain states
True EVDs
Bound errors
Policy optimalities
Policy accuracies
Confidence
0.0
Accuracy
0.0
Confusion matrices
[[0, 0], [0, 25]]
NEW THRESHOLD 100
Percent Improvements
Num demos
Percent states
Uncertain states
True EVDs
Bound errors
Policy optimalities
Policy accuracies
Confidence
0.0
Accuracy
0.0
Confusion matrices
[[0, 0], [0, 25]]
**************************************************
Total running minutes: 58.28303285837173
