NEW THRESHOLD 0.1
Policy loss bounds
0.0510247054057
0.0217870450277
0.0241184813469
0.0663873990682
0.0365396116046
0.00840356105967
0.00914134426156
0.00229697725356
0.0613352962857
0.0246705948666
0.00468546016486
0.0359987382909
0.00601543685815
0.000819771344636
0.000607433479296
0.00171402602114
Num demos
6
9
10
11
12
15
16
17
18
19
20
21
22
23
24
25
Percent states
0.24
0.36
0.4
0.44
0.48
0.6
0.64
0.68
0.72
0.76
0.8
0.84
0.88
0.92
0.96
1.0
Uncertain states
[0, 19, 22, 7, 12, 15]
[0, 4, 7, 10, 12, 15, 16, 19, 22]
[0, 4, 6, 7, 10, 12, 15, 16, 19, 22]
[0, 4, 6, 7, 10, 12, 15, 16, 19, 21, 22]
[0, 2, 4, 6, 7, 10, 12, 15, 16, 19, 21, 22]
[0, 2, 4, 6, 7, 10, 12, 13, 15, 16, 19, 21, 22, 23]
[0, 2, 4, 6, 7, 10, 12, 13, 15, 16, 19, 21, 22, 23]
[0, 2, 4, 6, 7, 10, 12, 13, 15, 16, 19, 21, 22, 23]
[0, 2, 4, 6, 7, 10, 12, 13, 15, 16, 19, 21, 22, 23]
[0, 2, 4, 6, 7, 10, 12, 13, 15, 16, 19, 21, 22, 23]
[0, 2, 4, 6, 7, 10, 12, 13, 15, 16, 19, 21, 22, 23]
[0, 2, 4, 6, 7, 10, 12, 13, 15, 16, 19, 20, 21, 22, 23]
[0, 2, 4, 6, 7, 10, 12, 13, 15, 16, 19, 20, 21, 22, 23]
[0, 2, 4, 6, 7, 10, 12, 13, 15, 16, 19, 20, 21, 22, 23]
[0, 2, 4, 6, 7, 10, 12, 13, 15, 16, 19, 20, 21, 22, 23]
[0, 2, 4, 6, 7, 10, 12, 13, 15, 16, 19, 20, 21, 22, 23]
True EVDs
0.0157539375381
0.0113571734898
0.000894426781617
5.97860220108e-08
5.97860220108e-08
5.97860220108e-08
5.97860220108e-08
5.97860220108e-08
5.97860220108e-08
5.97860220108e-08
5.97860220108e-08
5.97860220108e-08
5.97860220108e-08
5.97860220108e-08
5.97860220108e-08
5.97860220108e-08
Bound errors
0.0352707678676
0.0104298715379
0.0232240545653
0.0663873392822
0.0365395518186
0.00840350127365
0.00914128447554
0.00229691746754
0.0613352364996
0.0246705350806
0.00468540037884
0.0359986785049
0.00601537707213
0.000819711558614
0.000607373693274
0.00171396623512
Policy optimalities
0.8
0.84
0.96
1.0
1.0
1.0
1.0
1.0
1.0
1.0
1.0
1.0
1.0
1.0
1.0
1.0
Policy accuracies
0.8
0.84
0.96
1.0
1.0
1.0
1.0
1.0
1.0
1.0
1.0
1.0
1.0
1.0
1.0
1.0
Confidence
0.05
Accuracy
1.0
Confusion matrices
[[16, 0], [6, 3]]
NEW THRESHOLD 0.2
Policy loss bounds
0.0510247054057
0.103618752786
0.106363077487
0.0217870450277
0.0241184813469
0.0663873990682
0.0365396116046
0.111559979356
0.00840356105967
0.00914134426156
0.00229697725356
0.0613352962857
0.0246705948666
0.00468546016486
0.0359987382909
0.00601543685815
0.000819771344636
0.000607433479296
0.00171402602114
Num demos
6
7
8
9
10
11
12
13
15
16
17
18
19
20
21
22
23
24
25
Percent states
0.24
0.28
0.32
0.36
0.4
0.44
0.48
0.52
0.6
0.64
0.68
0.72
0.76
0.8
0.84
0.88
0.92
0.96
1.0
Uncertain states
[0, 19, 22, 7, 12, 15]
[0, 19, 22, 7, 10, 12, 15]
[0, 7, 10, 12, 15, 16, 19, 22]
[0, 4, 7, 10, 12, 15, 16, 19, 22]
[0, 4, 6, 7, 10, 12, 15, 16, 19, 22]
[0, 4, 6, 7, 10, 12, 15, 16, 19, 21, 22]
[0, 2, 4, 6, 7, 10, 12, 15, 16, 19, 21, 22]
[0, 2, 4, 6, 7, 10, 12, 15, 16, 19, 21, 22]
[0, 2, 4, 6, 7, 10, 12, 13, 15, 16, 19, 21, 22, 23]
[0, 2, 4, 6, 7, 10, 12, 13, 15, 16, 19, 21, 22, 23]
[0, 2, 4, 6, 7, 10, 12, 13, 15, 16, 19, 21, 22, 23]
[0, 2, 4, 6, 7, 10, 12, 13, 15, 16, 19, 21, 22, 23]
[0, 2, 4, 6, 7, 10, 12, 13, 15, 16, 19, 21, 22, 23]
[0, 2, 4, 6, 7, 10, 12, 13, 15, 16, 19, 21, 22, 23]
[0, 2, 4, 6, 7, 10, 12, 13, 15, 16, 19, 20, 21, 22, 23]
[0, 2, 4, 6, 7, 10, 12, 13, 15, 16, 19, 20, 21, 22, 23]
[0, 2, 4, 6, 7, 10, 12, 13, 15, 16, 19, 20, 21, 22, 23]
[0, 2, 4, 6, 7, 10, 12, 13, 15, 16, 19, 20, 21, 22, 23]
[0, 2, 4, 6, 7, 10, 12, 13, 15, 16, 19, 20, 21, 22, 23]
True EVDs
0.0157539375381
0.0113571734898
0.0113571734898
0.0113571734898
0.000894426781617
5.97860220108e-08
5.97860220108e-08
5.97860220108e-08
5.97860220108e-08
5.97860220108e-08
5.97860220108e-08
5.97860220108e-08
5.97860220108e-08
5.97860220108e-08
5.97860220108e-08
5.97860220108e-08
5.97860220108e-08
5.97860220108e-08
5.97860220108e-08
Bound errors
0.0352707678676
0.0922615792964
0.0950059039972
0.0104298715379
0.0232240545653
0.0663873392822
0.0365395518186
0.11155991957
0.00840350127365
0.00914128447554
0.00229691746754
0.0613352364996
0.0246705350806
0.00468540037884
0.0359986785049
0.00601537707213
0.000819711558614
0.000607373693274
0.00171396623512
Policy optimalities
0.8
0.84
0.84
0.84
0.96
1.0
1.0
1.0
1.0
1.0
1.0
1.0
1.0
1.0
1.0
1.0
1.0
1.0
1.0
Policy accuracies
0.8
0.84
0.84
0.84
0.96
1.0
1.0
1.0
1.0
1.0
1.0
1.0
1.0
1.0
1.0
1.0
1.0
1.0
1.0
Confidence
0.05
Accuracy
1.0
Confusion matrices
[[19, 0], [5, 1]]
NEW THRESHOLD 0.3
Policy loss bounds
0.0510247054057
0.103618752786
0.106363077487
0.0217870450277
0.0241184813469
0.0663873990682
0.0365396116046
0.111559979356
0.2779730626
0.00840356105967
0.00914134426156
0.00229697725356
0.0613352962857
0.0246705948666
0.00468546016486
0.0359987382909
0.00601543685815
0.000819771344636
0.000607433479296
0.00171402602114
Num demos
6
7
8
9
10
11
12
13
14
15
16
17
18
19
20
21
22
23
24
25
Percent states
0.24
0.28
0.32
0.36
0.4
0.44
0.48
0.52
0.56
0.6
0.64
0.68
0.72
0.76
0.8
0.84
0.88
0.92
0.96
1.0
Uncertain states
[0, 19, 22, 7, 12, 15]
[0, 19, 22, 7, 10, 12, 15]
[0, 7, 10, 12, 15, 16, 19, 22]
[0, 4, 7, 10, 12, 15, 16, 19, 22]
[0, 4, 6, 7, 10, 12, 15, 16, 19, 22]
[0, 4, 6, 7, 10, 12, 15, 16, 19, 21, 22]
[0, 2, 4, 6, 7, 10, 12, 15, 16, 19, 21, 22]
[0, 2, 4, 6, 7, 10, 12, 15, 16, 19, 21, 22]
[0, 2, 4, 6, 7, 10, 12, 13, 15, 16, 19, 21, 22]
[0, 2, 4, 6, 7, 10, 12, 13, 15, 16, 19, 21, 22, 23]
[0, 2, 4, 6, 7, 10, 12, 13, 15, 16, 19, 21, 22, 23]
[0, 2, 4, 6, 7, 10, 12, 13, 15, 16, 19, 21, 22, 23]
[0, 2, 4, 6, 7, 10, 12, 13, 15, 16, 19, 21, 22, 23]
[0, 2, 4, 6, 7, 10, 12, 13, 15, 16, 19, 21, 22, 23]
[0, 2, 4, 6, 7, 10, 12, 13, 15, 16, 19, 21, 22, 23]
[0, 2, 4, 6, 7, 10, 12, 13, 15, 16, 19, 20, 21, 22, 23]
[0, 2, 4, 6, 7, 10, 12, 13, 15, 16, 19, 20, 21, 22, 23]
[0, 2, 4, 6, 7, 10, 12, 13, 15, 16, 19, 20, 21, 22, 23]
[0, 2, 4, 6, 7, 10, 12, 13, 15, 16, 19, 20, 21, 22, 23]
[0, 2, 4, 6, 7, 10, 12, 13, 15, 16, 19, 20, 21, 22, 23]
True EVDs
0.0157539375381
0.0113571734898
0.0113571734898
0.0113571734898
0.000894426781617
5.97860220108e-08
5.97860220108e-08
5.97860220108e-08
5.97860220108e-08
5.97860220108e-08
5.97860220108e-08
5.97860220108e-08
5.97860220108e-08
5.97860220108e-08
5.97860220108e-08
5.97860220108e-08
5.97860220108e-08
5.97860220108e-08
5.97860220108e-08
5.97860220108e-08
Bound errors
0.0352707678676
0.0922615792964
0.0950059039972
0.0104298715379
0.0232240545653
0.0663873392822
0.0365395518186
0.11155991957
0.277973002814
0.00840350127365
0.00914128447554
0.00229691746754
0.0613352364996
0.0246705350806
0.00468540037884
0.0359986785049
0.00601537707213
0.000819711558614
0.000607373693274
0.00171396623512
Policy optimalities
0.8
0.84
0.84
0.84
0.96
1.0
1.0
1.0
1.0
1.0
1.0
1.0
1.0
1.0
1.0
1.0
1.0
1.0
1.0
1.0
Policy accuracies
0.8
0.84
0.84
0.84
0.96
1.0
1.0
1.0
1.0
1.0
1.0
1.0
1.0
1.0
1.0
1.0
1.0
1.0
1.0
1.0
Confidence
0.05
Accuracy
1.0
Confusion matrices
[[20, 0], [5, 0]]
NEW THRESHOLD 0.4
Policy loss bounds
0.325466404733
0.0510247054057
0.103618752786
0.106363077487
0.0217870450277
0.0241184813469
0.0663873990682
0.0365396116046
0.111559979356
0.2779730626
0.00840356105967
0.00914134426156
0.00229697725356
0.0613352962857
0.0246705948666
0.00468546016486
0.0359987382909
0.00601543685815
0.000819771344636
0.000607433479296
0.00171402602114
Num demos
4
6
7
8
9
10
11
12
13
14
15
16
17
18
19
20
21
22
23
24
25
Percent states
0.16
0.24
0.28
0.32
0.36
0.4
0.44
0.48
0.52
0.56
0.6
0.64
0.68
0.72
0.76
0.8
0.84
0.88
0.92
0.96
1.0
Uncertain states
[19, 12, 15, 7]
[0, 19, 22, 7, 12, 15]
[0, 19, 22, 7, 10, 12, 15]
[0, 7, 10, 12, 15, 16, 19, 22]
[0, 4, 7, 10, 12, 15, 16, 19, 22]
[0, 4, 6, 7, 10, 12, 15, 16, 19, 22]
[0, 4, 6, 7, 10, 12, 15, 16, 19, 21, 22]
[0, 2, 4, 6, 7, 10, 12, 15, 16, 19, 21, 22]
[0, 2, 4, 6, 7, 10, 12, 15, 16, 19, 21, 22]
[0, 2, 4, 6, 7, 10, 12, 13, 15, 16, 19, 21, 22]
[0, 2, 4, 6, 7, 10, 12, 13, 15, 16, 19, 21, 22, 23]
[0, 2, 4, 6, 7, 10, 12, 13, 15, 16, 19, 21, 22, 23]
[0, 2, 4, 6, 7, 10, 12, 13, 15, 16, 19, 21, 22, 23]
[0, 2, 4, 6, 7, 10, 12, 13, 15, 16, 19, 21, 22, 23]
[0, 2, 4, 6, 7, 10, 12, 13, 15, 16, 19, 21, 22, 23]
[0, 2, 4, 6, 7, 10, 12, 13, 15, 16, 19, 21, 22, 23]
[0, 2, 4, 6, 7, 10, 12, 13, 15, 16, 19, 20, 21, 22, 23]
[0, 2, 4, 6, 7, 10, 12, 13, 15, 16, 19, 20, 21, 22, 23]
[0, 2, 4, 6, 7, 10, 12, 13, 15, 16, 19, 20, 21, 22, 23]
[0, 2, 4, 6, 7, 10, 12, 13, 15, 16, 19, 20, 21, 22, 23]
[0, 2, 4, 6, 7, 10, 12, 13, 15, 16, 19, 20, 21, 22, 23]
True EVDs
0.00603792578349
0.0157539375381
0.0113571734898
0.0113571734898
0.0113571734898
0.000894426781617
5.97860220108e-08
5.97860220108e-08
5.97860220108e-08
5.97860220108e-08
5.97860220108e-08
5.97860220108e-08
5.97860220108e-08
5.97860220108e-08
5.97860220108e-08
5.97860220108e-08
5.97860220108e-08
5.97860220108e-08
5.97860220108e-08
5.97860220108e-08
5.97860220108e-08
Bound errors
0.31942847895
0.0352707678676
0.0922615792964
0.0950059039972
0.0104298715379
0.0232240545653
0.0663873392822
0.0365395518186
0.11155991957
0.277973002814
0.00840350127365
0.00914128447554
0.00229691746754
0.0613352364996
0.0246705350806
0.00468540037884
0.0359986785049
0.00601537707213
0.000819711558614
0.000607373693274
0.00171396623512
Policy optimalities
0.88
0.8
0.84
0.84
0.84
0.96
1.0
1.0
1.0
1.0
1.0
1.0
1.0
1.0
1.0
1.0
1.0
1.0
1.0
1.0
1.0
Policy accuracies
0.88
0.8
0.84
0.84
0.84
0.96
1.0
1.0
1.0
1.0
1.0
1.0
1.0
1.0
1.0
1.0
1.0
1.0
1.0
1.0
1.0
Confidence
0.05
Accuracy
1.0
Confusion matrices
[[21, 0], [4, 0]]
NEW THRESHOLD 0.5
Policy loss bounds
0.475020584126
0.325466404733
0.420052205183
0.0510247054057
0.103618752786
0.106363077487
0.0217870450277
0.0241184813469
0.0663873990682
0.0365396116046
0.111559979356
0.2779730626
0.00840356105967
0.00914134426156
0.00229697725356
0.0613352962857
0.0246705948666
0.00468546016486
0.0359987382909
0.00601543685815
0.000819771344636
0.000607433479296
0.00171402602114
Num demos
3
4
5
6
7
8
9
10
11
12
13
14
15
16
17
18
19
20
21
22
23
24
25
Percent states
0.12
0.16
0.2
0.24
0.28
0.32
0.36
0.4
0.44
0.48
0.52
0.56
0.6
0.64
0.68
0.72
0.76
0.8
0.84
0.88
0.92
0.96
1.0
Uncertain states
[19, 12, 7]
[19, 12, 15, 7]
[0, 19, 12, 15, 7]
[0, 19, 22, 7, 12, 15]
[0, 19, 22, 7, 10, 12, 15]
[0, 7, 10, 12, 15, 16, 19, 22]
[0, 4, 7, 10, 12, 15, 16, 19, 22]
[0, 4, 6, 7, 10, 12, 15, 16, 19, 22]
[0, 4, 6, 7, 10, 12, 15, 16, 19, 21, 22]
[0, 2, 4, 6, 7, 10, 12, 15, 16, 19, 21, 22]
[0, 2, 4, 6, 7, 10, 12, 15, 16, 19, 21, 22]
[0, 2, 4, 6, 7, 10, 12, 13, 15, 16, 19, 21, 22]
[0, 2, 4, 6, 7, 10, 12, 13, 15, 16, 19, 21, 22, 23]
[0, 2, 4, 6, 7, 10, 12, 13, 15, 16, 19, 21, 22, 23]
[0, 2, 4, 6, 7, 10, 12, 13, 15, 16, 19, 21, 22, 23]
[0, 2, 4, 6, 7, 10, 12, 13, 15, 16, 19, 21, 22, 23]
[0, 2, 4, 6, 7, 10, 12, 13, 15, 16, 19, 21, 22, 23]
[0, 2, 4, 6, 7, 10, 12, 13, 15, 16, 19, 21, 22, 23]
[0, 2, 4, 6, 7, 10, 12, 13, 15, 16, 19, 20, 21, 22, 23]
[0, 2, 4, 6, 7, 10, 12, 13, 15, 16, 19, 20, 21, 22, 23]
[0, 2, 4, 6, 7, 10, 12, 13, 15, 16, 19, 20, 21, 22, 23]
[0, 2, 4, 6, 7, 10, 12, 13, 15, 16, 19, 20, 21, 22, 23]
[0, 2, 4, 6, 7, 10, 12, 13, 15, 16, 19, 20, 21, 22, 23]
True EVDs
0.139068249343
0.00603792578349
0.0113571734898
0.0157539375381
0.0113571734898
0.0113571734898
0.0113571734898
0.000894426781617
5.97860220108e-08
5.97860220108e-08
5.97860220108e-08
5.97860220108e-08
5.97860220108e-08
5.97860220108e-08
5.97860220108e-08
5.97860220108e-08
5.97860220108e-08
5.97860220108e-08
5.97860220108e-08
5.97860220108e-08
5.97860220108e-08
5.97860220108e-08
5.97860220108e-08
Bound errors
0.335952334783
0.31942847895
0.408695031693
0.0352707678676
0.0922615792964
0.0950059039972
0.0104298715379
0.0232240545653
0.0663873392822
0.0365395518186
0.11155991957
0.277973002814
0.00840350127365
0.00914128447554
0.00229691746754
0.0613352364996
0.0246705350806
0.00468540037884
0.0359986785049
0.00601537707213
0.000819711558614
0.000607373693274
0.00171396623512
Policy optimalities
0.72
0.88
0.84
0.8
0.84
0.84
0.84
0.96
1.0
1.0
1.0
1.0
1.0
1.0
1.0
1.0
1.0
1.0
1.0
1.0
1.0
1.0
1.0
Policy accuracies
0.72
0.88
0.84
0.8
0.84
0.84
0.84
0.96
1.0
1.0
1.0
1.0
1.0
1.0
1.0
1.0
1.0
1.0
1.0
1.0
1.0
1.0
1.0
Confidence
0.05
Accuracy
1.0
Confusion matrices
[[23, 0], [2, 0]]
**************************************************
Total running minutes: 41.44898282289505
