NEW THRESHOLD 0.1
Num demos
1
5
1
1
2
4
5
7
9
13
1
5
1
1
Bound errors
25.0082742984
41.1815966301
24.4561390017
23.3103026101
23.3103026101
23.3103026101
23.3103026101
23.3103026101
23.3103026101
23.3103026101
0.0
0.0
0.0
695.085248326
Policy optimalities
0.2
0.2
0.2
0.2
0.2
0.2
0.2
0.2
0.2
0.2
1.0
1.0
1.0
0.2
Accuracy
1.0
Confusion matrices
[[14, 0], [336, 50]]
NEW THRESHOLD 0.2
Num demos
1
5
1
1
2
4
5
7
9
13
1
5
1
1
Bound errors
25.0082742984
41.1815966301
24.4561390017
23.3103026101
23.3103026101
23.3103026101
23.3103026101
23.3103026101
23.3103026101
23.3103026101
0.0
0.0
0.0
695.085248326
Policy optimalities
0.2
0.2
0.2
0.2
0.2
0.2
0.2
0.2
0.2
0.2
1.0
1.0
1.0
0.2
Accuracy
1.0
Confusion matrices
[[14, 0], [336, 50]]
NEW THRESHOLD 0.3
Num demos
1
5
1
1
2
4
5
7
9
13
1
5
1
1
Bound errors
25.0082742984
41.1815966301
24.4561390017
23.3103026101
23.3103026101
23.3103026101
23.3103026101
23.3103026101
23.3103026101
23.3103026101
0.0
0.0
0.0
695.085248326
Policy optimalities
0.2
0.2
0.2
0.2
0.2
0.2
0.2
0.2
0.2
0.2
1.0
1.0
1.0
0.2
Accuracy
1.0
Confusion matrices
[[14, 0], [348, 38]]
NEW THRESHOLD 0.4
Num demos
1
5
1
1
2
4
5
7
9
13
1
5
1
1
Bound errors
25.0082742984
41.1815966301
24.4561390017
23.3103026101
23.3103026101
23.3103026101
23.3103026101
23.3103026101
23.3103026101
23.3103026101
0.0
0.0
0.0
695.085248326
Policy optimalities
0.2
0.2
0.2
0.2
0.2
0.2
0.2
0.2
0.2
0.2
1.0
1.0
1.0
0.2
Accuracy
1.0
Confusion matrices
[[14, 0], [349, 37]]
NEW THRESHOLD 0.5
Num demos
1
2
3
4
5
6
7
8
9
10
11
12
13
14
15
16
17
18
19
20
1
2
3
4
5
6
7
8
9
10
11
12
13
14
15
16
17
18
19
20
1
2
3
4
5
6
7
8
9
10
11
12
13
14
15
16
17
18
19
20
1
2
3
4
5
6
7
8
9
10
11
12
13
14
15
16
17
18
19
20
1
2
3
4
5
6
7
8
9
10
11
12
13
14
15
16
17
18
19
20
1
2
3
4
5
6
7
8
9
10
11
12
13
14
15
16
17
18
19
20
1
2
3
4
5
6
7
8
9
10
11
12
13
14
15
16
17
18
19
20
1
2
3
4
5
6
7
8
9
10
11
12
13
14
15
16
17
18
19
20
1
2
3
4
5
6
7
8
9
10
11
12
13
14
15
16
17
18
19
20
1
2
3
4
5
6
7
8
9
10
11
12
13
14
15
16
17
18
19
20
1
2
3
4
5
6
7
8
9
10
11
12
13
14
15
16
17
18
19
20
1
2
3
4
5
6
7
8
9
10
11
12
13
14
15
16
17
18
19
20
1
2
3
4
5
6
7
8
9
10
11
12
13
14
15
16
17
18
19
20
1
2
3
4
5
6
7
8
9
10
11
12
13
14
15
16
17
18
19
20
1
2
3
4
5
6
7
8
9
10
11
12
13
14
15
16
17
18
19
20
1
2
3
4
5
6
7
8
9
10
11
12
13
14
15
16
17
18
19
20
1
2
3
4
5
6
7
8
9
10
11
12
13
14
15
16
17
18
19
20
1
2
3
4
5
6
7
8
9
10
11
12
13
14
15
16
17
18
19
20
1
2
3
4
5
6
7
8
9
10
11
12
13
14
15
16
17
18
19
20
1
2
3
4
5
6
7
8
9
10
11
12
13
14
15
16
17
18
19
20
Bound errors
25.0082742984
0.46544519732
0.46544519732
0.46544519732
0.46544519732
0.46544519732
0.46544519732
0.46544519732
0.46544519732
0.46544519732
0.46544519732
0.46544519732
0.46544519732
0.46544519732
0.46544519732
0.46544519732
0.46544519732
0.46544519732
0.46544519732
0.46544519732
0.749395913506
0.749395913506
0.749395913506
0.749395913506
0.749395913506
0.749395913506
0.749395913506
0.749395913506
0.749395913506
0.749395913506
0.749395913506
0.749395913506
0.749395913506
0.749395913506
0.749395913506
0.749395913506
0.749395913506
0.749395913506
0.749395913506
0.749395913506
0.496550392686
0.496550392686
0.496550392686
0.496550392686
41.1815966301
0.496550392686
0.496550392686
0.496550392686
0.496550392686
0.496550392686
0.496550392686
0.496550392686
0.496550392686
0.496550392686
0.496550392686
0.496550392686
0.496550392686
0.496550392686
0.496550392686
0.496550392686
0.474782632291
0.474782632291
0.474782632291
0.474782632291
0.474782632291
0.474782632291
0.474782632291
0.474782632291
0.474782632291
0.474782632291
0.474782632291
0.474782632291
0.474782632291
0.474782632291
0.474782632291
0.474782632291
0.474782632291
0.474782632291
0.474782632291
0.474782632291
0.621817371321
0.621817371321
0.621817371321
0.621817371321
0.621817371321
0.621817371321
0.621817371321
0.621817371321
0.621817371321
0.621817371321
0.621817371321
0.621817371321
0.621817371321
0.621817371321
0.621817371321
0.621817371321
0.621817371321
0.621817371321
0.621817371321
0.621817371321
0.499825760605
0.499825760605
0.499825760605
0.499825760605
0.499825760605
0.499825760605
0.499825760605
0.499825760605
0.499825760605
0.499825760605
0.499825760605
0.499825760605
0.499825760605
0.499825760605
0.499825760605
0.499825760605
0.499825760605
0.499825760605
0.499825760605
0.499825760605
0.540476501308
0.540476501308
0.540476501308
0.540476501308
0.540476501308
0.540476501308
0.540476501308
0.540476501308
0.540476501308
0.540476501308
0.540476501308
0.540476501308
0.540476501308
0.540476501308
0.540476501308
0.540476501308
0.540476501308
0.540476501308
0.540476501308
0.540476501308
2.57871823304
2.57871823304
2.57871823304
2.57871823304
2.57871823304
2.57871823304
2.57871823304
2.57871823304
2.57871823304
2.57871823304
2.57871823304
2.57871823304
2.57871823304
2.57871823304
1.03932319456
2.57871823304
2.57871823304
2.57871823304
2.57871823304
2.57871823304
24.4561390017
0.504916417294
0.504916417294
0.504916417294
0.504916417294
0.504916417294
0.504916417294
0.504916417294
0.504916417294
0.504916417294
0.504916417294
0.504916417294
0.504916417294
0.504916417294
0.504916417294
0.504916417294
0.504916417294
0.504916417294
0.504916417294
0.504916417294
23.3103026101
23.3103026101
0.230565889565
23.3103026101
23.3103026101
0.194629306924
23.3103026101
0.230565889565
23.3103026101
0.230565889565
0.230565889565
0.230565889565
23.3103026101
0.230565889565
0.230565889565
0.230565889565
0.230565889565
0.230565889565
0.230565889565
0.230565889565
0.53258005239
0.53258005239
0.53258005239
0.53258005239
0.53258005239
0.53258005239
0.53258005239
0.53258005239
0.53258005239
0.53258005239
0.53258005239
0.53258005239
0.53258005239
0.53258005239
0.53258005239
0.53258005239
0.53258005239
0.53258005239
0.53258005239
0.53258005239
0.0
9.41187082659e-06
9.41187082659e-06
9.41187082659e-06
0.0
9.41187082659e-06
9.41187082659e-06
9.41187082659e-06
9.41187082659e-06
9.41187082659e-06
9.89959481823e-06
9.41187082659e-06
9.41187082659e-06
9.41187082659e-06
9.41187082659e-06
9.41187082659e-06
9.41187082659e-06
9.41187082659e-06
9.41187082659e-06
9.41187082659e-06
0.0
7.44438731615e-06
7.44438731615e-06
7.44438731615e-06
7.44438731615e-06
7.44438731615e-06
7.44438731615e-06
7.44438731615e-06
7.44438731615e-06
7.44438731615e-06
7.44438731615e-06
7.44438731615e-06
7.44438731615e-06
7.44438731615e-06
7.44438731615e-06
7.44438731615e-06
7.44438731615e-06
7.44438731615e-06
7.44438731615e-06
7.44438731615e-06
0.521751011404
0.521751011404
0.521751011404
0.521751011404
0.521751011404
0.521751011404
0.521751011404
0.521751011404
0.521751011404
0.521751011404
0.521751011404
0.521751011404
0.521751011404
0.521751011404
0.521751011404
0.521751011404
0.521751011404
0.521751011404
0.521751011404
0.521751011404
0.49868953685
0.49868953685
0.49868953685
0.49868953685
0.49868953685
0.49868953685
0.49868953685
0.49868953685
0.49868953685
0.49868953685
0.49868953685
0.49868953685
0.49868953685
0.49868953685
0.49868953685
0.49868953685
0.49868953685
0.49868953685
0.49868953685
0.49868953685
0.460188987209
0.460188987209
0.460188987209
0.460188987209
0.460188987209
0.460188987209
0.460188987209
0.460188987209
0.460188987209
0.460188987209
0.460188987209
0.460188987209
0.460188987209
0.460188987209
0.460188987209
0.460188987209
0.460188987209
0.460188987209
0.460188987209
0.460188987209
0.693508793269
0.693508793269
0.693508793269
0.693508793269
0.693508793269
0.693508793269
0.693508793269
0.693508793269
0.693508793269
0.693508793269
0.693508793269
0.693508793269
0.693508793269
0.693508793269
0.693508793269
0.693508793269
0.693508793269
0.693508793269
0.693508793269
0.693508793269
0.533956619057
0.533956619057
0.533956619057
0.533956619057
0.533956619057
0.533956619057
0.533956619057
0.533956619057
0.533956619057
0.533956619057
0.533956619057
0.533956619057
0.533956619057
0.533956619057
0.533956619057
0.533956619057
0.533956619057
0.533956619057
0.533956619057
0.533956619057
695.085248326
1.89039548079
1.89039548079
1.89039548079
1.89039548079
1.89039548079
1.89039548079
1.89039548079
1.89039548079
1.89039548079
1.89039548079
1.89039548079
1.89039548079
1.89039548079
1.89039548079
1.89039548079
1.89039548079
1.89039548079
1.89039548079
1.89039548079
1.35498571922
1.35498571922
1.35498571922
1.35498571922
1.35498571922
1.35498571922
1.35498571922
1.35498571922
1.35498571922
1.35498571922
1.35498571922
1.35498571922
1.35498571922
1.35498571922
1.35498571922
1.35498571922
1.35498571922
1.35498571922
1.35498571922
1.35498571922
Policy optimalities
0.2
0.2
0.2
0.2
0.2
0.2
0.2
0.2
0.2
0.2
0.2
0.2
0.2
0.2
0.2
0.2
0.2
0.2
0.2
0.2
0.2
0.2
0.2
0.2
0.2
0.2
0.2
0.2
0.2
0.2
0.2
0.2
0.2
0.2
0.2
0.2
0.2
0.2
0.2
0.2
0.2
0.2
0.2
0.2
0.2
0.2
0.2
0.2
0.2
0.2
0.2
0.2
0.2
0.2
0.2
0.2
0.2
0.2
0.2
0.2
0.2
0.2
0.2
0.2
0.2
0.2
0.2
0.2
0.2
0.2
0.2
0.2
0.2
0.2
0.2
0.2
0.2
0.2
0.2
0.2
0.2
0.2
0.2
0.2
0.2
0.2
0.2
0.2
0.2
0.2
0.2
0.2
0.2
0.2
0.2
0.2
0.2
0.2
0.2
0.2
0.2
0.2
0.2
0.2
0.2
0.2
0.2
0.2
0.2
0.2
0.2
0.2
0.2
0.2
0.2
0.2
0.2
0.2
0.2
0.2
0.2
0.2
0.2
0.2
0.2
0.2
0.2
0.2
0.2
0.2
0.2
0.2
0.2
0.2
0.2
0.2
0.2
0.2
0.2
0.2
0.2
0.2
0.2
0.2
0.2
0.2
0.2
0.2
0.2
0.2
0.2
0.2
0.2
0.2
0.2
0.2
0.2
0.2
0.2
0.2
0.2
0.2
0.2
0.2
0.2
0.2
0.2
0.2
0.2
0.2
0.2
0.2
0.2
0.2
0.2
0.2
0.2
0.2
0.2
0.2
0.2
0.2
0.2
0.2
0.2
0.2
0.2
0.2
0.2
0.2
0.2
0.2
0.2
0.2
0.2
0.2
0.2
0.2
0.2
0.2
0.2
0.2
0.2
0.2
0.2
0.2
0.2
0.2
0.2
0.2
0.2
0.2
0.2
0.2
0.2
0.2
0.2
0.2
0.2
0.2
1.0
0.2
0.2
0.2
1.0
0.2
0.2
0.2
0.2
0.2
0.2
0.2
0.2
0.2
0.2
0.2
0.2
0.2
0.2
0.2
1.0
0.2
0.2
0.2
0.2
0.2
0.2
0.2
0.2
0.2
0.2
0.2
0.2
0.2
0.2
0.2
0.2
0.2
0.2
0.2
0.2
0.2
0.2
0.2
0.2
0.2
0.2
0.2
0.2
0.2
0.2
0.2
0.2
0.2
0.2
0.2
0.2
0.2
0.2
0.2
0.2
0.2
0.2
0.2
0.2
0.2
0.2
0.2
0.2
0.2
0.2
0.2
0.2
0.2
0.2
0.2
0.2
0.2
0.2
0.2
0.2
0.2
0.2
0.2
0.2
0.2
0.2
0.2
0.2
0.2
0.2
0.2
0.2
0.2
0.2
0.2
0.2
0.2
0.2
0.2
0.2
0.2
0.2
0.2
0.2
0.2
0.2
0.2
0.2
0.2
0.2
0.2
0.2
0.2
0.2
0.2
0.2
0.2
0.2
0.2
0.2
0.2
0.2
0.2
0.2
0.2
0.2
0.2
0.2
0.2
0.2
0.2
0.2
0.2
0.2
0.2
0.2
0.2
0.2
0.2
0.2
0.2
0.2
0.2
0.2
0.2
0.2
0.2
0.2
0.2
0.2
0.2
0.2
0.2
0.2
0.2
0.2
0.2
0.2
0.2
0.2
0.2
0.2
0.2
0.2
0.2
0.2
0.2
0.2
0.2
0.2
0.2
0.2
0.2
0.2
0.2
0.2
0.2
0.2
0.2
Accuracy
1.0
Confusion matrices
[[400, 0], [0, 0]]
**************************************************
