NEW THRESHOLD 0.1
Num demos
1
2
3
4
5
6
7
8
11
12
13
14
15
16
17
18
19
20
1
2
3
5
6
7
8
9
10
11
12
13
14
15
16
17
18
19
20
1
3
1
2
3
7
8
9
10
11
12
13
14
15
16
17
18
19
20
1
1
3
4
5
6
7
8
9
10
11
12
13
14
15
16
17
18
19
20
1
2
3
5
1
3
4
5
6
7
8
9
10
11
18
19
20
1
2
3
4
5
6
7
8
9
10
11
12
13
14
15
16
17
18
19
20
1
1
3
14
15
16
17
18
19
20
1
3
4
5
6
1
3
4
6
7
8
9
10
11
12
13
14
15
16
17
18
19
20
1
3
5
6
7
8
9
13
14
15
16
17
18
19
20
1
13
14
15
16
17
1
2
3
4
5
6
7
8
9
10
11
12
13
14
1
3
4
5
6
7
8
9
10
11
12
13
14
15
16
17
18
1
2
3
4
5
6
7
8
9
10
11
12
13
14
15
16
17
18
19
20
1
2
4
5
6
7
8
9
10
11
12
13
14
15
16
17
18
19
20
1
2
3
4
5
6
7
8
9
10
11
12
13
14
15
16
17
18
19
20
Bound errors
25.0082742984
25.0082742984
25.0082742984
25.0082742984
25.0082742984
25.0082742984
25.0082742984
25.0082742984
25.0082742984
25.0082742984
25.0082742984
25.0082742984
25.0082742984
25.0082742984
25.0082742984
25.0082742984
25.0082742984
25.0082742984
143.935485808
143.935485808
143.935485808
143.935485808
143.935485808
143.935485808
143.935485808
143.935485808
143.935485808
143.935485808
143.935485808
143.935485808
143.935485808
143.935485808
143.935485808
143.935485808
143.935485808
143.935485808
143.935485808
41.1815966301
41.1815966301
104.590456966
104.590456966
104.590456966
104.590456966
104.590456966
104.590456966
104.590456966
104.590456966
104.590456966
104.590456966
104.590456966
104.590456966
104.590456966
104.590456966
104.590456966
104.590456966
104.590456966
88.4068693899
11.7948340677
11.7948340677
11.7948340677
11.7948340677
11.7948340677
11.7948340677
11.7948340677
11.7948340677
11.7948340677
11.7948340677
11.7948340677
11.7948340677
11.7948340677
11.7948340677
11.7948340677
11.7948340677
11.7948340677
11.7948340677
11.7948340677
56.128537997
56.128537997
56.128537997
56.128537997
823.587497013
823.587497013
823.587497013
823.587497013
823.587497013
823.587497013
823.587497013
823.587497013
823.587497013
823.587497013
823.587497013
823.587497013
823.587497013
24.4561390017
24.4561390017
24.4561390017
24.4561390017
24.4561390017
24.4561390017
24.4561390017
24.4561390017
24.4561390017
24.4561390017
24.4561390017
24.4561390017
24.4561390017
24.4561390017
24.4561390017
24.4561390017
24.4561390017
24.4561390017
24.4561390017
24.4561390017
23.3103026101
100.470175759
100.470175759
100.470175759
100.470175759
100.470175759
100.470175759
100.470175759
100.470175759
100.470175759
0.0
0.0
0.0
0.0
0.0
0.0
0.0
0.0
0.0
0.0
0.0
0.0
0.0
0.0
0.0
0.0
0.0
0.0
0.0
0.0
0.0
0.0
0.0
48.5426330638
48.5426330638
48.5426330638
48.5426330638
48.5426330638
48.5426330638
48.5426330638
48.5426330638
48.5426330638
48.5426330638
48.5426330638
48.5426330638
48.5426330638
48.5426330638
48.5426330638
10.4962819889
10.4962819889
10.4962819889
10.4962819889
10.4962819889
10.4962819889
19.3991479547
19.3991479547
19.3991479547
19.3991479547
19.3991479547
19.3991479547
19.3991479547
19.3991479547
19.3991479547
19.3991479547
19.3991479547
19.3991479547
19.3991479547
19.3991479547
115.114433038
115.114433038
115.114433038
115.114433038
115.114433038
115.114433038
115.114433038
115.114433038
115.114433038
115.114433038
115.114433038
115.114433038
115.114433038
115.114433038
115.114433038
115.114433038
115.114433038
45.5816456931
45.5816456931
45.5816456931
45.5816456931
45.5816456931
45.5816456931
45.5816456931
45.5816456931
45.5816456931
45.5816456931
45.5816456931
45.5816456931
45.5816456931
45.5816456931
45.5816456931
45.5816456931
45.5816456931
45.5816456931
45.5816456931
45.5816456931
695.085248326
695.085248326
695.085248326
695.085248326
695.085248326
695.085248326
695.085248326
695.085248326
695.085248326
695.085248326
695.085248326
695.085248326
695.085248326
695.085248326
695.085248326
695.085248326
695.085248326
695.085248326
695.085248326
380.82906694
380.82906694
380.82906694
380.82906694
380.82906694
380.82906694
380.82906694
380.82906694
380.82906694
380.82906694
380.82906694
380.82906694
380.82906694
380.82906694
380.82906694
380.82906694
380.82906694
380.82906694
380.82906694
380.82906694
Policy optimalities
0.2
0.2
0.2
0.2
0.2
0.2
0.2
0.2
0.2
0.2
0.2
0.2
0.2
0.2
0.2
0.2
0.2
0.2
0.2
0.2
0.2
0.2
0.2
0.2
0.2
0.2
0.2
0.2
0.2
0.2
0.2
0.2
0.2
0.2
0.2
0.2
0.2
0.2
0.2
0.2
0.2
0.2
0.2
0.2
0.2
0.2
0.2
0.2
0.2
0.2
0.2
0.2
0.2
0.2
0.2
0.2
0.2
0.2
0.2
0.2
0.2
0.2
0.2
0.2
0.2
0.2
0.2
0.2
0.2
0.2
0.2
0.2
0.2
0.2
0.2
0.2
0.2
0.2
0.2
0.2
0.2
0.2
0.2
0.2
0.2
0.2
0.2
0.2
0.2
0.2
0.2
0.2
0.2
0.2
0.2
0.2
0.2
0.2
0.2
0.2
0.2
0.2
0.2
0.2
0.2
0.2
0.2
0.2
0.2
0.2
0.2
0.2
0.2
0.2
0.2
0.2
0.2
0.2
0.2
0.2
0.2
0.2
0.2
1.0
1.0
1.0
1.0
1.0
1.0
1.0
1.0
1.0
1.0
1.0
1.0
1.0
1.0
1.0
1.0
1.0
1.0
1.0
1.0
1.0
1.0
1.0
0.2
0.2
0.2
0.2
0.2
0.2
0.2
0.2
0.2
0.2
0.2
0.2
0.2
0.2
0.2
0.2
0.2
0.2
0.2
0.2
0.2
0.2
0.2
0.2
0.2
0.2
0.2
0.2
0.2
0.2
0.2
0.2
0.2
0.2
0.2
0.2
0.2
0.2
0.2
0.2
0.2
0.2
0.2
0.2
0.2
0.2
0.2
0.2
0.2
0.2
0.2
0.2
0.2
0.2
0.2
0.2
0.2
0.2
0.2
0.2
0.2
0.2
0.2
0.2
0.2
0.2
0.2
0.2
0.2
0.2
0.2
0.2
0.2
0.2
0.2
0.2
0.2
0.2
0.2
0.2
0.2
0.2
0.2
0.2
0.2
0.2
0.2
0.2
0.2
0.2
0.2
0.2
0.2
0.2
0.2
0.2
0.2
0.2
0.2
0.2
0.2
0.2
0.2
0.2
0.2
0.2
0.2
0.2
0.2
0.2
0.2
Accuracy
1.0
Confusion matrices
[[257, 0], [105, 38]]
NEW THRESHOLD 0.2
Num demos
1
2
3
4
5
6
7
8
11
12
13
14
15
16
17
18
19
20
1
2
3
5
6
7
8
9
10
11
12
13
14
15
16
17
18
19
20
1
3
1
2
3
7
8
9
10
11
12
13
14
15
16
17
18
19
20
1
1
3
4
5
6
7
8
9
10
11
12
13
14
15
16
17
18
19
20
1
2
3
5
1
3
4
5
6
7
8
9
10
11
18
19
20
1
2
3
4
5
6
7
8
9
10
11
12
13
14
15
16
17
18
19
20
1
1
3
14
15
16
17
18
19
20
1
3
4
5
6
1
3
4
6
7
8
9
10
11
12
13
14
15
16
17
18
19
20
1
3
5
6
7
8
9
13
14
15
16
17
18
19
20
1
13
14
15
16
17
1
2
3
4
5
6
7
8
9
10
11
12
13
14
1
3
4
5
6
7
8
9
10
11
12
13
14
15
16
17
18
1
2
3
4
5
6
7
8
9
10
11
12
13
14
15
16
17
18
19
20
1
2
4
5
6
7
8
9
10
11
12
13
14
15
16
17
18
19
20
1
2
3
4
5
6
7
8
9
10
11
12
13
14
15
16
17
18
19
20
Bound errors
25.0082742984
25.0082742984
25.0082742984
25.0082742984
25.0082742984
25.0082742984
25.0082742984
25.0082742984
25.0082742984
25.0082742984
25.0082742984
25.0082742984
25.0082742984
25.0082742984
25.0082742984
25.0082742984
25.0082742984
25.0082742984
143.935485808
143.935485808
143.935485808
143.935485808
143.935485808
143.935485808
143.935485808
143.935485808
143.935485808
143.935485808
143.935485808
143.935485808
143.935485808
143.935485808
143.935485808
143.935485808
143.935485808
143.935485808
143.935485808
41.1815966301
41.1815966301
104.590456966
104.590456966
104.590456966
104.590456966
104.590456966
104.590456966
104.590456966
104.590456966
104.590456966
104.590456966
104.590456966
104.590456966
104.590456966
104.590456966
104.590456966
104.590456966
104.590456966
88.4068693899
11.7948340677
11.7948340677
11.7948340677
11.7948340677
11.7948340677
11.7948340677
11.7948340677
11.7948340677
11.7948340677
11.7948340677
11.7948340677
11.7948340677
11.7948340677
11.7948340677
11.7948340677
11.7948340677
11.7948340677
11.7948340677
11.7948340677
56.128537997
56.128537997
56.128537997
56.128537997
823.587497013
823.587497013
823.587497013
823.587497013
823.587497013
823.587497013
823.587497013
823.587497013
823.587497013
823.587497013
823.587497013
823.587497013
823.587497013
24.4561390017
24.4561390017
24.4561390017
24.4561390017
24.4561390017
24.4561390017
24.4561390017
24.4561390017
24.4561390017
24.4561390017
24.4561390017
24.4561390017
24.4561390017
24.4561390017
24.4561390017
24.4561390017
24.4561390017
24.4561390017
24.4561390017
24.4561390017
23.3103026101
100.470175759
100.470175759
100.470175759
100.470175759
100.470175759
100.470175759
100.470175759
100.470175759
100.470175759
0.0
0.0
0.0
0.0
0.0
0.0
0.0
0.0
0.0
0.0
0.0
0.0
0.0
0.0
0.0
0.0
0.0
0.0
0.0
0.0
0.0
0.0
0.0
48.5426330638
48.5426330638
48.5426330638
48.5426330638
48.5426330638
48.5426330638
48.5426330638
48.5426330638
48.5426330638
48.5426330638
48.5426330638
48.5426330638
48.5426330638
48.5426330638
48.5426330638
10.4962819889
10.4962819889
10.4962819889
10.4962819889
10.4962819889
10.4962819889
19.3991479547
19.3991479547
19.3991479547
19.3991479547
19.3991479547
19.3991479547
19.3991479547
19.3991479547
19.3991479547
19.3991479547
19.3991479547
19.3991479547
19.3991479547
19.3991479547
115.114433038
115.114433038
115.114433038
115.114433038
115.114433038
115.114433038
115.114433038
115.114433038
115.114433038
115.114433038
115.114433038
115.114433038
115.114433038
115.114433038
115.114433038
115.114433038
115.114433038
45.5816456931
45.5816456931
45.5816456931
45.5816456931
45.5816456931
45.5816456931
45.5816456931
45.5816456931
45.5816456931
45.5816456931
45.5816456931
45.5816456931
45.5816456931
45.5816456931
45.5816456931
45.5816456931
45.5816456931
45.5816456931
45.5816456931
45.5816456931
695.085248326
695.085248326
695.085248326
695.085248326
695.085248326
695.085248326
695.085248326
695.085248326
695.085248326
695.085248326
695.085248326
695.085248326
695.085248326
695.085248326
695.085248326
695.085248326
695.085248326
695.085248326
695.085248326
380.82906694
380.82906694
380.82906694
380.82906694
380.82906694
380.82906694
380.82906694
380.82906694
380.82906694
380.82906694
380.82906694
380.82906694
380.82906694
380.82906694
380.82906694
380.82906694
380.82906694
380.82906694
380.82906694
380.82906694
Policy optimalities
0.2
0.2
0.2
0.2
0.2
0.2
0.2
0.2
0.2
0.2
0.2
0.2
0.2
0.2
0.2
0.2
0.2
0.2
0.2
0.2
0.2
0.2
0.2
0.2
0.2
0.2
0.2
0.2
0.2
0.2
0.2
0.2
0.2
0.2
0.2
0.2
0.2
0.2
0.2
0.2
0.2
0.2
0.2
0.2
0.2
0.2
0.2
0.2
0.2
0.2
0.2
0.2
0.2
0.2
0.2
0.2
0.2
0.2
0.2
0.2
0.2
0.2
0.2
0.2
0.2
0.2
0.2
0.2
0.2
0.2
0.2
0.2
0.2
0.2
0.2
0.2
0.2
0.2
0.2
0.2
0.2
0.2
0.2
0.2
0.2
0.2
0.2
0.2
0.2
0.2
0.2
0.2
0.2
0.2
0.2
0.2
0.2
0.2
0.2
0.2
0.2
0.2
0.2
0.2
0.2
0.2
0.2
0.2
0.2
0.2
0.2
0.2
0.2
0.2
0.2
0.2
0.2
0.2
0.2
0.2
0.2
0.2
0.2
1.0
1.0
1.0
1.0
1.0
1.0
1.0
1.0
1.0
1.0
1.0
1.0
1.0
1.0
1.0
1.0
1.0
1.0
1.0
1.0
1.0
1.0
1.0
0.2
0.2
0.2
0.2
0.2
0.2
0.2
0.2
0.2
0.2
0.2
0.2
0.2
0.2
0.2
0.2
0.2
0.2
0.2
0.2
0.2
0.2
0.2
0.2
0.2
0.2
0.2
0.2
0.2
0.2
0.2
0.2
0.2
0.2
0.2
0.2
0.2
0.2
0.2
0.2
0.2
0.2
0.2
0.2
0.2
0.2
0.2
0.2
0.2
0.2
0.2
0.2
0.2
0.2
0.2
0.2
0.2
0.2
0.2
0.2
0.2
0.2
0.2
0.2
0.2
0.2
0.2
0.2
0.2
0.2
0.2
0.2
0.2
0.2
0.2
0.2
0.2
0.2
0.2
0.2
0.2
0.2
0.2
0.2
0.2
0.2
0.2
0.2
0.2
0.2
0.2
0.2
0.2
0.2
0.2
0.2
0.2
0.2
0.2
0.2
0.2
0.2
0.2
0.2
0.2
0.2
0.2
0.2
0.2
0.2
0.2
Accuracy
1.0
Confusion matrices
[[257, 0], [107, 36]]
NEW THRESHOLD 0.3
Num demos
1
2
3
4
5
6
7
8
11
12
13
14
15
16
17
18
19
20
1
2
3
5
6
7
8
9
10
11
12
13
14
15
16
17
18
19
20
1
3
1
2
3
7
8
9
10
11
12
13
14
15
16
17
18
19
20
1
1
3
4
5
6
7
8
9
10
11
12
13
14
15
16
17
18
19
20
1
2
3
5
1
3
4
5
6
7
8
9
10
11
18
19
20
1
2
3
4
5
6
7
8
9
10
11
12
13
14
15
16
17
18
19
20
1
1
3
14
15
16
17
18
19
20
1
3
4
5
6
1
3
4
6
7
8
9
10
11
12
13
14
15
16
17
18
19
20
1
3
5
6
7
8
9
13
14
15
16
17
18
19
20
1
13
14
15
16
17
1
2
3
4
5
6
7
8
9
10
11
12
13
14
1
3
4
5
6
7
8
9
10
11
12
13
14
15
16
17
18
1
2
3
4
5
6
7
8
9
10
11
12
13
14
15
16
17
18
19
20
1
2
4
5
6
7
8
9
10
11
12
13
14
15
16
17
18
19
20
1
2
3
4
5
6
7
8
9
10
11
12
13
14
15
16
17
18
19
20
Bound errors
25.0082742984
25.0082742984
25.0082742984
25.0082742984
25.0082742984
25.0082742984
25.0082742984
25.0082742984
25.0082742984
25.0082742984
25.0082742984
25.0082742984
25.0082742984
25.0082742984
25.0082742984
25.0082742984
25.0082742984
25.0082742984
143.935485808
143.935485808
143.935485808
143.935485808
143.935485808
143.935485808
143.935485808
143.935485808
143.935485808
143.935485808
143.935485808
143.935485808
143.935485808
143.935485808
143.935485808
143.935485808
143.935485808
143.935485808
143.935485808
41.1815966301
41.1815966301
104.590456966
104.590456966
104.590456966
104.590456966
104.590456966
104.590456966
104.590456966
104.590456966
104.590456966
104.590456966
104.590456966
104.590456966
104.590456966
104.590456966
104.590456966
104.590456966
104.590456966
88.4068693899
11.7948340677
11.7948340677
11.7948340677
11.7948340677
11.7948340677
11.7948340677
11.7948340677
11.7948340677
11.7948340677
11.7948340677
11.7948340677
11.7948340677
11.7948340677
11.7948340677
11.7948340677
11.7948340677
11.7948340677
11.7948340677
11.7948340677
56.128537997
56.128537997
56.128537997
56.128537997
823.587497013
823.587497013
823.587497013
823.587497013
823.587497013
823.587497013
823.587497013
823.587497013
823.587497013
823.587497013
823.587497013
823.587497013
823.587497013
24.4561390017
24.4561390017
24.4561390017
24.4561390017
24.4561390017
24.4561390017
24.4561390017
24.4561390017
24.4561390017
24.4561390017
24.4561390017
24.4561390017
24.4561390017
24.4561390017
24.4561390017
24.4561390017
24.4561390017
24.4561390017
24.4561390017
24.4561390017
23.3103026101
100.470175759
100.470175759
100.470175759
100.470175759
100.470175759
100.470175759
100.470175759
100.470175759
100.470175759
0.0
0.0
0.0
0.0
0.0
0.0
0.0
0.0
0.0
0.0
0.0
0.0
0.0
0.0
0.0
0.0
0.0
0.0
0.0
0.0
0.0
0.0
0.0
48.5426330638
48.5426330638
48.5426330638
48.5426330638
48.5426330638
48.5426330638
48.5426330638
48.5426330638
48.5426330638
48.5426330638
48.5426330638
48.5426330638
48.5426330638
48.5426330638
48.5426330638
10.4962819889
10.4962819889
10.4962819889
10.4962819889
10.4962819889
10.4962819889
19.3991479547
19.3991479547
19.3991479547
19.3991479547
19.3991479547
19.3991479547
19.3991479547
19.3991479547
19.3991479547
19.3991479547
19.3991479547
19.3991479547
19.3991479547
19.3991479547
115.114433038
115.114433038
115.114433038
115.114433038
115.114433038
115.114433038
115.114433038
115.114433038
115.114433038
115.114433038
115.114433038
115.114433038
115.114433038
115.114433038
115.114433038
115.114433038
115.114433038
45.5816456931
45.5816456931
45.5816456931
45.5816456931
45.5816456931
45.5816456931
45.5816456931
45.5816456931
45.5816456931
45.5816456931
45.5816456931
45.5816456931
45.5816456931
45.5816456931
45.5816456931
45.5816456931
45.5816456931
45.5816456931
45.5816456931
45.5816456931
695.085248326
695.085248326
695.085248326
695.085248326
695.085248326
695.085248326
695.085248326
695.085248326
695.085248326
695.085248326
695.085248326
695.085248326
695.085248326
695.085248326
695.085248326
695.085248326
695.085248326
695.085248326
695.085248326
380.82906694
380.82906694
380.82906694
380.82906694
380.82906694
380.82906694
380.82906694
380.82906694
380.82906694
380.82906694
380.82906694
380.82906694
380.82906694
380.82906694
380.82906694
380.82906694
380.82906694
380.82906694
380.82906694
380.82906694
Policy optimalities
0.2
0.2
0.2
0.2
0.2
0.2
0.2
0.2
0.2
0.2
0.2
0.2
0.2
0.2
0.2
0.2
0.2
0.2
0.2
0.2
0.2
0.2
0.2
0.2
0.2
0.2
0.2
0.2
0.2
0.2
0.2
0.2
0.2
0.2
0.2
0.2
0.2
0.2
0.2
0.2
0.2
0.2
0.2
0.2
0.2
0.2
0.2
0.2
0.2
0.2
0.2
0.2
0.2
0.2
0.2
0.2
0.2
0.2
0.2
0.2
0.2
0.2
0.2
0.2
0.2
0.2
0.2
0.2
0.2
0.2
0.2
0.2
0.2
0.2
0.2
0.2
0.2
0.2
0.2
0.2
0.2
0.2
0.2
0.2
0.2
0.2
0.2
0.2
0.2
0.2
0.2
0.2
0.2
0.2
0.2
0.2
0.2
0.2
0.2
0.2
0.2
0.2
0.2
0.2
0.2
0.2
0.2
0.2
0.2
0.2
0.2
0.2
0.2
0.2
0.2
0.2
0.2
0.2
0.2
0.2
0.2
0.2
0.2
1.0
1.0
1.0
1.0
1.0
1.0
1.0
1.0
1.0
1.0
1.0
1.0
1.0
1.0
1.0
1.0
1.0
1.0
1.0
1.0
1.0
1.0
1.0
0.2
0.2
0.2
0.2
0.2
0.2
0.2
0.2
0.2
0.2
0.2
0.2
0.2
0.2
0.2
0.2
0.2
0.2
0.2
0.2
0.2
0.2
0.2
0.2
0.2
0.2
0.2
0.2
0.2
0.2
0.2
0.2
0.2
0.2
0.2
0.2
0.2
0.2
0.2
0.2
0.2
0.2
0.2
0.2
0.2
0.2
0.2
0.2
0.2
0.2
0.2
0.2
0.2
0.2
0.2
0.2
0.2
0.2
0.2
0.2
0.2
0.2
0.2
0.2
0.2
0.2
0.2
0.2
0.2
0.2
0.2
0.2
0.2
0.2
0.2
0.2
0.2
0.2
0.2
0.2
0.2
0.2
0.2
0.2
0.2
0.2
0.2
0.2
0.2
0.2
0.2
0.2
0.2
0.2
0.2
0.2
0.2
0.2
0.2
0.2
0.2
0.2
0.2
0.2
0.2
0.2
0.2
0.2
0.2
0.2
0.2
Accuracy
1.0
Confusion matrices
[[257, 0], [126, 17]]
NEW THRESHOLD 0.4
Num demos
1
2
3
4
5
6
7
8
11
12
13
14
15
16
17
18
19
20
1
2
3
5
6
7
8
9
10
11
12
13
14
15
16
17
18
19
20
1
3
1
2
3
7
8
9
10
11
12
13
14
15
16
17
18
19
20
1
1
3
4
5
6
7
8
9
10
11
12
13
14
15
16
17
18
19
20
1
2
3
5
1
3
4
5
6
7
8
9
10
11
18
19
20
1
2
3
4
5
6
7
8
9
10
11
12
13
14
15
16
17
18
19
20
1
1
3
14
15
16
17
18
19
20
1
3
4
5
6
1
3
4
6
7
8
9
10
11
12
13
14
15
16
17
18
19
20
1
3
5
6
7
8
9
13
14
15
16
17
18
19
20
1
13
14
15
16
17
1
2
3
4
5
6
7
8
9
10
11
12
13
14
1
3
4
5
6
7
8
9
10
11
12
13
14
15
16
17
18
1
2
3
4
5
6
7
8
9
10
11
12
13
14
15
16
17
18
19
20
1
2
4
5
6
7
8
9
10
11
12
13
14
15
16
17
18
19
20
1
2
3
4
5
6
7
8
9
10
11
12
13
14
15
16
17
18
19
20
Bound errors
25.0082742984
25.0082742984
25.0082742984
25.0082742984
25.0082742984
25.0082742984
25.0082742984
25.0082742984
25.0082742984
25.0082742984
25.0082742984
25.0082742984
25.0082742984
25.0082742984
25.0082742984
25.0082742984
25.0082742984
25.0082742984
143.935485808
143.935485808
143.935485808
143.935485808
143.935485808
143.935485808
143.935485808
143.935485808
143.935485808
143.935485808
143.935485808
143.935485808
143.935485808
143.935485808
143.935485808
143.935485808
143.935485808
143.935485808
143.935485808
41.1815966301
41.1815966301
104.590456966
104.590456966
104.590456966
104.590456966
104.590456966
104.590456966
104.590456966
104.590456966
104.590456966
104.590456966
104.590456966
104.590456966
104.590456966
104.590456966
104.590456966
104.590456966
104.590456966
88.4068693899
11.7948340677
11.7948340677
11.7948340677
11.7948340677
11.7948340677
11.7948340677
11.7948340677
11.7948340677
11.7948340677
11.7948340677
11.7948340677
11.7948340677
11.7948340677
11.7948340677
11.7948340677
11.7948340677
11.7948340677
11.7948340677
11.7948340677
56.128537997
56.128537997
56.128537997
56.128537997
823.587497013
823.587497013
823.587497013
823.587497013
823.587497013
823.587497013
823.587497013
823.587497013
823.587497013
823.587497013
823.587497013
823.587497013
823.587497013
24.4561390017
24.4561390017
24.4561390017
24.4561390017
24.4561390017
24.4561390017
24.4561390017
24.4561390017
24.4561390017
24.4561390017
24.4561390017
24.4561390017
24.4561390017
24.4561390017
24.4561390017
24.4561390017
24.4561390017
24.4561390017
24.4561390017
24.4561390017
23.3103026101
100.470175759
100.470175759
100.470175759
100.470175759
100.470175759
100.470175759
100.470175759
100.470175759
100.470175759
0.0
0.0
0.0
0.0
0.0
0.0
0.0
0.0
0.0
0.0
0.0
0.0
0.0
0.0
0.0
0.0
0.0
0.0
0.0
0.0
0.0
0.0
0.0
48.5426330638
48.5426330638
48.5426330638
48.5426330638
48.5426330638
48.5426330638
48.5426330638
48.5426330638
48.5426330638
48.5426330638
48.5426330638
48.5426330638
48.5426330638
48.5426330638
48.5426330638
10.4962819889
10.4962819889
10.4962819889
10.4962819889
10.4962819889
10.4962819889
19.3991479547
19.3991479547
19.3991479547
19.3991479547
19.3991479547
19.3991479547
19.3991479547
19.3991479547
19.3991479547
19.3991479547
19.3991479547
19.3991479547
19.3991479547
19.3991479547
115.114433038
115.114433038
115.114433038
115.114433038
115.114433038
115.114433038
115.114433038
115.114433038
115.114433038
115.114433038
115.114433038
115.114433038
115.114433038
115.114433038
115.114433038
115.114433038
115.114433038
45.5816456931
45.5816456931
45.5816456931
45.5816456931
45.5816456931
45.5816456931
45.5816456931
45.5816456931
45.5816456931
45.5816456931
45.5816456931
45.5816456931
45.5816456931
45.5816456931
45.5816456931
45.5816456931
45.5816456931
45.5816456931
45.5816456931
45.5816456931
695.085248326
695.085248326
695.085248326
695.085248326
695.085248326
695.085248326
695.085248326
695.085248326
695.085248326
695.085248326
695.085248326
695.085248326
695.085248326
695.085248326
695.085248326
695.085248326
695.085248326
695.085248326
695.085248326
380.82906694
380.82906694
380.82906694
380.82906694
380.82906694
380.82906694
380.82906694
380.82906694
380.82906694
380.82906694
380.82906694
380.82906694
380.82906694
380.82906694
380.82906694
380.82906694
380.82906694
380.82906694
380.82906694
380.82906694
Policy optimalities
0.2
0.2
0.2
0.2
0.2
0.2
0.2
0.2
0.2
0.2
0.2
0.2
0.2
0.2
0.2
0.2
0.2
0.2
0.2
0.2
0.2
0.2
0.2
0.2
0.2
0.2
0.2
0.2
0.2
0.2
0.2
0.2
0.2
0.2
0.2
0.2
0.2
0.2
0.2
0.2
0.2
0.2
0.2
0.2
0.2
0.2
0.2
0.2
0.2
0.2
0.2
0.2
0.2
0.2
0.2
0.2
0.2
0.2
0.2
0.2
0.2
0.2
0.2
0.2
0.2
0.2
0.2
0.2
0.2
0.2
0.2
0.2
0.2
0.2
0.2
0.2
0.2
0.2
0.2
0.2
0.2
0.2
0.2
0.2
0.2
0.2
0.2
0.2
0.2
0.2
0.2
0.2
0.2
0.2
0.2
0.2
0.2
0.2
0.2
0.2
0.2
0.2
0.2
0.2
0.2
0.2
0.2
0.2
0.2
0.2
0.2
0.2
0.2
0.2
0.2
0.2
0.2
0.2
0.2
0.2
0.2
0.2
0.2
1.0
1.0
1.0
1.0
1.0
1.0
1.0
1.0
1.0
1.0
1.0
1.0
1.0
1.0
1.0
1.0
1.0
1.0
1.0
1.0
1.0
1.0
1.0
0.2
0.2
0.2
0.2
0.2
0.2
0.2
0.2
0.2
0.2
0.2
0.2
0.2
0.2
0.2
0.2
0.2
0.2
0.2
0.2
0.2
0.2
0.2
0.2
0.2
0.2
0.2
0.2
0.2
0.2
0.2
0.2
0.2
0.2
0.2
0.2
0.2
0.2
0.2
0.2
0.2
0.2
0.2
0.2
0.2
0.2
0.2
0.2
0.2
0.2
0.2
0.2
0.2
0.2
0.2
0.2
0.2
0.2
0.2
0.2
0.2
0.2
0.2
0.2
0.2
0.2
0.2
0.2
0.2
0.2
0.2
0.2
0.2
0.2
0.2
0.2
0.2
0.2
0.2
0.2
0.2
0.2
0.2
0.2
0.2
0.2
0.2
0.2
0.2
0.2
0.2
0.2
0.2
0.2
0.2
0.2
0.2
0.2
0.2
0.2
0.2
0.2
0.2
0.2
0.2
0.2
0.2
0.2
0.2
0.2
0.2
Accuracy
1.0
Confusion matrices
[[257, 0], [126, 17]]
NEW THRESHOLD 0.5
Num demos
1
2
3
4
5
6
7
8
9
10
11
12
13
14
15
16
17
18
19
20
1
2
3
4
5
6
7
8
9
10
11
12
13
14
15
16
17
18
19
20
1
2
3
4
5
6
7
8
9
10
11
12
13
14
15
16
17
18
19
20
1
2
3
4
5
6
7
8
9
10
11
12
13
14
15
16
17
18
19
20
1
2
3
4
5
6
7
8
9
10
11
12
13
14
15
16
17
18
19
20
1
2
3
4
5
6
7
8
9
10
11
12
13
14
15
16
17
18
19
20
1
2
3
4
5
6
7
8
9
10
11
12
13
14
15
16
17
18
19
20
1
2
3
4
5
6
7
8
9
10
11
12
13
14
15
16
17
18
19
20
1
2
3
4
5
6
7
8
9
10
11
12
13
14
15
16
17
18
19
20
1
2
3
4
5
6
7
8
9
10
11
12
13
14
15
16
17
18
19
20
1
2
3
4
5
6
7
8
9
10
11
12
13
14
15
16
17
18
19
20
1
2
3
4
5
6
7
8
9
10
11
12
13
14
15
16
17
18
19
20
1
2
3
4
6
7
8
9
10
11
12
13
14
15
16
17
18
19
20
1
2
3
4
5
6
7
8
9
10
11
12
13
14
15
16
17
18
19
20
1
2
3
4
5
6
7
8
9
10
11
12
13
14
15
16
17
18
19
20
1
2
3
4
5
6
7
8
9
10
11
12
13
14
15
16
17
18
19
20
1
2
3
4
5
6
7
8
9
10
11
12
13
14
15
16
17
18
19
20
1
2
3
4
5
6
7
8
9
10
11
12
13
14
15
16
17
18
19
20
1
2
3
4
5
6
7
8
9
10
11
12
13
14
15
16
17
18
19
20
1
2
3
4
5
6
7
8
9
10
11
12
13
14
15
16
17
18
19
20
Bound errors
25.0082742984
25.0082742984
25.0082742984
25.0082742984
25.0082742984
25.0082742984
25.0082742984
25.0082742984
0.509556175793
0.507990169365
25.0082742984
25.0082742984
25.0082742984
25.0082742984
25.0082742984
25.0082742984
25.0082742984
25.0082742984
25.0082742984
25.0082742984
143.935485808
143.935485808
143.935485808
0.633945918525
143.935485808
143.935485808
143.935485808
143.935485808
143.935485808
143.935485808
143.935485808
143.935485808
143.935485808
143.935485808
143.935485808
143.935485808
143.935485808
143.935485808
143.935485808
143.935485808
41.1815966301
0.496550392686
41.1815966301
0.496550392686
0.496550392686
0.496550392686
0.496550392686
0.496550392686
0.496550392686
0.496550392686
0.496550392686
0.496550392686
0.496550392686
0.496550392686
0.496550392686
0.475530360178
0.496550392686
0.47447698374
0.502168013886
0.501357493596
104.590456966
104.590456966
104.590456966
0.390428844568
0.613195607579
0.317104291632
104.590456966
104.590456966
104.590456966
104.590456966
104.590456966
104.590456966
104.590456966
104.590456966
104.590456966
104.590456966
104.590456966
104.590456966
104.590456966
104.590456966
88.4068693899
0.524959732516
0.517295501551
0.621817371321
0.621817371321
0.621817371321
0.621817371321
0.621817371321
0.621817371321
0.621817371321
0.614879204489
0.575828105096
0.500674541547
0.520662586141
0.532420394188
0.621817371321
0.546813668844
0.485348229965
0.490648461897
0.532651618382
11.7948340677
0.499825760605
11.7948340677
11.7948340677
11.7948340677
11.7948340677
11.7948340677
11.7948340677
11.7948340677
11.7948340677
11.7948340677
11.7948340677
11.7948340677
11.7948340677
11.7948340677
11.7948340677
11.7948340677
11.7948340677
11.7948340677
11.7948340677
56.128537997
56.128537997
56.128537997
0.580874273825
56.128537997
0.552772596543
0.57836790243
0.540476501308
0.540476501308
0.540476501308
0.540476501308
0.540476501308
0.57836790243
0.590261734593
0.583914110176
0.558849821747
0.563786704018
0.518341935978
0.514146858792
0.516235600678
823.587497013
2.57871823304
823.587497013
823.587497013
823.587497013
823.587497013
823.587497013
823.587497013
823.587497013
823.587497013
823.587497013
1.30214896149
1.05523661797
1.05327982007
1.57755229119
2.57871823304
2.57871823304
823.587497013
823.587497013
823.587497013
24.4561390017
24.4561390017
24.4561390017
24.4561390017
24.4561390017
24.4561390017
24.4561390017
24.4561390017
24.4561390017
24.4561390017
24.4561390017
24.4561390017
24.4561390017
24.4561390017
24.4561390017
24.4561390017
24.4561390017
24.4561390017
24.4561390017
24.4561390017
23.3103026101
0.230565889565
0.230565889565
0.230565889565
0.230565889565
0.230565889565
0.230565889565
0.230565889565
0.230565889565
0.230565889565
0.230565889565
0.230565889565
0.230565889565
0.230565889565
0.230565889565
0.230565889565
0.230565889565
0.230565889565
0.230565889565
0.230565889565
100.470175759
0.499198607504
100.470175759
0.75786913677
0.562213272342
0.523961967301
0.563585124811
0.510491543527
0.557114283028
0.504577415131
0.502533277954
0.502533277954
0.600381663645
100.470175759
100.470175759
100.470175759
100.470175759
100.470175759
100.470175759
100.470175759
0.0
3.0236426612e-05
0.0
0.0
0.0
0.0
2.18983741536e-05
2.18983741536e-05
2.03562061895e-05
2.03562061895e-05
2.03562061895e-05
2.18983741536e-05
2.03562061895e-05
1.73027387212e-05
1.73027387212e-05
1.73027387212e-05
1.73027387212e-05
2.03562061895e-05
2.03562061895e-05
1.73027387212e-05
0.0
1.34068250637e-05
0.0
0.0
0.0
0.0
0.0
0.0
0.0
0.0
0.0
0.0
0.0
0.0
0.0
0.0
0.0
0.0
0.0
48.5426330638
0.521751011404
48.5426330638
0.521751011404
48.5426330638
48.5426330638
48.5426330638
48.5426330638
48.5426330638
0.505703899316
0.468473925034
0.502969636957
48.5426330638
48.5426330638
48.5426330638
48.5426330638
48.5426330638
48.5426330638
48.5426330638
48.5426330638
10.4962819889
0.49868953685
0.49868953685
0.49868953685
0.49868953685
0.49868953685
0.49868953685
0.507430145245
0.506575812957
0.504977892315
0.504023822235
0.504977892315
10.4962819889
10.4962819889
10.4962819889
10.4962819889
10.4962819889
0.531195614788
0.529343014283
0.542200672118
19.3991479547
19.3991479547
19.3991479547
19.3991479547
19.3991479547
19.3991479547
19.3991479547
19.3991479547
19.3991479547
19.3991479547
19.3991479547
19.3991479547
19.3991479547
19.3991479547
0.513075290359
0.508557158611
0.513075290359
0.508557158611
0.513075290359
0.514025083679
115.114433038
0.693508793269
115.114433038
115.114433038
115.114433038
115.114433038
115.114433038
115.114433038
115.114433038
115.114433038
115.114433038
115.114433038
115.114433038
115.114433038
115.114433038
115.114433038
115.114433038
115.114433038
0.566006196157
0.634089881751
45.5816456931
45.5816456931
45.5816456931
45.5816456931
45.5816456931
45.5816456931
45.5816456931
45.5816456931
45.5816456931
45.5816456931
45.5816456931
45.5816456931
45.5816456931
45.5816456931
45.5816456931
45.5816456931
45.5816456931
45.5816456931
45.5816456931
45.5816456931
695.085248326
695.085248326
1.89039548079
695.085248326
695.085248326
695.085248326
695.085248326
695.085248326
695.085248326
695.085248326
695.085248326
695.085248326
695.085248326
695.085248326
695.085248326
695.085248326
695.085248326
695.085248326
695.085248326
695.085248326
380.82906694
380.82906694
380.82906694
380.82906694
380.82906694
380.82906694
380.82906694
380.82906694
380.82906694
380.82906694
380.82906694
380.82906694
380.82906694
380.82906694
380.82906694
380.82906694
380.82906694
380.82906694
380.82906694
380.82906694
Policy optimalities
0.2
0.2
0.2
0.2
0.2
0.2
0.2
0.2
0.2
0.2
0.2
0.2
0.2
0.2
0.2
0.2
0.2
0.2
0.2
0.2
0.2
0.2
0.2
0.2
0.2
0.2
0.2
0.2
0.2
0.2
0.2
0.2
0.2
0.2
0.2
0.2
0.2
0.2
0.2
0.2
0.2
0.2
0.2
0.2
0.2
0.2
0.2
0.2
0.2
0.2
0.2
0.2
0.2
0.2
0.2
0.2
0.2
0.2
0.2
0.2
0.2
0.2
0.2
0.2
0.2
0.2
0.2
0.2
0.2
0.2
0.2
0.2
0.2
0.2
0.2
0.2
0.2
0.2
0.2
0.2
0.2
0.2
0.2
0.2
0.2
0.2
0.2
0.2
0.2
0.2
0.2
0.2
0.2
0.2
0.2
0.2
0.2
0.2
0.2
0.2
0.2
0.2
0.2
0.2
0.2
0.2
0.2
0.2
0.2
0.2
0.2
0.2
0.2
0.2
0.2
0.2
0.2
0.2
0.2
0.2
0.2
0.2
0.2
0.2
0.2
0.2
0.2
0.2
0.2
0.2
0.2
0.2
0.2
0.2
0.2
0.2
0.2
0.2
0.2
0.2
0.2
0.2
0.2
0.2
0.2
0.2
0.2
0.2
0.2
0.2
0.2
0.2
0.2
0.2
0.2
0.2
0.2
0.2
0.2
0.2
0.2
0.2
0.2
0.2
0.2
0.2
0.2
0.2
0.2
0.2
0.2
0.2
0.2
0.2
0.2
0.2
0.2
0.2
0.2
0.2
0.2
0.2
0.2
0.2
0.2
0.2
0.2
0.2
0.2
0.2
0.2
0.2
0.2
0.2
0.2
0.2
0.2
0.2
0.2
0.2
0.2
0.2
0.2
0.2
0.2
0.2
0.2
0.2
0.2
0.2
0.2
0.2
0.2
0.2
0.2
0.2
0.2
0.2
0.2
0.2
1.0
0.2
1.0
1.0
1.0
1.0
0.2
0.2
0.2
0.2
0.2
0.2
0.2
0.2
0.2
0.2
0.2
0.2
0.2
0.2
1.0
0.2
1.0
1.0
1.0
1.0
1.0
1.0
1.0
1.0
1.0
1.0
1.0
1.0
1.0
1.0
1.0
1.0
1.0
0.2
0.2
0.2
0.2
0.2
0.2
0.2
0.2
0.2
0.2
0.2
0.2
0.2
0.2
0.2
0.2
0.2
0.2
0.2
0.2
0.2
0.2
0.2
0.2
0.2
0.2
0.2
0.2
0.2
0.2
0.2
0.2
0.2
0.2
0.2
0.2
0.2
0.2
0.2
0.2
0.2
0.2
0.2
0.2
0.2
0.2
0.2
0.2
0.2
0.2
0.2
0.2
0.2
0.2
0.2
0.2
0.2
0.2
0.2
0.2
0.2
0.2
0.2
0.2
0.2
0.2
0.2
0.2
0.2
0.2
0.2
0.2
0.2
0.2
0.2
0.2
0.2
0.2
0.2
0.2
0.2
0.2
0.2
0.2
0.2
0.2
0.2
0.2
0.2
0.2
0.2
0.2
0.2
0.2
0.2
0.2
0.2
0.2
0.2
0.2
0.2
0.2
0.2
0.2
0.2
0.2
0.2
0.2
0.2
0.2
0.2
0.2
0.2
0.2
0.2
0.2
0.2
0.2
0.2
0.2
0.2
0.2
0.2
0.2
0.2
0.2
0.2
0.2
0.2
0.2
0.2
0.2
0.2
0.2
0.2
0.2
0.2
0.2
0.2
0.2
Accuracy
1.0
Confusion matrices
[[399, 0], [1, 0]]
**************************************************
