NEW THRESHOLD 0.5
Policy loss bounds
0.387068895646
0.402923941228
0.270913549216
0.208143711685
0.439246097721
0.149279643703
0.281713786775
0.363856237643
0.174201160104
0.0585599671934
0.0870195355679
0.0884944457753
0.0967597142017
0.0971888991719
0.0731030919255
0.0230943856032
0.0573000073867
0.0259442587636
0.450992040444
0.372944764241
0.263106611541
0.443565287041
0.33666237553
0.241430038519
0.376012059949
0.412335015093
0.204005653727
0.431270802395
0.139053825991
0.0670326294498
0.195901003014
0.0721346236952
0.043842247282
0.0701515514103
0.00133647874351
0.0126602424319
0.00279297802037
0.032417917433
0.0222973462155
0.00239385094347
0.314081091254
0.228620363805
0.0171510838811
0.028922817354
0.0186133233999
0.0149636273349
0.0203071051148
0.017935793675
0.00694598364988
0.011650536462
0.357260642572
0.497358581942
0.0178319612549
0.109262543022
0.00567253055089
0.0189331589593
0.00797870508694
0.00689990923064
0.00212910535666
0.00249363893678
0.00258825870474
0.000557473872361
0.00173096040143
0.000519744749822
0.000856546482544
0.00167142120363
0.00124899065587
0.321436736279
0.42478250257
0.462704978972
0.148493476201
0.0861574163751
0.187632780981
0.318621748483
0.121182022149
0.00942095857203
0.0330412202872
0.000453393005034
0.00034467171394
0.000883508361058
0.000442477770424
0.000211019566465
0.00040897701606
0.0299555461645
7.07259367322e-05
0.000992298748113
0.000252379509393
0.19559403261
0.270986025448
0.213365347094
0.13739716031
0.146141072572
0.248875021969
0.354187542915
0.471385936856
0.391217233765
0.118202659834
0.110476695148
0.0211244181218
0.0507609934278
0.107315077258
0.00769807701221
0.0150877302334
0.029773643092
0.00274885054099
0.227203983241
0.00283235520406
0.00434470129388
0.381354154554
0.151282744861
0.354623126964
0.364266012988
0.417269922089
0.340291930933
0.399431906643
0.281321525553
0.0216684378049
0.0744992208617
0.0489052044497
0.0913862572628
0.0189982007293
0.00887713867067
0.0184765326439
0.00306411077306
0.00145064480975
0.00221116489586
0.00277007572387
0.000873194914561
0.00182819657947
0.00178907119428
0.482840440944
0.466192525176
0.245160451748
0.281585585987
0.141682621989
0.337228631706
0.115899064807
0.107558931533
0.0668264179395
0.196455564475
0.0939428489836
0.00950101801675
0.00381692061602
0.00500068909516
0.00271850908479
0.00256230444497
0.00346822832879
0.00164085325244
0.0
3.46109124986e-06
0.000285333169329
0.498147557185
0.473245714755
0.379936184555
0.449879637716
0.268516151144
0.248374423957
0.297264125743
0.278691218916
0.244554169499
0.235538170521
0.215241280458
0.210591921979
0.37009324954
0.0580001149358
0.183216231709
0.415548766614
0.313156581939
0.426002409252
0.186486263318
0.185394950907
0.147041161172
0.155258254263
0.0242337374804
0.00383574643071
0.0593727984765
0.0148488427957
0.0297885411946
0.0386526125608
0.0125989871717
0.02689884279
0.0384806067164
0.0107453024307
0.425680463607
0.39023324765
0.303117754811
0.245120625205
0.271367123103
0.372982844711
0.267713945821
0.284907622007
0.301129710596
0.31971877031
0.266213918199
0.211764379016
0.148116725285
0.23341624876
0.148305252947
0.183555556463
0.23075155798
0.179366398753
0.210968114776
0.204254365375
0.186144158685
0.0621960798889
0.413513133426
0.461835932999
0.416226199985
0.342282469363
0.475920379247
0.233139974289
0.375179231541
0.434010687929
0.495402360467
0.205599635307
0.100091400103
0.315492478922
0.114268743716
0.138255394515
0.0685786673017
0.223071707377
0.051481872436
0.0635440300168
0.00853814442923
0.439842591397
0.318827852928
0.475230382089
0.365150278829
0.390618767687
0.170381352064
0.193589288286
0.0393986060344
0.475684856496
0.18252243616
0.244720524528
0.0637003342677
0.0411597823207
0.0645557049735
0.0397809311645
0.0382073068994
0.0193102187472
0.028871655873
0.00450534263023
0.0410157902599
0.00115834398901
0.463889399563
0.464688393621
0.352351573574
0.204880793731
0.213118473616
0.303323854194
0.236643174423
0.256596766299
0.213235955462
0.189089721595
0.125742896588
0.22675471906
0.215312127206
0.3033783662
0.492948589616
0.357411085501
0.499283617962
0.468869014538
0.313109789535
0.320091654462
0.156550576917
0.196237604075
0.180505758314
0.0648520285092
0.0334874719698
0.015778498284
0.00235634904246
0.0134790971301
0.000791061031812
0.00153242274397
0.00077626618809
0.00655397969285
0.000407568481077
0.0198817323656
0.00140298853402
0.224622608357
0.0769797679134
0.0630055974995
0.130661966879
0.25349092808
0.304945144101
0.0140501064927
0.00380411295404
0.0021310382422
0.00313960147765
0.00140672688939
0.00185420807772
0.00137684912837
0.000584948550952
0.000356449192557
0.0
0.000595796268873
0.000378220788169
0.000289689958779
0.000135536672943
0.0
0.476405134275
0.374703319068
0.37686601106
0.138742121712
0.300575658625
0.181575338965
0.122134266792
0.0634655422465
0.0683141602254
0.143686124663
0.177594499904
0.0503636359915
0.103446257082
0.0631937565765
0.00155204969494
0.447674117193
0.139210461529
0.390970003748
0.115064516938
0.193572293703
0.272674840741
0.0170878596885
0.0133813059204
0.0648383000796
0.158434755008
0.0318563604434
0.0373204167752
0.0885388931762
0.0322715098633
0.010920306064
0.324598521779
0.38700760249
0.215240153585
0.198523463853
0.232859447389
0.200016516812
0.175961836956
0.168793570323
0.19931791135
0.0764338183724
0.106023312933
0.0437586499019
0.233747675343
0.0775190575346
0.0731582457955
0.0853333797672
0.129358538773
0.104998042193
0.0278943330734
0.034423105695
0.405388344576
0.40391429844
0.313868406233
0.494639267726
0.254945985519
0.177155849285
0.184535732323
0.221000391804
0.0320663926968
0.0867940710783
0.0423847489483
0.154076001963
0.065169238021
0.0922827154491
0.0444201016839
0.00180081817168
0.0561188863953
0.0177484299749
0.0135052645517
Num demos
4
5
8
9
10
11
13
14
16
17
18
19
20
21
22
23
24
25
4
5
6
7
8
9
10
11
12
13
14
15
16
17
18
19
20
21
22
23
24
25
16
17
18
19
20
21
22
23
24
25
7
9
11
12
13
14
15
16
17
18
19
20
21
22
23
24
25
4
7
8
9
10
11
12
13
14
15
16
17
18
19
20
21
22
23
24
25
4
5
6
7
8
9
10
11
12
14
15
16
17
18
19
20
21
22
23
24
25
4
5
6
7
8
9
10
11
12
13
14
15
16
17
18
19
20
21
22
23
24
25
4
5
6
7
8
10
11
12
13
14
15
16
17
18
19
20
21
22
23
24
25
4
5
6
8
15
16
17
18
19
20
21
22
23
24
25
8
9
11
12
13
14
15
16
17
18
19
20
21
22
23
24
25
4
5
6
7
8
9
10
11
12
13
14
15
16
17
18
19
20
21
22
23
24
25
5
6
7
8
9
10
11
13
15
16
17
18
19
20
21
22
23
24
25
4
5
6
8
9
10
11
12
13
14
15
16
17
18
19
20
21
22
23
24
25
9
11
12
14
15
17
18
19
20
21
22
23
24
25
5
6
7
8
9
10
11
12
13
14
15
16
17
18
19
20
21
22
23
24
25
4
6
7
8
9
10
11
12
13
14
15
16
17
18
19
20
21
22
23
24
25
8
9
13
14
15
16
17
18
19
20
21
22
23
24
25
11
12
13
14
15
16
17
18
19
20
21
22
23
24
25
6
7
8
9
10
11
12
13
14
15
16
17
18
19
20
21
22
23
24
25
7
8
9
10
11
12
13
14
15
16
17
18
19
20
21
22
23
24
25
Percent states
0.16
0.2
0.32
0.36
0.4
0.44
0.52
0.56
0.64
0.68
0.72
0.76
0.8
0.84
0.88
0.92
0.96
1.0
0.16
0.2
0.24
0.28
0.32
0.36
0.4
0.44
0.48
0.52
0.56
0.6
0.64
0.68
0.72
0.76
0.8
0.84
0.88
0.92
0.96
1.0
0.64
0.68
0.72
0.76
0.8
0.84
0.88
0.92
0.96
1.0
0.28
0.36
0.44
0.48
0.52
0.56
0.6
0.64
0.68
0.72
0.76
0.8
0.84
0.88
0.92
0.96
1.0
0.16
0.28
0.32
0.36
0.4
0.44
0.48
0.52
0.56
0.6
0.64
0.68
0.72
0.76
0.8
0.84
0.88
0.92
0.96
1.0
0.16
0.2
0.24
0.28
0.32
0.36
0.4
0.44
0.48
0.56
0.6
0.64
0.68
0.72
0.76
0.8
0.84
0.88
0.92
0.96
1.0
0.16
0.2
0.24
0.28
0.32
0.36
0.4
0.44
0.48
0.52
0.56
0.6
0.64
0.68
0.72
0.76
0.8
0.84
0.88
0.92
0.96
1.0
0.16
0.2
0.24
0.28
0.32
0.4
0.44
0.48
0.52
0.56
0.6
0.64
0.68
0.72
0.76
0.8
0.84
0.88
0.92
0.96
1.0
0.16
0.2
0.24
0.32
0.6
0.64
0.68
0.72
0.76
0.8
0.84
0.88
0.92
0.96
1.0
0.32
0.36
0.44
0.48
0.52
0.56
0.6
0.64
0.68
0.72
0.76
0.8
0.84
0.88
0.92
0.96
1.0
0.16
0.2
0.24
0.28
0.32
0.36
0.4
0.44
0.48
0.52
0.56
0.6
0.64
0.68
0.72
0.76
0.8
0.84
0.88
0.92
0.96
1.0
0.2
0.24
0.28
0.32
0.36
0.4
0.44
0.52
0.6
0.64
0.68
0.72
0.76
0.8
0.84
0.88
0.92
0.96
1.0
0.16
0.2
0.24
0.32
0.36
0.4
0.44
0.48
0.52
0.56
0.6
0.64
0.68
0.72
0.76
0.8
0.84
0.88
0.92
0.96
1.0
0.36
0.44
0.48
0.56
0.6
0.68
0.72
0.76
0.8
0.84
0.88
0.92
0.96
1.0
0.2
0.24
0.28
0.32
0.36
0.4
0.44
0.48
0.52
0.56
0.6
0.64
0.68
0.72
0.76
0.8
0.84
0.88
0.92
0.96
1.0
0.16
0.24
0.28
0.32
0.36
0.4
0.44
0.48
0.52
0.56
0.6
0.64
0.68
0.72
0.76
0.8
0.84
0.88
0.92
0.96
1.0
0.32
0.36
0.52
0.56
0.6
0.64
0.68
0.72
0.76
0.8
0.84
0.88
0.92
0.96
1.0
0.44
0.48
0.52
0.56
0.6
0.64
0.68
0.72
0.76
0.8
0.84
0.88
0.92
0.96
1.0
0.24
0.28
0.32
0.36
0.4
0.44
0.48
0.52
0.56
0.6
0.64
0.68
0.72
0.76
0.8
0.84
0.88
0.92
0.96
1.0
0.28
0.32
0.36
0.4
0.44
0.48
0.52
0.56
0.6
0.64
0.68
0.72
0.76
0.8
0.84
0.88
0.92
0.96
1.0
True EVDs
0.195089441611
0.191362261229
0.189850682519
0.195342061615
0.188194157905
0.189850682519
0.102415561353
0.102415561353
5.53671017353e-08
5.53671017353e-08
5.53671017353e-08
5.53671017353e-08
5.53671017353e-08
5.53671017353e-08
5.53671017353e-08
5.53671017353e-08
5.53671017353e-08
5.53671017353e-08
0.0958008982743
0.000854230500212
0.000854230500212
0.000854230500212
0.000854230500212
0.000824774276066
0.0
0.0
0.0
0.0
0.0
0.0
0.0
0.0
0.0
0.0
0.0
0.0
0.0
0.0
0.0
0.0
0.000343795789812
0.000343795789812
0.000545486908726
0.000545486908726
0.000545486908726
0.000545486908726
0.000545486908726
0.000545486908726
0.0
0.0
0.0
0.0
0.00021152984966
0.00021152984966
0.00021152984966
0.00021152984966
0.0
0.00021152984966
0.00021152984966
0.00021152984966
0.0
0.0
0.0
0.0
0.0
0.0
0.0
0.0
0.0860110171052
0.0860110171052
0.0
0.0
0.0
0.0
0.0
0.0
0.0
0.0
0.0
0.0
0.0
0.0
0.0
0.0
0.0
0.0
0.0
0.29911134815
0.29911134815
0.297852672253
0.29911134815
0.297852672253
0.297852672253
0.00091560273888
0.00091560273888
0.00109894597306
0.00091560273888
0.00091560273888
0.00091560273888
0.00091560273888
4.14777897428e-06
4.14777897428e-06
0.00091560273888
4.14777897428e-06
0.00091560273888
0.00091560273888
0.00091560273888
4.14777897428e-06
0.171634888473
1.48691689427e-08
0.0149411811467
0.0114167289179
0.0114167289179
0.00317073409438
0.00317073409438
0.0114167289179
0.0114167289179
0.0114167289179
0.0114167289179
1.48691689427e-08
1.48691689427e-08
1.48691689427e-08
1.48691689427e-08
1.48691689427e-08
1.48691689427e-08
1.48691689427e-08
1.48691689427e-08
1.48691689427e-08
1.48691689427e-08
1.48691689427e-08
0.0
0.0
0.0
0.0
0.0
0.0
0.0
0.0
0.0
0.0
0.0
0.0
0.0
0.0
0.0
0.0
0.0
0.0
0.0
0.0
0.0
0.340049344229
0.346267674171
0.356933220438
0.342914217666
0.156896285808
1.41546657094e-07
1.41546657094e-07
1.41546657094e-07
1.41546657094e-07
1.41546657094e-07
1.41546657094e-07
0.062402665506
0.062402665506
1.41546657094e-07
1.41546657094e-07
0.000344708435829
0.0
0.0
0.0
0.0
0.0
0.0
0.0
0.0
0.0
0.0
0.0
0.0
0.0
0.0
0.0
0.0
0.0104082055056
0.114453605399
0.0
0.0
0.00488180621648
0.0
0.0
0.0
0.0
0.0
0.0
0.114453605399
0.114453605399
0.0
0.114453605399
0.114453605399
0.0
0.0
0.0
0.0
0.0
0.0
0.226609317365
0.23132028295
0.23132028295
0.226609317365
0.226609317365
0.226609317365
0.226609317365
0.22298708499
0.22298708499
0.0
0.0
0.0
0.0
0.0
0.0
0.0
0.0
0.0
0.0
0.001028682532
0.273385958619
0.248289882032
0.248289882032
0.248289882032
0.0
0.0
0.0
0.0
0.0
0.0
0.0
0.0
0.0
0.0
0.0
0.0
0.0
0.0
0.0
0.0
0.0436670883288
0.0436670883288
0.0436670883288
0.0432095217287
0.0436670883288
8.19336577392e-08
0.042630656575
0.042630656575
0.042630656575
8.19336577392e-08
8.19336577392e-08
8.19336577392e-08
0.0390445041633
8.19336577392e-08
0.275969234618
0.275969234618
0.275969234618
0.000858409147188
0.000858409147188
0.000858409147188
0.0
0.0
0.0
0.0
0.0
0.0
0.0
0.0
0.0
0.0
0.0
0.0
0.0
0.0
0.0
0.0
0.0
0.0
0.0
0.0
0.0
0.0
0.0
0.0
0.0
0.0
0.0
0.0
0.0
0.0
0.0
0.0
0.0
0.0
0.0
0.0
0.211949971494
0.211949971494
0.0
0.0
0.0
0.0
0.0
0.0
0.0
0.0
0.0
0.0
0.0
0.0
0.0
0.0116556364011
5.15141165467e-08
5.15141165467e-08
5.15141165467e-08
5.15141165467e-08
5.15141165467e-08
5.15141165467e-08
5.15141165467e-08
5.15141165467e-08
5.15141165467e-08
5.15141165467e-08
5.15141165467e-08
5.15141165467e-08
5.15141165467e-08
5.15141165467e-08
0.00533375221426
0.00533375221426
1.10454598904e-07
1.10454598904e-07
1.10454598904e-07
1.10454598904e-07
1.10454598904e-07
1.10454598904e-07
1.10454598904e-07
1.10454598904e-07
1.10454598904e-07
1.10454598904e-07
1.10454598904e-07
1.10454598904e-07
1.10454598904e-07
1.10454598904e-07
1.10454598904e-07
1.10454598904e-07
1.10454598904e-07
1.10454598904e-07
0.0713436171857
0.0713436171857
0.0713436171857
0.142616901376
0.0713436171857
0.0713436171857
0.0713436171857
0.0713436171857
3.68214577157e-08
3.68214577157e-08
3.68214577157e-08
3.68214577157e-08
3.68214577157e-08
3.68214577157e-08
3.68214577157e-08
3.68214577157e-08
3.68214577157e-08
3.68214577157e-08
3.68214577157e-08
Bound errors
0.191979454035
0.211561679998
0.0810628666969
0.01280165007
0.251051939816
-0.0405710388158
0.179298225421
0.26144067629
0.174201104737
0.0585599118263
0.0870194802008
0.0884943904082
0.0967596588346
0.0971888438048
0.0731030365584
0.023094330236
0.0572999520196
0.0259442033965
0.35519114217
0.372090533741
0.262252381041
0.442711056541
0.33580814503
0.240605264243
0.376012059949
0.412335015093
0.204005653727
0.431270802395
0.139053825991
0.0670326294498
0.195901003014
0.0721346236952
0.043842247282
0.0701515514103
0.00133647874351
0.0126602424319
0.00279297802037
0.032417917433
0.0222973462155
0.00239385094347
0.313737295464
0.228276568015
0.0166055969724
0.0283773304453
0.0180678364912
0.0144181404262
0.019761618206
0.0173903067663
0.00694598364988
0.011650536462
0.357260642572
0.497358581942
0.0176204314053
0.109051013172
0.00546100070123
0.0187216291096
0.00797870508694
0.00668837938097
0.001917575507
0.00228210908712
0.00258825870474
0.000557473872361
0.00173096040143
0.000519744749822
0.000856546482544
0.00167142120363
0.00124899065587
0.321436736279
0.338771485465
0.376693961867
0.148493476201
0.0861574163751
0.187632780981
0.318621748483
0.121182022149
0.00942095857203
0.0330412202872
0.000453393005034
0.00034467171394
0.000883508361058
0.000442477770424
0.000211019566465
0.00040897701606
0.0299555461645
7.07259367322e-05
0.000992298748113
0.000252379509393
-0.10351731554
-0.0281253227013
-0.0844873251581
-0.161714187839
-0.151711599681
-0.0489776502834
0.353271940176
0.470470334117
0.390118287792
0.117287057095
0.109561092409
0.0202088153829
0.0498453906889
0.107310929479
0.00769392923323
0.0141721274945
0.029769495313
0.00183324780211
0.226288380502
0.00191675246518
0.00434055351491
0.209719266081
0.151282729992
0.339681945817
0.35284928407
0.405853193171
0.337121196838
0.396261172549
0.269904796635
0.010251708887
0.0630824919437
0.0374884755317
0.0913862423936
0.0189981858601
0.0088771238015
0.0184765177747
0.00306409590389
0.00145062994058
0.00221115002669
0.0027700608547
0.000873180045392
0.0018281817103
0.00178905632511
0.482840440944
0.466192525176
0.245160451748
0.281585585987
0.141682621989
0.337228631706
0.115899064807
0.107558931533
0.0668264179395
0.196455564475
0.0939428489836
0.00950101801675
0.00381692061602
0.00500068909516
0.00271850908479
0.00256230444497
0.00346822832879
0.00164085325244
0.0
3.46109124986e-06
0.000285333169329
0.158098212956
0.126978040584
0.0230029641178
0.10696542005
0.111619865336
0.24837428241
0.297263984196
0.278691077369
0.244554027952
0.235538028974
0.215241138911
0.148189256473
0.307690584034
0.0579999733891
0.183216090162
0.415204058178
0.313156581939
0.426002409252
0.186486263318
0.185394950907
0.147041161172
0.155258254263
0.0242337374804
0.00383574643071
0.0593727984765
0.0148488427957
0.0297885411946
0.0386526125608
0.0125989871717
0.02689884279
0.0384806067164
0.0107453024307
0.415272258102
0.275779642252
0.303117754811
0.245120625205
0.266485316886
0.372982844711
0.267713945821
0.284907622007
0.301129710596
0.31971877031
0.266213918199
0.0973107736173
0.033663119886
0.23341624876
0.0338516475485
0.069101951064
0.23075155798
0.179366398753
0.210968114776
0.204254365375
0.186144158685
0.0621960798889
0.186903816062
0.230515650049
0.184905917036
0.115673151998
0.249311061883
0.00653065692463
0.148569914176
0.211023602939
0.272415275477
0.205599635307
0.100091400103
0.315492478922
0.114268743716
0.138255394515
0.0685786673017
0.223071707377
0.051481872436
0.0635440300168
0.00853814442923
0.438813908865
0.0454418943089
0.226940500058
0.116860396797
0.142328885656
0.170381352064
0.193589288286
0.0393986060344
0.475684856496
0.18252243616
0.244720524528
0.0637003342677
0.0411597823207
0.0645557049735
0.0397809311645
0.0382073068994
0.0193102187472
0.028871655873
0.00450534263023
0.0410157902599
0.00115834398901
0.420222311235
0.421021305292
0.308684485245
0.161671272002
0.169451385287
0.30332377226
0.194012517848
0.213966109724
0.170605298887
0.189089639662
0.125742814655
0.226754637126
0.176267623043
0.303378284267
0.216979354998
0.0814418508831
0.223314383343
0.468010605391
0.312251380388
0.319233245314
0.156550576917
0.196237604075
0.180505758314
0.0648520285092
0.0334874719698
0.015778498284
0.00235634904246
0.0134790971301
0.000791061031812
0.00153242274397
0.00077626618809
0.00655397969285
0.000407568481077
0.0198817323656
0.00140298853402
0.224622608357
0.0769797679134
0.0630055974995
0.130661966879
0.25349092808
0.304945144101
0.0140501064927
0.00380411295404
0.0021310382422
0.00313960147765
0.00140672688939
0.00185420807772
0.00137684912837
0.000584948550952
0.000356449192557
0.0
0.000595796268873
0.000378220788169
0.000289689958779
0.000135536672943
0.0
0.264455162781
0.162753347574
0.37686601106
0.138742121712
0.300575658625
0.181575338965
0.122134266792
0.0634655422465
0.0683141602254
0.143686124663
0.177594499904
0.0503636359915
0.103446257082
0.0631937565765
0.00155204969494
0.436018480792
0.139210410015
0.390969952234
0.115064465424
0.193572242188
0.272674789227
0.0170878081744
0.0133812544063
0.0648382485654
0.158434703494
0.0318563089293
0.037320365261
0.0885388416621
0.0322714583491
0.0109202545499
0.319264769565
0.381673850276
0.21524004313
0.198523353398
0.232859336934
0.200016406358
0.175961726502
0.168793459869
0.199317800895
0.0764337079178
0.106023202479
0.0437585394473
0.233747564889
0.07751894708
0.0731581353409
0.0853332693126
0.129358428319
0.104997931739
0.0278942226188
0.0344229952404
0.33404472739
0.332570681254
0.242524789047
0.35202236635
0.183602368334
0.105812232099
0.113192115137
0.149656774618
0.0320663558753
0.0867940342568
0.0423847121269
0.154075965141
0.0651692011995
0.0922826786276
0.0444200648625
0.00180078135023
0.0561188495738
0.0177483931535
0.0135052277302
Policy optimalities
0.64
0.68
0.72
0.68
0.76
0.72
0.92
0.92
1.0
1.0
1.0
1.0
1.0
1.0
1.0
1.0
1.0
1.0
0.88
0.96
0.96
0.96
0.96
0.96
1.0
1.0
1.0
1.0
1.0
1.0
1.0
1.0
1.0
1.0
1.0
1.0
1.0
1.0
1.0
1.0
0.96
0.96
0.96
0.96
0.96
0.96
0.96
0.96
1.0
1.0
1.0
1.0
0.96
0.96
0.96
0.96
1.0
0.96
0.96
0.96
1.0
1.0
1.0
1.0
1.0
1.0
1.0
1.0
0.84
0.84
1.0
1.0
1.0
1.0
1.0
1.0
1.0
1.0
1.0
1.0
1.0
1.0
1.0
1.0
1.0
1.0
1.0
0.72
0.72
0.76
0.72
0.76
0.76
0.96
0.96
0.92
0.96
0.96
0.96
0.96
1.0
1.0
0.96
1.0
0.96
0.96
0.96
1.0
0.84
1.0
0.84
0.88
0.88
0.96
0.96
0.88
0.88
0.88
0.88
1.0
1.0
1.0
1.0
1.0
1.0
1.0
1.0
1.0
1.0
1.0
1.0
1.0
1.0
1.0
1.0
1.0
1.0
1.0
1.0
1.0
1.0
1.0
1.0
1.0
1.0
1.0
1.0
1.0
1.0
1.0
1.0
0.72
0.64
0.56
0.72
0.92
1.0
1.0
1.0
1.0
1.0
1.0
0.96
0.96
1.0
1.0
0.96
1.0
1.0
1.0
1.0
1.0
1.0
1.0
1.0
1.0
1.0
1.0
1.0
1.0
1.0
1.0
1.0
0.84
0.96
1.0
1.0
0.92
1.0
1.0
1.0
1.0
1.0
1.0
0.96
0.96
1.0
0.96
0.96
1.0
1.0
1.0
1.0
1.0
1.0
0.84
0.8
0.8
0.84
0.84
0.84
0.84
0.88
0.88
1.0
1.0
1.0
1.0
1.0
1.0
1.0
1.0
1.0
1.0
0.96
0.76
0.84
0.84
0.84
1.0
1.0
1.0
1.0
1.0
1.0
1.0
1.0
1.0
1.0
1.0
1.0
1.0
1.0
1.0
1.0
0.8
0.8
0.8
0.84
0.8
1.0
0.96
0.96
0.96
1.0
1.0
1.0
0.92
1.0
0.84
0.84
0.84
0.96
0.96
0.96
1.0
1.0
1.0
1.0
1.0
1.0
1.0
1.0
1.0
1.0
1.0
1.0
1.0
1.0
1.0
1.0
1.0
1.0
1.0
1.0
1.0
1.0
1.0
1.0
1.0
1.0
1.0
1.0
1.0
1.0
1.0
1.0
1.0
1.0
1.0
1.0
0.84
0.84
1.0
1.0
1.0
1.0
1.0
1.0
1.0
1.0
1.0
1.0
1.0
1.0
1.0
0.88
1.0
1.0
1.0
1.0
1.0
1.0
1.0
1.0
1.0
1.0
1.0
1.0
1.0
1.0
0.96
0.96
1.0
1.0
1.0
1.0
1.0
1.0
1.0
1.0
1.0
1.0
1.0
1.0
1.0
1.0
1.0
1.0
1.0
1.0
0.92
0.92
0.92
0.88
0.92
0.92
0.92
0.92
1.0
1.0
1.0
1.0
1.0
1.0
1.0
1.0
1.0
1.0
1.0
Policy accuracies
0.64
0.68
0.72
0.68
0.76
0.72
0.92
0.92
1.0
1.0
1.0
1.0
1.0
1.0
1.0
1.0
1.0
1.0
0.88
0.96
0.96
0.96
0.96
0.96
1.0
1.0
1.0
1.0
1.0
1.0
1.0
1.0
1.0
1.0
1.0
1.0
1.0
1.0
1.0
1.0
0.96
0.96
0.96
0.96
0.96
0.96
0.96
0.96
1.0
1.0
1.0
1.0
0.96
0.96
0.96
0.96
1.0
0.96
0.96
0.96
1.0
1.0
1.0
1.0
1.0
1.0
1.0
1.0
0.84
0.84
1.0
1.0
1.0
1.0
1.0
1.0
1.0
1.0
1.0
1.0
1.0
1.0
1.0
1.0
1.0
1.0
1.0
0.72
0.72
0.76
0.72
0.76
0.76
0.96
0.96
0.92
0.96
0.96
0.96
0.96
1.0
1.0
0.96
1.0
0.96
0.96
0.96
1.0
0.84
1.0
0.84
0.88
0.88
0.96
0.96
0.88
0.88
0.88
0.88
1.0
1.0
1.0
1.0
1.0
1.0
1.0
1.0
1.0
1.0
1.0
1.0
1.0
1.0
1.0
1.0
1.0
1.0
1.0
1.0
1.0
1.0
1.0
1.0
1.0
1.0
1.0
1.0
1.0
1.0
1.0
1.0
0.72
0.64
0.56
0.72
0.92
1.0
1.0
1.0
1.0
1.0
1.0
0.96
0.96
1.0
1.0
0.96
1.0
1.0
1.0
1.0
1.0
1.0
1.0
1.0
1.0
1.0
1.0
1.0
1.0
1.0
1.0
1.0
0.84
0.96
1.0
1.0
0.92
1.0
1.0
1.0
1.0
1.0
1.0
0.96
0.96
1.0
0.96
0.96
1.0
1.0
1.0
1.0
1.0
1.0
0.8
0.76
0.76
0.8
0.8
0.8
0.8
0.84
0.84
0.96
0.96
0.96
0.92
0.92
0.92
0.92
0.92
0.92
0.92
0.96
0.76
0.84
0.84
0.84
1.0
1.0
1.0
1.0
1.0
1.0
1.0
1.0
1.0
1.0
1.0
1.0
1.0
1.0
1.0
1.0
0.8
0.8
0.8
0.84
0.8
1.0
0.96
0.96
0.96
1.0
1.0
1.0
0.92
1.0
0.84
0.84
0.84
0.96
0.96
0.96
1.0
1.0
1.0
1.0
1.0
1.0
1.0
1.0
1.0
1.0
1.0
1.0
1.0
1.0
1.0
1.0
1.0
1.0
1.0
1.0
1.0
1.0
1.0
1.0
1.0
1.0
1.0
1.0
1.0
1.0
1.0
1.0
1.0
1.0
1.0
1.0
0.8
0.8
0.96
0.96
0.96
0.96
0.96
0.96
0.96
0.96
0.96
0.96
0.96
0.96
0.96
0.88
1.0
1.0
1.0
1.0
1.0
1.0
1.0
1.0
1.0
1.0
1.0
1.0
1.0
1.0
0.96
0.96
1.0
1.0
1.0
1.0
1.0
1.0
1.0
1.0
1.0
1.0
1.0
1.0
1.0
1.0
1.0
1.0
1.0
1.0
0.92
0.92
0.92
0.88
0.92
0.92
0.92
0.92
1.0
1.0
1.0
1.0
1.0
1.0
1.0
1.0
1.0
1.0
1.0
Confidence
1.0
Accuracy
0.981081081081
Confusion matrices
[[370, 0], [107, 23]]
NEW THRESHOLD 0.4
Policy loss bounds
0.387068895646
0.270913549216
0.208143711685
0.149279643703
0.281713786775
0.363856237643
0.174201160104
0.0585599671934
0.0870195355679
0.0884944457753
0.0967597142017
0.0971888991719
0.0731030919255
0.0230943856032
0.0573000073867
0.0259442587636
0.372944764241
0.263106611541
0.33666237553
0.241430038519
0.376012059949
0.204005653727
0.139053825991
0.0670326294498
0.195901003014
0.0721346236952
0.043842247282
0.0701515514103
0.00133647874351
0.0126602424319
0.00279297802037
0.032417917433
0.0222973462155
0.00239385094347
0.314081091254
0.228620363805
0.0171510838811
0.028922817354
0.0186133233999
0.0149636273349
0.0203071051148
0.017935793675
0.00694598364988
0.011650536462
0.357260642572
0.0178319612549
0.109262543022
0.00567253055089
0.0189331589593
0.00797870508694
0.00689990923064
0.00212910535666
0.00249363893678
0.00258825870474
0.000557473872361
0.00173096040143
0.000519744749822
0.000856546482544
0.00167142120363
0.00124899065587
0.321436736279
0.148493476201
0.0861574163751
0.187632780981
0.318621748483
0.121182022149
0.00942095857203
0.0330412202872
0.000453393005034
0.00034467171394
0.000883508361058
0.000442477770424
0.000211019566465
0.00040897701606
0.0299555461645
7.07259367322e-05
0.000992298748113
0.000252379509393
0.19559403261
0.270986025448
0.213365347094
0.13739716031
0.146141072572
0.248875021969
0.354187542915
0.391217233765
0.118202659834
0.110476695148
0.0211244181218
0.0507609934278
0.107315077258
0.00769807701221
0.0150877302334
0.029773643092
0.00274885054099
0.227203983241
0.00283235520406
0.00434470129388
0.381354154554
0.151282744861
0.354623126964
0.364266012988
0.340291930933
0.399431906643
0.281321525553
0.0216684378049
0.0744992208617
0.0489052044497
0.0913862572628
0.0189982007293
0.00887713867067
0.0184765326439
0.00306411077306
0.00145064480975
0.00221116489586
0.00277007572387
0.000873194914561
0.00182819657947
0.00178907119428
0.245160451748
0.281585585987
0.141682621989
0.337228631706
0.115899064807
0.107558931533
0.0668264179395
0.196455564475
0.0939428489836
0.00950101801675
0.00381692061602
0.00500068909516
0.00271850908479
0.00256230444497
0.00346822832879
0.00164085325244
0.0
3.46109124986e-06
0.000285333169329
0.379936184555
0.268516151144
0.248374423957
0.297264125743
0.278691218916
0.244554169499
0.235538170521
0.215241280458
0.210591921979
0.37009324954
0.0580001149358
0.183216231709
0.313156581939
0.186486263318
0.185394950907
0.147041161172
0.155258254263
0.0242337374804
0.00383574643071
0.0593727984765
0.0148488427957
0.0297885411946
0.0386526125608
0.0125989871717
0.02689884279
0.0384806067164
0.0107453024307
0.39023324765
0.303117754811
0.245120625205
0.271367123103
0.372982844711
0.267713945821
0.284907622007
0.301129710596
0.31971877031
0.266213918199
0.211764379016
0.148116725285
0.23341624876
0.148305252947
0.183555556463
0.23075155798
0.179366398753
0.210968114776
0.204254365375
0.186144158685
0.0621960798889
0.342282469363
0.233139974289
0.375179231541
0.205599635307
0.100091400103
0.315492478922
0.114268743716
0.138255394515
0.0685786673017
0.223071707377
0.051481872436
0.0635440300168
0.00853814442923
0.318827852928
0.365150278829
0.390618767687
0.170381352064
0.193589288286
0.0393986060344
0.18252243616
0.244720524528
0.0637003342677
0.0411597823207
0.0645557049735
0.0397809311645
0.0382073068994
0.0193102187472
0.028871655873
0.00450534263023
0.0410157902599
0.00115834398901
0.352351573574
0.204880793731
0.213118473616
0.303323854194
0.236643174423
0.256596766299
0.213235955462
0.189089721595
0.125742896588
0.22675471906
0.215312127206
0.3033783662
0.357411085501
0.313109789535
0.320091654462
0.156550576917
0.196237604075
0.180505758314
0.0648520285092
0.0334874719698
0.015778498284
0.00235634904246
0.0134790971301
0.000791061031812
0.00153242274397
0.00077626618809
0.00655397969285
0.000407568481077
0.0198817323656
0.00140298853402
0.224622608357
0.0769797679134
0.0630055974995
0.130661966879
0.25349092808
0.304945144101
0.0140501064927
0.00380411295404
0.0021310382422
0.00313960147765
0.00140672688939
0.00185420807772
0.00137684912837
0.000584948550952
0.000356449192557
0.0
0.000595796268873
0.000378220788169
0.000289689958779
0.000135536672943
0.0
0.374703319068
0.37686601106
0.138742121712
0.300575658625
0.181575338965
0.122134266792
0.0634655422465
0.0683141602254
0.143686124663
0.177594499904
0.0503636359915
0.103446257082
0.0631937565765
0.00155204969494
0.139210461529
0.390970003748
0.115064516938
0.193572293703
0.272674840741
0.0170878596885
0.0133813059204
0.0648383000796
0.158434755008
0.0318563604434
0.0373204167752
0.0885388931762
0.0322715098633
0.010920306064
0.324598521779
0.38700760249
0.215240153585
0.198523463853
0.232859447389
0.200016516812
0.175961836956
0.168793570323
0.19931791135
0.0764338183724
0.106023312933
0.0437586499019
0.233747675343
0.0775190575346
0.0731582457955
0.0853333797672
0.129358538773
0.104998042193
0.0278943330734
0.034423105695
0.313868406233
0.254945985519
0.177155849285
0.184535732323
0.221000391804
0.0320663926968
0.0867940710783
0.0423847489483
0.154076001963
0.065169238021
0.0922827154491
0.0444201016839
0.00180081817168
0.0561188863953
0.0177484299749
0.0135052645517
Num demos
4
8
9
11
13
14
16
17
18
19
20
21
22
23
24
25
5
6
8
9
10
12
14
15
16
17
18
19
20
21
22
23
24
25
16
17
18
19
20
21
22
23
24
25
7
11
12
13
14
15
16
17
18
19
20
21
22
23
24
25
4
9
10
11
12
13
14
15
16
17
18
19
20
21
22
23
24
25
4
5
6
7
8
9
10
12
14
15
16
17
18
19
20
21
22
23
24
25
4
5
6
7
9
10
11
12
13
14
15
16
17
18
19
20
21
22
23
24
25
6
7
8
10
11
12
13
14
15
16
17
18
19
20
21
22
23
24
25
6
15
16
17
18
19
20
21
22
23
24
25
9
12
13
14
15
16
17
18
19
20
21
22
23
24
25
5
6
7
8
9
10
11
12
13
14
15
16
17
18
19
20
21
22
23
24
25
8
10
11
16
17
18
19
20
21
22
23
24
25
5
8
9
10
11
12
14
15
16
17
18
19
20
21
22
23
24
25
12
14
15
17
18
19
20
21
22
23
24
25
6
9
10
11
12
13
14
15
16
17
18
19
20
21
22
23
24
25
4
6
7
8
9
10
11
12
13
14
15
16
17
18
19
20
21
22
23
24
25
9
13
14
15
16
17
18
19
20
21
22
23
24
25
12
13
14
15
16
17
18
19
20
21
22
23
24
25
6
7
8
9
10
11
12
13
14
15
16
17
18
19
20
21
22
23
24
25
9
11
12
13
14
15
16
17
18
19
20
21
22
23
24
25
Percent states
0.16
0.32
0.36
0.44
0.52
0.56
0.64
0.68
0.72
0.76
0.8
0.84
0.88
0.92
0.96
1.0
0.2
0.24
0.32
0.36
0.4
0.48
0.56
0.6
0.64
0.68
0.72
0.76
0.8
0.84
0.88
0.92
0.96
1.0
0.64
0.68
0.72
0.76
0.8
0.84
0.88
0.92
0.96
1.0
0.28
0.44
0.48
0.52
0.56
0.6
0.64
0.68
0.72
0.76
0.8
0.84
0.88
0.92
0.96
1.0
0.16
0.36
0.4
0.44
0.48
0.52
0.56
0.6
0.64
0.68
0.72
0.76
0.8
0.84
0.88
0.92
0.96
1.0
0.16
0.2
0.24
0.28
0.32
0.36
0.4
0.48
0.56
0.6
0.64
0.68
0.72
0.76
0.8
0.84
0.88
0.92
0.96
1.0
0.16
0.2
0.24
0.28
0.36
0.4
0.44
0.48
0.52
0.56
0.6
0.64
0.68
0.72
0.76
0.8
0.84
0.88
0.92
0.96
1.0
0.24
0.28
0.32
0.4
0.44
0.48
0.52
0.56
0.6
0.64
0.68
0.72
0.76
0.8
0.84
0.88
0.92
0.96
1.0
0.24
0.6
0.64
0.68
0.72
0.76
0.8
0.84
0.88
0.92
0.96
1.0
0.36
0.48
0.52
0.56
0.6
0.64
0.68
0.72
0.76
0.8
0.84
0.88
0.92
0.96
1.0
0.2
0.24
0.28
0.32
0.36
0.4
0.44
0.48
0.52
0.56
0.6
0.64
0.68
0.72
0.76
0.8
0.84
0.88
0.92
0.96
1.0
0.32
0.4
0.44
0.64
0.68
0.72
0.76
0.8
0.84
0.88
0.92
0.96
1.0
0.2
0.32
0.36
0.4
0.44
0.48
0.56
0.6
0.64
0.68
0.72
0.76
0.8
0.84
0.88
0.92
0.96
1.0
0.48
0.56
0.6
0.68
0.72
0.76
0.8
0.84
0.88
0.92
0.96
1.0
0.24
0.36
0.4
0.44
0.48
0.52
0.56
0.6
0.64
0.68
0.72
0.76
0.8
0.84
0.88
0.92
0.96
1.0
0.16
0.24
0.28
0.32
0.36
0.4
0.44
0.48
0.52
0.56
0.6
0.64
0.68
0.72
0.76
0.8
0.84
0.88
0.92
0.96
1.0
0.36
0.52
0.56
0.6
0.64
0.68
0.72
0.76
0.8
0.84
0.88
0.92
0.96
1.0
0.48
0.52
0.56
0.6
0.64
0.68
0.72
0.76
0.8
0.84
0.88
0.92
0.96
1.0
0.24
0.28
0.32
0.36
0.4
0.44
0.48
0.52
0.56
0.6
0.64
0.68
0.72
0.76
0.8
0.84
0.88
0.92
0.96
1.0
0.36
0.44
0.48
0.52
0.56
0.6
0.64
0.68
0.72
0.76
0.8
0.84
0.88
0.92
0.96
1.0
True EVDs
0.195089441611
0.189850682519
0.195342061615
0.189850682519
0.102415561353
0.102415561353
5.53671017353e-08
5.53671017353e-08
5.53671017353e-08
5.53671017353e-08
5.53671017353e-08
5.53671017353e-08
5.53671017353e-08
5.53671017353e-08
5.53671017353e-08
5.53671017353e-08
0.000854230500212
0.000854230500212
0.000854230500212
0.000824774276066
0.0
0.0
0.0
0.0
0.0
0.0
0.0
0.0
0.0
0.0
0.0
0.0
0.0
0.0
0.000343795789812
0.000343795789812
0.000545486908726
0.000545486908726
0.000545486908726
0.000545486908726
0.000545486908726
0.000545486908726
0.0
0.0
0.0
0.00021152984966
0.00021152984966
0.00021152984966
0.00021152984966
0.0
0.00021152984966
0.00021152984966
0.00021152984966
0.0
0.0
0.0
0.0
0.0
0.0
0.0
0.0
0.0
0.0
0.0
0.0
0.0
0.0
0.0
0.0
0.0
0.0
0.0
0.0
0.0
0.0
0.0
0.0
0.0
0.29911134815
0.29911134815
0.297852672253
0.29911134815
0.297852672253
0.297852672253
0.00091560273888
0.00109894597306
0.00091560273888
0.00091560273888
0.00091560273888
0.00091560273888
4.14777897428e-06
4.14777897428e-06
0.00091560273888
4.14777897428e-06
0.00091560273888
0.00091560273888
0.00091560273888
4.14777897428e-06
0.171634888473
1.48691689427e-08
0.0149411811467
0.0114167289179
0.00317073409438
0.00317073409438
0.0114167289179
0.0114167289179
0.0114167289179
0.0114167289179
1.48691689427e-08
1.48691689427e-08
1.48691689427e-08
1.48691689427e-08
1.48691689427e-08
1.48691689427e-08
1.48691689427e-08
1.48691689427e-08
1.48691689427e-08
1.48691689427e-08
1.48691689427e-08
0.0
0.0
0.0
0.0
0.0
0.0
0.0
0.0
0.0
0.0
0.0
0.0
0.0
0.0
0.0
0.0
0.0
0.0
0.0
0.356933220438
0.156896285808
1.41546657094e-07
1.41546657094e-07
1.41546657094e-07
1.41546657094e-07
1.41546657094e-07
1.41546657094e-07
0.062402665506
0.062402665506
1.41546657094e-07
1.41546657094e-07
0.0
0.0
0.0
0.0
0.0
0.0
0.0
0.0
0.0
0.0
0.0
0.0
0.0
0.0
0.0
0.114453605399
0.0
0.0
0.00488180621648
0.0
0.0
0.0
0.0
0.0
0.0
0.114453605399
0.114453605399
0.0
0.114453605399
0.114453605399
0.0
0.0
0.0
0.0
0.0
0.0
0.226609317365
0.226609317365
0.226609317365
0.0
0.0
0.0
0.0
0.0
0.0
0.0
0.0
0.0
0.0
0.273385958619
0.248289882032
0.248289882032
0.0
0.0
0.0
0.0
0.0
0.0
0.0
0.0
0.0
0.0
0.0
0.0
0.0
0.0
0.0
0.0436670883288
0.0432095217287
0.0436670883288
8.19336577392e-08
0.042630656575
0.042630656575
0.042630656575
8.19336577392e-08
8.19336577392e-08
8.19336577392e-08
0.0390445041633
8.19336577392e-08
0.275969234618
0.000858409147188
0.000858409147188
0.0
0.0
0.0
0.0
0.0
0.0
0.0
0.0
0.0
0.0
0.0
0.0
0.0
0.0
0.0
0.0
0.0
0.0
0.0
0.0
0.0
0.0
0.0
0.0
0.0
0.0
0.0
0.0
0.0
0.0
0.0
0.0
0.0
0.0
0.0
0.0
0.211949971494
0.0
0.0
0.0
0.0
0.0
0.0
0.0
0.0
0.0
0.0
0.0
0.0
0.0
5.15141165467e-08
5.15141165467e-08
5.15141165467e-08
5.15141165467e-08
5.15141165467e-08
5.15141165467e-08
5.15141165467e-08
5.15141165467e-08
5.15141165467e-08
5.15141165467e-08
5.15141165467e-08
5.15141165467e-08
5.15141165467e-08
5.15141165467e-08
0.00533375221426
0.00533375221426
1.10454598904e-07
1.10454598904e-07
1.10454598904e-07
1.10454598904e-07
1.10454598904e-07
1.10454598904e-07
1.10454598904e-07
1.10454598904e-07
1.10454598904e-07
1.10454598904e-07
1.10454598904e-07
1.10454598904e-07
1.10454598904e-07
1.10454598904e-07
1.10454598904e-07
1.10454598904e-07
1.10454598904e-07
1.10454598904e-07
0.0713436171857
0.0713436171857
0.0713436171857
0.0713436171857
0.0713436171857
3.68214577157e-08
3.68214577157e-08
3.68214577157e-08
3.68214577157e-08
3.68214577157e-08
3.68214577157e-08
3.68214577157e-08
3.68214577157e-08
3.68214577157e-08
3.68214577157e-08
3.68214577157e-08
Bound errors
0.191979454035
0.0810628666969
0.01280165007
-0.0405710388158
0.179298225421
0.26144067629
0.174201104737
0.0585599118263
0.0870194802008
0.0884943904082
0.0967596588346
0.0971888438048
0.0731030365584
0.023094330236
0.0572999520196
0.0259442033965
0.372090533741
0.262252381041
0.33580814503
0.240605264243
0.376012059949
0.204005653727
0.139053825991
0.0670326294498
0.195901003014
0.0721346236952
0.043842247282
0.0701515514103
0.00133647874351
0.0126602424319
0.00279297802037
0.032417917433
0.0222973462155
0.00239385094347
0.313737295464
0.228276568015
0.0166055969724
0.0283773304453
0.0180678364912
0.0144181404262
0.019761618206
0.0173903067663
0.00694598364988
0.011650536462
0.357260642572
0.0176204314053
0.109051013172
0.00546100070123
0.0187216291096
0.00797870508694
0.00668837938097
0.001917575507
0.00228210908712
0.00258825870474
0.000557473872361
0.00173096040143
0.000519744749822
0.000856546482544
0.00167142120363
0.00124899065587
0.321436736279
0.148493476201
0.0861574163751
0.187632780981
0.318621748483
0.121182022149
0.00942095857203
0.0330412202872
0.000453393005034
0.00034467171394
0.000883508361058
0.000442477770424
0.000211019566465
0.00040897701606
0.0299555461645
7.07259367322e-05
0.000992298748113
0.000252379509393
-0.10351731554
-0.0281253227013
-0.0844873251581
-0.161714187839
-0.151711599681
-0.0489776502834
0.353271940176
0.390118287792
0.117287057095
0.109561092409
0.0202088153829
0.0498453906889
0.107310929479
0.00769392923323
0.0141721274945
0.029769495313
0.00183324780211
0.226288380502
0.00191675246518
0.00434055351491
0.209719266081
0.151282729992
0.339681945817
0.35284928407
0.337121196838
0.396261172549
0.269904796635
0.010251708887
0.0630824919437
0.0374884755317
0.0913862423936
0.0189981858601
0.0088771238015
0.0184765177747
0.00306409590389
0.00145062994058
0.00221115002669
0.0027700608547
0.000873180045392
0.0018281817103
0.00178905632511
0.245160451748
0.281585585987
0.141682621989
0.337228631706
0.115899064807
0.107558931533
0.0668264179395
0.196455564475
0.0939428489836
0.00950101801675
0.00381692061602
0.00500068909516
0.00271850908479
0.00256230444497
0.00346822832879
0.00164085325244
0.0
3.46109124986e-06
0.000285333169329
0.0230029641178
0.111619865336
0.24837428241
0.297263984196
0.278691077369
0.244554027952
0.235538028974
0.215241138911
0.148189256473
0.307690584034
0.0579999733891
0.183216090162
0.313156581939
0.186486263318
0.185394950907
0.147041161172
0.155258254263
0.0242337374804
0.00383574643071
0.0593727984765
0.0148488427957
0.0297885411946
0.0386526125608
0.0125989871717
0.02689884279
0.0384806067164
0.0107453024307
0.275779642252
0.303117754811
0.245120625205
0.266485316886
0.372982844711
0.267713945821
0.284907622007
0.301129710596
0.31971877031
0.266213918199
0.0973107736173
0.033663119886
0.23341624876
0.0338516475485
0.069101951064
0.23075155798
0.179366398753
0.210968114776
0.204254365375
0.186144158685
0.0621960798889
0.115673151998
0.00653065692463
0.148569914176
0.205599635307
0.100091400103
0.315492478922
0.114268743716
0.138255394515
0.0685786673017
0.223071707377
0.051481872436
0.0635440300168
0.00853814442923
0.0454418943089
0.116860396797
0.142328885656
0.170381352064
0.193589288286
0.0393986060344
0.18252243616
0.244720524528
0.0637003342677
0.0411597823207
0.0645557049735
0.0397809311645
0.0382073068994
0.0193102187472
0.028871655873
0.00450534263023
0.0410157902599
0.00115834398901
0.308684485245
0.161671272002
0.169451385287
0.30332377226
0.194012517848
0.213966109724
0.170605298887
0.189089639662
0.125742814655
0.226754637126
0.176267623043
0.303378284267
0.0814418508831
0.312251380388
0.319233245314
0.156550576917
0.196237604075
0.180505758314
0.0648520285092
0.0334874719698
0.015778498284
0.00235634904246
0.0134790971301
0.000791061031812
0.00153242274397
0.00077626618809
0.00655397969285
0.000407568481077
0.0198817323656
0.00140298853402
0.224622608357
0.0769797679134
0.0630055974995
0.130661966879
0.25349092808
0.304945144101
0.0140501064927
0.00380411295404
0.0021310382422
0.00313960147765
0.00140672688939
0.00185420807772
0.00137684912837
0.000584948550952
0.000356449192557
0.0
0.000595796268873
0.000378220788169
0.000289689958779
0.000135536672943
0.0
0.162753347574
0.37686601106
0.138742121712
0.300575658625
0.181575338965
0.122134266792
0.0634655422465
0.0683141602254
0.143686124663
0.177594499904
0.0503636359915
0.103446257082
0.0631937565765
0.00155204969494
0.139210410015
0.390969952234
0.115064465424
0.193572242188
0.272674789227
0.0170878081744
0.0133812544063
0.0648382485654
0.158434703494
0.0318563089293
0.037320365261
0.0885388416621
0.0322714583491
0.0109202545499
0.319264769565
0.381673850276
0.21524004313
0.198523353398
0.232859336934
0.200016406358
0.175961726502
0.168793459869
0.199317800895
0.0764337079178
0.106023202479
0.0437585394473
0.233747564889
0.07751894708
0.0731581353409
0.0853332693126
0.129358428319
0.104997931739
0.0278942226188
0.0344229952404
0.242524789047
0.183602368334
0.105812232099
0.113192115137
0.149656774618
0.0320663558753
0.0867940342568
0.0423847121269
0.154075965141
0.0651692011995
0.0922826786276
0.0444200648625
0.00180078135023
0.0561188495738
0.0177483931535
0.0135052277302
Policy optimalities
0.64
0.72
0.68
0.72
0.92
0.92
1.0
1.0
1.0
1.0
1.0
1.0
1.0
1.0
1.0
1.0
0.96
0.96
0.96
0.96
1.0
1.0
1.0
1.0
1.0
1.0
1.0
1.0
1.0
1.0
1.0
1.0
1.0
1.0
0.96
0.96
0.96
0.96
0.96
0.96
0.96
0.96
1.0
1.0
1.0
0.96
0.96
0.96
0.96
1.0
0.96
0.96
0.96
1.0
1.0
1.0
1.0
1.0
1.0
1.0
1.0
1.0
1.0
1.0
1.0
1.0
1.0
1.0
1.0
1.0
1.0
1.0
1.0
1.0
1.0
1.0
1.0
1.0
0.72
0.72
0.76
0.72
0.76
0.76
0.96
0.92
0.96
0.96
0.96
0.96
1.0
1.0
0.96
1.0
0.96
0.96
0.96
1.0
0.84
1.0
0.84
0.88
0.96
0.96
0.88
0.88
0.88
0.88
1.0
1.0
1.0
1.0
1.0
1.0
1.0
1.0
1.0
1.0
1.0
1.0
1.0
1.0
1.0
1.0
1.0
1.0
1.0
1.0
1.0
1.0
1.0
1.0
1.0
1.0
1.0
1.0
1.0
1.0
0.56
0.92
1.0
1.0
1.0
1.0
1.0
1.0
0.96
0.96
1.0
1.0
1.0
1.0
1.0
1.0
1.0
1.0
1.0
1.0
1.0
1.0
1.0
1.0
1.0
1.0
1.0
0.96
1.0
1.0
0.92
1.0
1.0
1.0
1.0
1.0
1.0
0.96
0.96
1.0
0.96
0.96
1.0
1.0
1.0
1.0
1.0
1.0
0.84
0.84
0.84
1.0
1.0
1.0
1.0
1.0
1.0
1.0
1.0
1.0
1.0
0.76
0.84
0.84
1.0
1.0
1.0
1.0
1.0
1.0
1.0
1.0
1.0
1.0
1.0
1.0
1.0
1.0
1.0
0.8
0.84
0.8
1.0
0.96
0.96
0.96
1.0
1.0
1.0
0.92
1.0
0.84
0.96
0.96
1.0
1.0
1.0
1.0
1.0
1.0
1.0
1.0
1.0
1.0
1.0
1.0
1.0
1.0
1.0
1.0
1.0
1.0
1.0
1.0
1.0
1.0
1.0
1.0
1.0
1.0
1.0
1.0
1.0
1.0
1.0
1.0
1.0
1.0
1.0
1.0
0.84
1.0
1.0
1.0
1.0
1.0
1.0
1.0
1.0
1.0
1.0
1.0
1.0
1.0
1.0
1.0
1.0
1.0
1.0
1.0
1.0
1.0
1.0
1.0
1.0
1.0
1.0
1.0
0.96
0.96
1.0
1.0
1.0
1.0
1.0
1.0
1.0
1.0
1.0
1.0
1.0
1.0
1.0
1.0
1.0
1.0
1.0
1.0
0.92
0.92
0.92
0.92
0.92
1.0
1.0
1.0
1.0
1.0
1.0
1.0
1.0
1.0
1.0
1.0
Policy accuracies
0.64
0.72
0.68
0.72
0.92
0.92
1.0
1.0
1.0
1.0
1.0
1.0
1.0
1.0
1.0
1.0
0.96
0.96
0.96
0.96
1.0
1.0
1.0
1.0
1.0
1.0
1.0
1.0
1.0
1.0
1.0
1.0
1.0
1.0
0.96
0.96
0.96
0.96
0.96
0.96
0.96
0.96
1.0
1.0
1.0
0.96
0.96
0.96
0.96
1.0
0.96
0.96
0.96
1.0
1.0
1.0
1.0
1.0
1.0
1.0
1.0
1.0
1.0
1.0
1.0
1.0
1.0
1.0
1.0
1.0
1.0
1.0
1.0
1.0
1.0
1.0
1.0
1.0
0.72
0.72
0.76
0.72
0.76
0.76
0.96
0.92
0.96
0.96
0.96
0.96
1.0
1.0
0.96
1.0
0.96
0.96
0.96
1.0
0.84
1.0
0.84
0.88
0.96
0.96
0.88
0.88
0.88
0.88
1.0
1.0
1.0
1.0
1.0
1.0
1.0
1.0
1.0
1.0
1.0
1.0
1.0
1.0
1.0
1.0
1.0
1.0
1.0
1.0
1.0
1.0
1.0
1.0
1.0
1.0
1.0
1.0
1.0
1.0
0.56
0.92
1.0
1.0
1.0
1.0
1.0
1.0
0.96
0.96
1.0
1.0
1.0
1.0
1.0
1.0
1.0
1.0
1.0
1.0
1.0
1.0
1.0
1.0
1.0
1.0
1.0
0.96
1.0
1.0
0.92
1.0
1.0
1.0
1.0
1.0
1.0
0.96
0.96
1.0
0.96
0.96
1.0
1.0
1.0
1.0
1.0
1.0
0.8
0.8
0.8
0.96
0.96
0.96
0.92
0.92
0.92
0.92
0.92
0.92
0.92
0.76
0.84
0.84
1.0
1.0
1.0
1.0
1.0
1.0
1.0
1.0
1.0
1.0
1.0
1.0
1.0
1.0
1.0
0.8
0.84
0.8
1.0
0.96
0.96
0.96
1.0
1.0
1.0
0.92
1.0
0.84
0.96
0.96
1.0
1.0
1.0
1.0
1.0
1.0
1.0
1.0
1.0
1.0
1.0
1.0
1.0
1.0
1.0
1.0
1.0
1.0
1.0
1.0
1.0
1.0
1.0
1.0
1.0
1.0
1.0
1.0
1.0
1.0
1.0
1.0
1.0
1.0
1.0
1.0
0.8
0.96
0.96
0.96
0.96
0.96
0.96
0.96
0.96
0.96
0.96
0.96
0.96
0.96
1.0
1.0
1.0
1.0
1.0
1.0
1.0
1.0
1.0
1.0
1.0
1.0
1.0
1.0
0.96
0.96
1.0
1.0
1.0
1.0
1.0
1.0
1.0
1.0
1.0
1.0
1.0
1.0
1.0
1.0
1.0
1.0
1.0
1.0
0.92
0.92
0.92
0.92
0.92
1.0
1.0
1.0
1.0
1.0
1.0
1.0
1.0
1.0
1.0
1.0
Confidence
1.0
Accuracy
0.978915662651
Confusion matrices
[[332, 0], [140, 28]]
NEW THRESHOLD 0.3
Policy loss bounds
0.270913549216
0.208143711685
0.149279643703
0.281713786775
0.174201160104
0.0585599671934
0.0870195355679
0.0884944457753
0.0967597142017
0.0971888991719
0.0731030919255
0.0230943856032
0.0573000073867
0.0259442587636
0.263106611541
0.241430038519
0.204005653727
0.139053825991
0.0670326294498
0.195901003014
0.0721346236952
0.043842247282
0.0701515514103
0.00133647874351
0.0126602424319
0.00279297802037
0.032417917433
0.0222973462155
0.00239385094347
0.228620363805
0.0171510838811
0.028922817354
0.0186133233999
0.0149636273349
0.0203071051148
0.017935793675
0.00694598364988
0.011650536462
0.0178319612549
0.109262543022
0.00567253055089
0.0189331589593
0.00797870508694
0.00689990923064
0.00212910535666
0.00249363893678
0.00258825870474
0.000557473872361
0.00173096040143
0.000519744749822
0.000856546482544
0.00167142120363
0.00124899065587
0.148493476201
0.0861574163751
0.187632780981
0.121182022149
0.00942095857203
0.0330412202872
0.000453393005034
0.00034467171394
0.000883508361058
0.000442477770424
0.000211019566465
0.00040897701606
0.0299555461645
7.07259367322e-05
0.000992298748113
0.000252379509393
0.19559403261
0.270986025448
0.213365347094
0.13739716031
0.146141072572
0.248875021969
0.118202659834
0.110476695148
0.0211244181218
0.0507609934278
0.107315077258
0.00769807701221
0.0150877302334
0.029773643092
0.00274885054099
0.227203983241
0.00283235520406
0.00434470129388
0.151282744861
0.281321525553
0.0216684378049
0.0744992208617
0.0489052044497
0.0913862572628
0.0189982007293
0.00887713867067
0.0184765326439
0.00306411077306
0.00145064480975
0.00221116489586
0.00277007572387
0.000873194914561
0.00182819657947
0.00178907119428
0.245160451748
0.281585585987
0.141682621989
0.115899064807
0.107558931533
0.0668264179395
0.196455564475
0.0939428489836
0.00950101801675
0.00381692061602
0.00500068909516
0.00271850908479
0.00256230444497
0.00346822832879
0.00164085325244
0.0
3.46109124986e-06
0.000285333169329
0.268516151144
0.248374423957
0.297264125743
0.278691218916
0.244554169499
0.235538170521
0.215241280458
0.210591921979
0.0580001149358
0.183216231709
0.186486263318
0.185394950907
0.147041161172
0.155258254263
0.0242337374804
0.00383574643071
0.0593727984765
0.0148488427957
0.0297885411946
0.0386526125608
0.0125989871717
0.02689884279
0.0384806067164
0.0107453024307
0.245120625205
0.271367123103
0.267713945821
0.284907622007
0.266213918199
0.211764379016
0.148116725285
0.23341624876
0.148305252947
0.183555556463
0.23075155798
0.179366398753
0.210968114776
0.204254365375
0.186144158685
0.0621960798889
0.233139974289
0.205599635307
0.100091400103
0.114268743716
0.138255394515
0.0685786673017
0.223071707377
0.051481872436
0.0635440300168
0.00853814442923
0.170381352064
0.193589288286
0.0393986060344
0.18252243616
0.244720524528
0.0637003342677
0.0411597823207
0.0645557049735
0.0397809311645
0.0382073068994
0.0193102187472
0.028871655873
0.00450534263023
0.0410157902599
0.00115834398901
0.204880793731
0.213118473616
0.236643174423
0.256596766299
0.213235955462
0.189089721595
0.125742896588
0.22675471906
0.215312127206
0.156550576917
0.196237604075
0.180505758314
0.0648520285092
0.0334874719698
0.015778498284
0.00235634904246
0.0134790971301
0.000791061031812
0.00153242274397
0.00077626618809
0.00655397969285
0.000407568481077
0.0198817323656
0.00140298853402
0.224622608357
0.0769797679134
0.0630055974995
0.130661966879
0.25349092808
0.0140501064927
0.00380411295404
0.0021310382422
0.00313960147765
0.00140672688939
0.00185420807772
0.00137684912837
0.000584948550952
0.000356449192557
0.0
0.000595796268873
0.000378220788169
0.000289689958779
0.000135536672943
0.0
0.138742121712
0.181575338965
0.122134266792
0.0634655422465
0.0683141602254
0.143686124663
0.177594499904
0.0503636359915
0.103446257082
0.0631937565765
0.00155204969494
0.139210461529
0.115064516938
0.193572293703
0.272674840741
0.0170878596885
0.0133813059204
0.0648383000796
0.158434755008
0.0318563604434
0.0373204167752
0.0885388931762
0.0322715098633
0.010920306064
0.215240153585
0.198523463853
0.232859447389
0.200016516812
0.175961836956
0.168793570323
0.19931791135
0.0764338183724
0.106023312933
0.0437586499019
0.233747675343
0.0775190575346
0.0731582457955
0.0853333797672
0.129358538773
0.104998042193
0.0278943330734
0.034423105695
0.254945985519
0.177155849285
0.184535732323
0.221000391804
0.0320663926968
0.0867940710783
0.0423847489483
0.154076001963
0.065169238021
0.0922827154491
0.0444201016839
0.00180081817168
0.0561188863953
0.0177484299749
0.0135052645517
Num demos
8
9
11
13
16
17
18
19
20
21
22
23
24
25
6
9
12
14
15
16
17
18
19
20
21
22
23
24
25
17
18
19
20
21
22
23
24
25
11
12
13
14
15
16
17
18
19
20
21
22
23
24
25
9
10
11
13
14
15
16
17
18
19
20
21
22
23
24
25
4
5
6
7
8
9
14
15
16
17
18
19
20
21
22
23
24
25
5
11
12
13
14
15
16
17
18
19
20
21
22
23
24
25
6
7
8
11
12
13
14
15
16
17
18
19
20
21
22
23
24
25
15
16
17
18
19
20
21
22
24
25
12
13
14
15
16
17
18
19
20
21
22
23
24
25
7
8
10
11
14
15
16
17
18
19
20
21
22
23
24
25
10
16
17
19
20
21
22
23
24
25
10
11
12
14
15
16
17
18
19
20
21
22
23
24
25
14
15
18
19
20
21
22
23
24
11
12
13
14
15
16
17
18
19
20
21
22
23
24
25
4
6
7
8
9
11
12
13
14
15
16
17
18
19
20
21
22
23
24
25
14
16
17
18
19
20
21
22
23
24
25
12
14
15
16
17
18
19
20
21
22
23
24
25
8
9
10
11
12
13
14
15
16
17
18
19
20
21
22
23
24
25
11
12
13
14
15
16
17
18
19
20
21
22
23
24
25
Percent states
0.32
0.36
0.44
0.52
0.64
0.68
0.72
0.76
0.8
0.84
0.88
0.92
0.96
1.0
0.24
0.36
0.48
0.56
0.6
0.64
0.68
0.72
0.76
0.8
0.84
0.88
0.92
0.96
1.0
0.68
0.72
0.76
0.8
0.84
0.88
0.92
0.96
1.0
0.44
0.48
0.52
0.56
0.6
0.64
0.68
0.72
0.76
0.8
0.84
0.88
0.92
0.96
1.0
0.36
0.4
0.44
0.52
0.56
0.6
0.64
0.68
0.72
0.76
0.8
0.84
0.88
0.92
0.96
1.0
0.16
0.2
0.24
0.28
0.32
0.36
0.56
0.6
0.64
0.68
0.72
0.76
0.8
0.84
0.88
0.92
0.96
1.0
0.2
0.44
0.48
0.52
0.56
0.6
0.64
0.68
0.72
0.76
0.8
0.84
0.88
0.92
0.96
1.0
0.24
0.28
0.32
0.44
0.48
0.52
0.56
0.6
0.64
0.68
0.72
0.76
0.8
0.84
0.88
0.92
0.96
1.0
0.6
0.64
0.68
0.72
0.76
0.8
0.84
0.88
0.96
1.0
0.48
0.52
0.56
0.6
0.64
0.68
0.72
0.76
0.8
0.84
0.88
0.92
0.96
1.0
0.28
0.32
0.4
0.44
0.56
0.6
0.64
0.68
0.72
0.76
0.8
0.84
0.88
0.92
0.96
1.0
0.4
0.64
0.68
0.76
0.8
0.84
0.88
0.92
0.96
1.0
0.4
0.44
0.48
0.56
0.6
0.64
0.68
0.72
0.76
0.8
0.84
0.88
0.92
0.96
1.0
0.56
0.6
0.72
0.76
0.8
0.84
0.88
0.92
0.96
0.44
0.48
0.52
0.56
0.6
0.64
0.68
0.72
0.76
0.8
0.84
0.88
0.92
0.96
1.0
0.16
0.24
0.28
0.32
0.36
0.44
0.48
0.52
0.56
0.6
0.64
0.68
0.72
0.76
0.8
0.84
0.88
0.92
0.96
1.0
0.56
0.64
0.68
0.72
0.76
0.8
0.84
0.88
0.92
0.96
1.0
0.48
0.56
0.6
0.64
0.68
0.72
0.76
0.8
0.84
0.88
0.92
0.96
1.0
0.32
0.36
0.4
0.44
0.48
0.52
0.56
0.6
0.64
0.68
0.72
0.76
0.8
0.84
0.88
0.92
0.96
1.0
0.44
0.48
0.52
0.56
0.6
0.64
0.68
0.72
0.76
0.8
0.84
0.88
0.92
0.96
1.0
True EVDs
0.189850682519
0.195342061615
0.189850682519
0.102415561353
5.53671017353e-08
5.53671017353e-08
5.53671017353e-08
5.53671017353e-08
5.53671017353e-08
5.53671017353e-08
5.53671017353e-08
5.53671017353e-08
5.53671017353e-08
5.53671017353e-08
0.000854230500212
0.000824774276066
0.0
0.0
0.0
0.0
0.0
0.0
0.0
0.0
0.0
0.0
0.0
0.0
0.0
0.000343795789812
0.000545486908726
0.000545486908726
0.000545486908726
0.000545486908726
0.000545486908726
0.000545486908726
0.0
0.0
0.00021152984966
0.00021152984966
0.00021152984966
0.00021152984966
0.0
0.00021152984966
0.00021152984966
0.00021152984966
0.0
0.0
0.0
0.0
0.0
0.0
0.0
0.0
0.0
0.0
0.0
0.0
0.0
0.0
0.0
0.0
0.0
0.0
0.0
0.0
0.0
0.0
0.0
0.29911134815
0.29911134815
0.297852672253
0.29911134815
0.297852672253
0.297852672253
0.00091560273888
0.00091560273888
0.00091560273888
0.00091560273888
4.14777897428e-06
4.14777897428e-06
0.00091560273888
4.14777897428e-06
0.00091560273888
0.00091560273888
0.00091560273888
4.14777897428e-06
1.48691689427e-08
0.0114167289179
0.0114167289179
0.0114167289179
0.0114167289179
1.48691689427e-08
1.48691689427e-08
1.48691689427e-08
1.48691689427e-08
1.48691689427e-08
1.48691689427e-08
1.48691689427e-08
1.48691689427e-08
1.48691689427e-08
1.48691689427e-08
1.48691689427e-08
0.0
0.0
0.0
0.0
0.0
0.0
0.0
0.0
0.0
0.0
0.0
0.0
0.0
0.0
0.0
0.0
0.0
0.0
0.156896285808
1.41546657094e-07
1.41546657094e-07
1.41546657094e-07
1.41546657094e-07
1.41546657094e-07
1.41546657094e-07
0.062402665506
1.41546657094e-07
1.41546657094e-07
0.0
0.0
0.0
0.0
0.0
0.0
0.0
0.0
0.0
0.0
0.0
0.0
0.0
0.0
0.0
0.00488180621648
0.0
0.0
0.0
0.114453605399
0.114453605399
0.0
0.114453605399
0.114453605399
0.0
0.0
0.0
0.0
0.0
0.0
0.226609317365
0.0
0.0
0.0
0.0
0.0
0.0
0.0
0.0
0.0
0.0
0.0
0.0
0.0
0.0
0.0
0.0
0.0
0.0
0.0
0.0
0.0
0.0
0.0
0.0
0.0432095217287
0.0436670883288
0.042630656575
0.042630656575
0.042630656575
8.19336577392e-08
8.19336577392e-08
8.19336577392e-08
0.0390445041633
0.0
0.0
0.0
0.0
0.0
0.0
0.0
0.0
0.0
0.0
0.0
0.0
0.0
0.0
0.0
0.0
0.0
0.0
0.0
0.0
0.0
0.0
0.0
0.0
0.0
0.0
0.0
0.0
0.0
0.0
0.0
0.0
0.0
0.0
0.0
0.0
0.0
0.0
0.0
0.0
0.0
0.0
0.0
0.0
0.0
0.0
5.15141165467e-08
5.15141165467e-08
5.15141165467e-08
5.15141165467e-08
5.15141165467e-08
5.15141165467e-08
5.15141165467e-08
5.15141165467e-08
5.15141165467e-08
5.15141165467e-08
5.15141165467e-08
5.15141165467e-08
5.15141165467e-08
1.10454598904e-07
1.10454598904e-07
1.10454598904e-07
1.10454598904e-07
1.10454598904e-07
1.10454598904e-07
1.10454598904e-07
1.10454598904e-07
1.10454598904e-07
1.10454598904e-07
1.10454598904e-07
1.10454598904e-07
1.10454598904e-07
1.10454598904e-07
1.10454598904e-07
1.10454598904e-07
1.10454598904e-07
1.10454598904e-07
0.0713436171857
0.0713436171857
0.0713436171857
0.0713436171857
3.68214577157e-08
3.68214577157e-08
3.68214577157e-08
3.68214577157e-08
3.68214577157e-08
3.68214577157e-08
3.68214577157e-08
3.68214577157e-08
3.68214577157e-08
3.68214577157e-08
3.68214577157e-08
Bound errors
0.0810628666969
0.01280165007
-0.0405710388158
0.179298225421
0.174201104737
0.0585599118263
0.0870194802008
0.0884943904082
0.0967596588346
0.0971888438048
0.0731030365584
0.023094330236
0.0572999520196
0.0259442033965
0.262252381041
0.240605264243
0.204005653727
0.139053825991
0.0670326294498
0.195901003014
0.0721346236952
0.043842247282
0.0701515514103
0.00133647874351
0.0126602424319
0.00279297802037
0.032417917433
0.0222973462155
0.00239385094347
0.228276568015
0.0166055969724
0.0283773304453
0.0180678364912
0.0144181404262
0.019761618206
0.0173903067663
0.00694598364988
0.011650536462
0.0176204314053
0.109051013172
0.00546100070123
0.0187216291096
0.00797870508694
0.00668837938097
0.001917575507
0.00228210908712
0.00258825870474
0.000557473872361
0.00173096040143
0.000519744749822
0.000856546482544
0.00167142120363
0.00124899065587
0.148493476201
0.0861574163751
0.187632780981
0.121182022149
0.00942095857203
0.0330412202872
0.000453393005034
0.00034467171394
0.000883508361058
0.000442477770424
0.000211019566465
0.00040897701606
0.0299555461645
7.07259367322e-05
0.000992298748113
0.000252379509393
-0.10351731554
-0.0281253227013
-0.0844873251581
-0.161714187839
-0.151711599681
-0.0489776502834
0.117287057095
0.109561092409
0.0202088153829
0.0498453906889
0.107310929479
0.00769392923323
0.0141721274945
0.029769495313
0.00183324780211
0.226288380502
0.00191675246518
0.00434055351491
0.151282729992
0.269904796635
0.010251708887
0.0630824919437
0.0374884755317
0.0913862423936
0.0189981858601
0.0088771238015
0.0184765177747
0.00306409590389
0.00145062994058
0.00221115002669
0.0027700608547
0.000873180045392
0.0018281817103
0.00178905632511
0.245160451748
0.281585585987
0.141682621989
0.115899064807
0.107558931533
0.0668264179395
0.196455564475
0.0939428489836
0.00950101801675
0.00381692061602
0.00500068909516
0.00271850908479
0.00256230444497
0.00346822832879
0.00164085325244
0.0
3.46109124986e-06
0.000285333169329
0.111619865336
0.24837428241
0.297263984196
0.278691077369
0.244554027952
0.235538028974
0.215241138911
0.148189256473
0.0579999733891
0.183216090162
0.186486263318
0.185394950907
0.147041161172
0.155258254263
0.0242337374804
0.00383574643071
0.0593727984765
0.0148488427957
0.0297885411946
0.0386526125608
0.0125989871717
0.02689884279
0.0384806067164
0.0107453024307
0.245120625205
0.266485316886
0.267713945821
0.284907622007
0.266213918199
0.0973107736173
0.033663119886
0.23341624876
0.0338516475485
0.069101951064
0.23075155798
0.179366398753
0.210968114776
0.204254365375
0.186144158685
0.0621960798889
0.00653065692463
0.205599635307
0.100091400103
0.114268743716
0.138255394515
0.0685786673017
0.223071707377
0.051481872436
0.0635440300168
0.00853814442923
0.170381352064
0.193589288286
0.0393986060344
0.18252243616
0.244720524528
0.0637003342677
0.0411597823207
0.0645557049735
0.0397809311645
0.0382073068994
0.0193102187472
0.028871655873
0.00450534263023
0.0410157902599
0.00115834398901
0.161671272002
0.169451385287
0.194012517848
0.213966109724
0.170605298887
0.189089639662
0.125742814655
0.226754637126
0.176267623043
0.156550576917
0.196237604075
0.180505758314
0.0648520285092
0.0334874719698
0.015778498284
0.00235634904246
0.0134790971301
0.000791061031812
0.00153242274397
0.00077626618809
0.00655397969285
0.000407568481077
0.0198817323656
0.00140298853402
0.224622608357
0.0769797679134
0.0630055974995
0.130661966879
0.25349092808
0.0140501064927
0.00380411295404
0.0021310382422
0.00313960147765
0.00140672688939
0.00185420807772
0.00137684912837
0.000584948550952
0.000356449192557
0.0
0.000595796268873
0.000378220788169
0.000289689958779
0.000135536672943
0.0
0.138742121712
0.181575338965
0.122134266792
0.0634655422465
0.0683141602254
0.143686124663
0.177594499904
0.0503636359915
0.103446257082
0.0631937565765
0.00155204969494
0.139210410015
0.115064465424
0.193572242188
0.272674789227
0.0170878081744
0.0133812544063
0.0648382485654
0.158434703494
0.0318563089293
0.037320365261
0.0885388416621
0.0322714583491
0.0109202545499
0.21524004313
0.198523353398
0.232859336934
0.200016406358
0.175961726502
0.168793459869
0.199317800895
0.0764337079178
0.106023202479
0.0437585394473
0.233747564889
0.07751894708
0.0731581353409
0.0853332693126
0.129358428319
0.104997931739
0.0278942226188
0.0344229952404
0.183602368334
0.105812232099
0.113192115137
0.149656774618
0.0320663558753
0.0867940342568
0.0423847121269
0.154075965141
0.0651692011995
0.0922826786276
0.0444200648625
0.00180078135023
0.0561188495738
0.0177483931535
0.0135052277302
Policy optimalities
0.72
0.68
0.72
0.92
1.0
1.0
1.0
1.0
1.0
1.0
1.0
1.0
1.0
1.0
0.96
0.96
1.0
1.0
1.0
1.0
1.0
1.0
1.0
1.0
1.0
1.0
1.0
1.0
1.0
0.96
0.96
0.96
0.96
0.96
0.96
0.96
1.0
1.0
0.96
0.96
0.96
0.96
1.0
0.96
0.96
0.96
1.0
1.0
1.0
1.0
1.0
1.0
1.0
1.0
1.0
1.0
1.0
1.0
1.0
1.0
1.0
1.0
1.0
1.0
1.0
1.0
1.0
1.0
1.0
0.72
0.72
0.76
0.72
0.76
0.76
0.96
0.96
0.96
0.96
1.0
1.0
0.96
1.0
0.96
0.96
0.96
1.0
1.0
0.88
0.88
0.88
0.88
1.0
1.0
1.0
1.0
1.0
1.0
1.0
1.0
1.0
1.0
1.0
1.0
1.0
1.0
1.0
1.0
1.0
1.0
1.0
1.0
1.0
1.0
1.0
1.0
1.0
1.0
1.0
1.0
1.0
0.92
1.0
1.0
1.0
1.0
1.0
1.0
0.96
1.0
1.0
1.0
1.0
1.0
1.0
1.0
1.0
1.0
1.0
1.0
1.0
1.0
1.0
1.0
1.0
1.0
0.92
1.0
1.0
1.0
0.96
0.96
1.0
0.96
0.96
1.0
1.0
1.0
1.0
1.0
1.0
0.84
1.0
1.0
1.0
1.0
1.0
1.0
1.0
1.0
1.0
1.0
1.0
1.0
1.0
1.0
1.0
1.0
1.0
1.0
1.0
1.0
1.0
1.0
1.0
1.0
0.84
0.8
0.96
0.96
0.96
1.0
1.0
1.0
0.92
1.0
1.0
1.0
1.0
1.0
1.0
1.0
1.0
1.0
1.0
1.0
1.0
1.0
1.0
1.0
1.0
1.0
1.0
1.0
1.0
1.0
1.0
1.0
1.0
1.0
1.0
1.0
1.0
1.0
1.0
1.0
1.0
1.0
1.0
1.0
1.0
1.0
1.0
1.0
1.0
1.0
1.0
1.0
1.0
1.0
1.0
1.0
1.0
1.0
1.0
1.0
1.0
1.0
1.0
1.0
1.0
1.0
1.0
1.0
1.0
1.0
1.0
1.0
1.0
1.0
1.0
1.0
1.0
1.0
1.0
1.0
1.0
1.0
1.0
1.0
1.0
1.0
0.92
0.92
0.92
0.92
1.0
1.0
1.0
1.0
1.0
1.0
1.0
1.0
1.0
1.0
1.0
Policy accuracies
0.72
0.68
0.72
0.92
1.0
1.0
1.0
1.0
1.0
1.0
1.0
1.0
1.0
1.0
0.96
0.96
1.0
1.0
1.0
1.0
1.0
1.0
1.0
1.0
1.0
1.0
1.0
1.0
1.0
0.96
0.96
0.96
0.96
0.96
0.96
0.96
1.0
1.0
0.96
0.96
0.96
0.96
1.0
0.96
0.96
0.96
1.0
1.0
1.0
1.0
1.0
1.0
1.0
1.0
1.0
1.0
1.0
1.0
1.0
1.0
1.0
1.0
1.0
1.0
1.0
1.0
1.0
1.0
1.0
0.72
0.72
0.76
0.72
0.76
0.76
0.96
0.96
0.96
0.96
1.0
1.0
0.96
1.0
0.96
0.96
0.96
1.0
1.0
0.88
0.88
0.88
0.88
1.0
1.0
1.0
1.0
1.0
1.0
1.0
1.0
1.0
1.0
1.0
1.0
1.0
1.0
1.0
1.0
1.0
1.0
1.0
1.0
1.0
1.0
1.0
1.0
1.0
1.0
1.0
1.0
1.0
0.92
1.0
1.0
1.0
1.0
1.0
1.0
0.96
1.0
1.0
1.0
1.0
1.0
1.0
1.0
1.0
1.0
1.0
1.0
1.0
1.0
1.0
1.0
1.0
1.0
0.92
1.0
1.0
1.0
0.96
0.96
1.0
0.96
0.96
1.0
1.0
1.0
1.0
1.0
1.0
0.8
0.96
0.96
0.92
0.92
0.92
0.92
0.92
0.92
0.92
1.0
1.0
1.0
1.0
1.0
1.0
1.0
1.0
1.0
1.0
1.0
1.0
1.0
1.0
1.0
0.84
0.8
0.96
0.96
0.96
1.0
1.0
1.0
0.92
1.0
1.0
1.0
1.0
1.0
1.0
1.0
1.0
1.0
1.0
1.0
1.0
1.0
1.0
1.0
1.0
1.0
1.0
1.0
1.0
1.0
1.0
1.0
1.0
1.0
1.0
1.0
1.0
1.0
1.0
1.0
1.0
1.0
1.0
1.0
0.96
0.96
0.96
0.96
0.96
0.96
0.96
0.96
0.96
0.96
0.96
1.0
1.0
1.0
1.0
1.0
1.0
1.0
1.0
1.0
1.0
1.0
1.0
1.0
1.0
1.0
1.0
1.0
1.0
1.0
1.0
1.0
1.0
1.0
1.0
1.0
1.0
1.0
1.0
1.0
1.0
1.0
0.92
0.92
0.92
0.92
1.0
1.0
1.0
1.0
1.0
1.0
1.0
1.0
1.0
1.0
1.0
Confidence
1.0
Accuracy
0.975609756098
Confusion matrices
[[287, 0], [173, 40]]
NEW THRESHOLD 0.2
Policy loss bounds
0.149279643703
0.174201160104
0.0585599671934
0.0870195355679
0.0884944457753
0.0967597142017
0.0971888991719
0.0731030919255
0.0230943856032
0.0573000073867
0.0259442587636
0.139053825991
0.0670326294498
0.195901003014
0.0721346236952
0.043842247282
0.0701515514103
0.00133647874351
0.0126602424319
0.00279297802037
0.032417917433
0.0222973462155
0.00239385094347
0.0171510838811
0.028922817354
0.0186133233999
0.0149636273349
0.0203071051148
0.017935793675
0.00694598364988
0.011650536462
0.0178319612549
0.109262543022
0.00567253055089
0.0189331589593
0.00797870508694
0.00689990923064
0.00212910535666
0.00249363893678
0.00258825870474
0.000557473872361
0.00173096040143
0.000519744749822
0.000856546482544
0.00167142120363
0.00124899065587
0.148493476201
0.0861574163751
0.187632780981
0.121182022149
0.00942095857203
0.0330412202872
0.000453393005034
0.00034467171394
0.000883508361058
0.000442477770424
0.000211019566465
0.00040897701606
0.0299555461645
7.07259367322e-05
0.000992298748113
0.000252379509393
0.19559403261
0.13739716031
0.146141072572
0.118202659834
0.110476695148
0.0211244181218
0.0507609934278
0.107315077258
0.00769807701221
0.0150877302334
0.029773643092
0.00274885054099
0.00283235520406
0.00434470129388
0.151282744861
0.0216684378049
0.0744992208617
0.0489052044497
0.0913862572628
0.0189982007293
0.00887713867067
0.0184765326439
0.00306411077306
0.00145064480975
0.00221116489586
0.00277007572387
0.000873194914561
0.00182819657947
0.00178907119428
0.141682621989
0.115899064807
0.107558931533
0.0668264179395
0.196455564475
0.0939428489836
0.00950101801675
0.00381692061602
0.00500068909516
0.00271850908479
0.00256230444497
0.00346822832879
0.00164085325244
0.0
3.46109124986e-06
0.000285333169329
0.0580001149358
0.183216231709
0.186486263318
0.185394950907
0.147041161172
0.155258254263
0.0242337374804
0.00383574643071
0.0593727984765
0.0148488427957
0.0297885411946
0.0386526125608
0.0125989871717
0.02689884279
0.0384806067164
0.0107453024307
0.148116725285
0.148305252947
0.183555556463
0.179366398753
0.186144158685
0.0621960798889
0.100091400103
0.114268743716
0.138255394515
0.0685786673017
0.051481872436
0.0635440300168
0.00853814442923
0.170381352064
0.193589288286
0.0393986060344
0.18252243616
0.0637003342677
0.0411597823207
0.0645557049735
0.0397809311645
0.0382073068994
0.0193102187472
0.028871655873
0.00450534263023
0.0410157902599
0.00115834398901
0.189089721595
0.125742896588
0.156550576917
0.196237604075
0.180505758314
0.0648520285092
0.0334874719698
0.015778498284
0.00235634904246
0.0134790971301
0.000791061031812
0.00153242274397
0.00077626618809
0.00655397969285
0.000407568481077
0.0198817323656
0.00140298853402
0.0769797679134
0.0630055974995
0.130661966879
0.0140501064927
0.00380411295404
0.0021310382422
0.00313960147765
0.00140672688939
0.00185420807772
0.00137684912837
0.000584948550952
0.000356449192557
0.0
0.000595796268873
0.000378220788169
0.000289689958779
0.000135536672943
0.0
0.138742121712
0.181575338965
0.122134266792
0.0634655422465
0.0683141602254
0.143686124663
0.177594499904
0.0503636359915
0.103446257082
0.0631937565765
0.00155204969494
0.139210461529
0.115064516938
0.193572293703
0.0170878596885
0.0133813059204
0.0648383000796
0.158434755008
0.0318563604434
0.0373204167752
0.0885388931762
0.0322715098633
0.010920306064
0.198523463853
0.175961836956
0.168793570323
0.19931791135
0.0764338183724
0.106023312933
0.0437586499019
0.0775190575346
0.0731582457955
0.0853333797672
0.129358538773
0.104998042193
0.0278943330734
0.034423105695
0.177155849285
0.184535732323
0.0320663926968
0.0867940710783
0.0423847489483
0.154076001963
0.065169238021
0.0922827154491
0.0444201016839
0.00180081817168
0.0561188863953
0.0177484299749
0.0135052645517
Num demos
11
16
17
18
19
20
21
22
23
24
25
14
15
16
17
18
19
20
21
22
23
24
25
18
19
20
21
22
23
24
25
11
12
13
14
15
16
17
18
19
20
21
22
23
24
25
9
10
11
13
14
15
16
17
18
19
20
21
22
23
24
25
4
7
8
14
15
16
17
18
19
20
21
22
24
25
5
12
13
14
15
16
17
18
19
20
21
22
23
24
25
8
11
12
13
14
15
16
17
18
19
20
21
22
23
24
25
24
25
12
13
14
15
16
17
18
19
20
21
22
23
24
25
16
18
19
21
24
25
17
19
20
21
23
24
25
10
11
12
14
16
17
18
19
20
21
22
23
24
25
21
22
11
12
13
14
15
16
17
18
19
20
21
22
23
24
25
6
7
8
11
12
13
14
15
16
17
18
19
20
21
22
23
24
25
14
16
17
18
19
20
21
22
23
24
25
12
14
15
17
18
19
20
21
22
23
24
25
9
12
13
14
15
16
17
19
20
21
22
23
24
25
12
13
15
16
17
18
19
20
21
22
23
24
25
Percent states
0.44
0.64
0.68
0.72
0.76
0.8
0.84
0.88
0.92
0.96
1.0
0.56
0.6
0.64
0.68
0.72
0.76
0.8
0.84
0.88
0.92
0.96
1.0
0.72
0.76
0.8
0.84
0.88
0.92
0.96
1.0
0.44
0.48
0.52
0.56
0.6
0.64
0.68
0.72
0.76
0.8
0.84
0.88
0.92
0.96
1.0
0.36
0.4
0.44
0.52
0.56
0.6
0.64
0.68
0.72
0.76
0.8
0.84
0.88
0.92
0.96
1.0
0.16
0.28
0.32
0.56
0.6
0.64
0.68
0.72
0.76
0.8
0.84
0.88
0.96
1.0
0.2
0.48
0.52
0.56
0.6
0.64
0.68
0.72
0.76
0.8
0.84
0.88
0.92
0.96
1.0
0.32
0.44
0.48
0.52
0.56
0.6
0.64
0.68
0.72
0.76
0.8
0.84
0.88
0.92
0.96
1.0
0.96
1.0
0.48
0.52
0.56
0.6
0.64
0.68
0.72
0.76
0.8
0.84
0.88
0.92
0.96
1.0
0.64
0.72
0.76
0.84
0.96
1.0
0.68
0.76
0.8
0.84
0.92
0.96
1.0
0.4
0.44
0.48
0.56
0.64
0.68
0.72
0.76
0.8
0.84
0.88
0.92
0.96
1.0
0.84
0.88
0.44
0.48
0.52
0.56
0.6
0.64
0.68
0.72
0.76
0.8
0.84
0.88
0.92
0.96
1.0
0.24
0.28
0.32
0.44
0.48
0.52
0.56
0.6
0.64
0.68
0.72
0.76
0.8
0.84
0.88
0.92
0.96
1.0
0.56
0.64
0.68
0.72
0.76
0.8
0.84
0.88
0.92
0.96
1.0
0.48
0.56
0.6
0.68
0.72
0.76
0.8
0.84
0.88
0.92
0.96
1.0
0.36
0.48
0.52
0.56
0.6
0.64
0.68
0.76
0.8
0.84
0.88
0.92
0.96
1.0
0.48
0.52
0.6
0.64
0.68
0.72
0.76
0.8
0.84
0.88
0.92
0.96
1.0
True EVDs
0.189850682519
5.53671017353e-08
5.53671017353e-08
5.53671017353e-08
5.53671017353e-08
5.53671017353e-08
5.53671017353e-08
5.53671017353e-08
5.53671017353e-08
5.53671017353e-08
5.53671017353e-08
0.0
0.0
0.0
0.0
0.0
0.0
0.0
0.0
0.0
0.0
0.0
0.0
0.000545486908726
0.000545486908726
0.000545486908726
0.000545486908726
0.000545486908726
0.000545486908726
0.0
0.0
0.00021152984966
0.00021152984966
0.00021152984966
0.00021152984966
0.0
0.00021152984966
0.00021152984966
0.00021152984966
0.0
0.0
0.0
0.0
0.0
0.0
0.0
0.0
0.0
0.0
0.0
0.0
0.0
0.0
0.0
0.0
0.0
0.0
0.0
0.0
0.0
0.0
0.0
0.29911134815
0.29911134815
0.297852672253
0.00091560273888
0.00091560273888
0.00091560273888
0.00091560273888
4.14777897428e-06
4.14777897428e-06
0.00091560273888
4.14777897428e-06
0.00091560273888
0.00091560273888
4.14777897428e-06
1.48691689427e-08
0.0114167289179
0.0114167289179
0.0114167289179
1.48691689427e-08
1.48691689427e-08
1.48691689427e-08
1.48691689427e-08
1.48691689427e-08
1.48691689427e-08
1.48691689427e-08
1.48691689427e-08
1.48691689427e-08
1.48691689427e-08
1.48691689427e-08
0.0
0.0
0.0
0.0
0.0
0.0
0.0
0.0
0.0
0.0
0.0
0.0
0.0
0.0
0.0
0.0
1.41546657094e-07
1.41546657094e-07
0.0
0.0
0.0
0.0
0.0
0.0
0.0
0.0
0.0
0.0
0.0
0.0
0.0
0.0
0.114453605399
0.114453605399
0.114453605399
0.0
0.0
0.0
0.0
0.0
0.0
0.0
0.0
0.0
0.0
0.0
0.0
0.0
0.0
0.0
0.0
0.0
0.0
0.0
0.0
0.0
0.0
0.0
0.0
8.19336577392e-08
8.19336577392e-08
0.0
0.0
0.0
0.0
0.0
0.0
0.0
0.0
0.0
0.0
0.0
0.0
0.0
0.0
0.0
0.0
0.0
0.0
0.0
0.0
0.0
0.0
0.0
0.0
0.0
0.0
0.0
0.0
0.0
0.0
0.0
0.0
0.0
0.0
0.0
0.0
0.0
0.0
0.0
0.0
0.0
0.0
0.0
0.0
5.15141165467e-08
5.15141165467e-08
5.15141165467e-08
5.15141165467e-08
5.15141165467e-08
5.15141165467e-08
5.15141165467e-08
5.15141165467e-08
5.15141165467e-08
5.15141165467e-08
5.15141165467e-08
5.15141165467e-08
1.10454598904e-07
1.10454598904e-07
1.10454598904e-07
1.10454598904e-07
1.10454598904e-07
1.10454598904e-07
1.10454598904e-07
1.10454598904e-07
1.10454598904e-07
1.10454598904e-07
1.10454598904e-07
1.10454598904e-07
1.10454598904e-07
1.10454598904e-07
0.0713436171857
0.0713436171857
3.68214577157e-08
3.68214577157e-08
3.68214577157e-08
3.68214577157e-08
3.68214577157e-08
3.68214577157e-08
3.68214577157e-08
3.68214577157e-08
3.68214577157e-08
3.68214577157e-08
3.68214577157e-08
Bound errors
-0.0405710388158
0.174201104737
0.0585599118263
0.0870194802008
0.0884943904082
0.0967596588346
0.0971888438048
0.0731030365584
0.023094330236
0.0572999520196
0.0259442033965
0.139053825991
0.0670326294498
0.195901003014
0.0721346236952
0.043842247282
0.0701515514103
0.00133647874351
0.0126602424319
0.00279297802037
0.032417917433
0.0222973462155
0.00239385094347
0.0166055969724
0.0283773304453
0.0180678364912
0.0144181404262
0.019761618206
0.0173903067663
0.00694598364988
0.011650536462
0.0176204314053
0.109051013172
0.00546100070123
0.0187216291096
0.00797870508694
0.00668837938097
0.001917575507
0.00228210908712
0.00258825870474
0.000557473872361
0.00173096040143
0.000519744749822
0.000856546482544
0.00167142120363
0.00124899065587
0.148493476201
0.0861574163751
0.187632780981
0.121182022149
0.00942095857203
0.0330412202872
0.000453393005034
0.00034467171394
0.000883508361058
0.000442477770424
0.000211019566465
0.00040897701606
0.0299555461645
7.07259367322e-05
0.000992298748113
0.000252379509393
-0.10351731554
-0.161714187839
-0.151711599681
0.117287057095
0.109561092409
0.0202088153829
0.0498453906889
0.107310929479
0.00769392923323
0.0141721274945
0.029769495313
0.00183324780211
0.00191675246518
0.00434055351491
0.151282729992
0.010251708887
0.0630824919437
0.0374884755317
0.0913862423936
0.0189981858601
0.0088771238015
0.0184765177747
0.00306409590389
0.00145062994058
0.00221115002669
0.0027700608547
0.000873180045392
0.0018281817103
0.00178905632511
0.141682621989
0.115899064807
0.107558931533
0.0668264179395
0.196455564475
0.0939428489836
0.00950101801675
0.00381692061602
0.00500068909516
0.00271850908479
0.00256230444497
0.00346822832879
0.00164085325244
0.0
3.46109124986e-06
0.000285333169329
0.0579999733891
0.183216090162
0.186486263318
0.185394950907
0.147041161172
0.155258254263
0.0242337374804
0.00383574643071
0.0593727984765
0.0148488427957
0.0297885411946
0.0386526125608
0.0125989871717
0.02689884279
0.0384806067164
0.0107453024307
0.033663119886
0.0338516475485
0.069101951064
0.179366398753
0.186144158685
0.0621960798889
0.100091400103
0.114268743716
0.138255394515
0.0685786673017
0.051481872436
0.0635440300168
0.00853814442923
0.170381352064
0.193589288286
0.0393986060344
0.18252243616
0.0637003342677
0.0411597823207
0.0645557049735
0.0397809311645
0.0382073068994
0.0193102187472
0.028871655873
0.00450534263023
0.0410157902599
0.00115834398901
0.189089639662
0.125742814655
0.156550576917
0.196237604075
0.180505758314
0.0648520285092
0.0334874719698
0.015778498284
0.00235634904246
0.0134790971301
0.000791061031812
0.00153242274397
0.00077626618809
0.00655397969285
0.000407568481077
0.0198817323656
0.00140298853402
0.0769797679134
0.0630055974995
0.130661966879
0.0140501064927
0.00380411295404
0.0021310382422
0.00313960147765
0.00140672688939
0.00185420807772
0.00137684912837
0.000584948550952
0.000356449192557
0.0
0.000595796268873
0.000378220788169
0.000289689958779
0.000135536672943
0.0
0.138742121712
0.181575338965
0.122134266792
0.0634655422465
0.0683141602254
0.143686124663
0.177594499904
0.0503636359915
0.103446257082
0.0631937565765
0.00155204969494
0.139210410015
0.115064465424
0.193572242188
0.0170878081744
0.0133812544063
0.0648382485654
0.158434703494
0.0318563089293
0.037320365261
0.0885388416621
0.0322714583491
0.0109202545499
0.198523353398
0.175961726502
0.168793459869
0.199317800895
0.0764337079178
0.106023202479
0.0437585394473
0.07751894708
0.0731581353409
0.0853332693126
0.129358428319
0.104997931739
0.0278942226188
0.0344229952404
0.105812232099
0.113192115137
0.0320663558753
0.0867940342568
0.0423847121269
0.154075965141
0.0651692011995
0.0922826786276
0.0444200648625
0.00180078135023
0.0561188495738
0.0177483931535
0.0135052277302
Policy optimalities
0.72
1.0
1.0
1.0
1.0
1.0
1.0
1.0
1.0
1.0
1.0
1.0
1.0
1.0
1.0
1.0
1.0
1.0
1.0
1.0
1.0
1.0
1.0
0.96
0.96
0.96
0.96
0.96
0.96
1.0
1.0
0.96
0.96
0.96
0.96
1.0
0.96
0.96
0.96
1.0
1.0
1.0
1.0
1.0
1.0
1.0
1.0
1.0
1.0
1.0
1.0
1.0
1.0
1.0
1.0
1.0
1.0
1.0
1.0
1.0
1.0
1.0
0.72
0.72
0.76
0.96
0.96
0.96
0.96
1.0
1.0
0.96
1.0
0.96
0.96
1.0
1.0
0.88
0.88
0.88
1.0
1.0
1.0
1.0
1.0
1.0
1.0
1.0
1.0
1.0
1.0
1.0
1.0
1.0
1.0
1.0
1.0
1.0
1.0
1.0
1.0
1.0
1.0
1.0
1.0
1.0
1.0
1.0
1.0
1.0
1.0
1.0
1.0
1.0
1.0
1.0
1.0
1.0
1.0
1.0
1.0
1.0
1.0
0.96
0.96
0.96
1.0
1.0
1.0
1.0
1.0
1.0
1.0
1.0
1.0
1.0
1.0
1.0
1.0
1.0
1.0
1.0
1.0
1.0
1.0
1.0
1.0
1.0
1.0
1.0
1.0
1.0
1.0
1.0
1.0
1.0
1.0
1.0
1.0
1.0
1.0
1.0
1.0
1.0
1.0
1.0
1.0
1.0
1.0
1.0
1.0
1.0
1.0
1.0
1.0
1.0
1.0
1.0
1.0
1.0
1.0
1.0
1.0
1.0
1.0
1.0
1.0
1.0
1.0
1.0
1.0
1.0
1.0
1.0
1.0
1.0
1.0
1.0
1.0
1.0
1.0
1.0
1.0
1.0
1.0
1.0
1.0
1.0
1.0
1.0
1.0
1.0
1.0
1.0
1.0
1.0
1.0
1.0
1.0
1.0
1.0
1.0
0.92
0.92
1.0
1.0
1.0
1.0
1.0
1.0
1.0
1.0
1.0
1.0
1.0
Policy accuracies
0.72
1.0
1.0
1.0
1.0
1.0
1.0
1.0
1.0
1.0
1.0
1.0
1.0
1.0
1.0
1.0
1.0
1.0
1.0
1.0
1.0
1.0
1.0
0.96
0.96
0.96
0.96
0.96
0.96
1.0
1.0
0.96
0.96
0.96
0.96
1.0
0.96
0.96
0.96
1.0
1.0
1.0
1.0
1.0
1.0
1.0
1.0
1.0
1.0
1.0
1.0
1.0
1.0
1.0
1.0
1.0
1.0
1.0
1.0
1.0
1.0
1.0
0.72
0.72
0.76
0.96
0.96
0.96
0.96
1.0
1.0
0.96
1.0
0.96
0.96
1.0
1.0
0.88
0.88
0.88
1.0
1.0
1.0
1.0
1.0
1.0
1.0
1.0
1.0
1.0
1.0
1.0
1.0
1.0
1.0
1.0
1.0
1.0
1.0
1.0
1.0
1.0
1.0
1.0
1.0
1.0
1.0
1.0
1.0
1.0
1.0
1.0
1.0
1.0
1.0
1.0
1.0
1.0
1.0
1.0
1.0
1.0
1.0
0.96
0.96
0.96
1.0
1.0
1.0
0.96
0.92
0.92
0.92
0.92
0.92
0.92
1.0
1.0
1.0
1.0
1.0
1.0
1.0
1.0
1.0
1.0
1.0
1.0
1.0
1.0
1.0
1.0
1.0
1.0
1.0
1.0
1.0
1.0
1.0
1.0
1.0
1.0
1.0
1.0
1.0
1.0
1.0
1.0
1.0
1.0
1.0
1.0
1.0
1.0
1.0
1.0
1.0
1.0
1.0
1.0
1.0
1.0
1.0
1.0
1.0
0.96
0.96
0.96
0.96
0.96
0.96
0.96
0.96
0.96
0.96
0.96
1.0
1.0
1.0
1.0
1.0
1.0
1.0
1.0
1.0
1.0
1.0
1.0
1.0
1.0
1.0
1.0
1.0
1.0
1.0
1.0
1.0
1.0
1.0
1.0
1.0
1.0
0.92
0.92
1.0
1.0
1.0
1.0
1.0
1.0
1.0
1.0
1.0
1.0
1.0
Confidence
1.0
Accuracy
0.982978723404
Confusion matrices
[[232, 3], [188, 77]]
NEW THRESHOLD 0.1
Policy loss bounds
0.0585599671934
0.0870195355679
0.0884944457753
0.0967597142017
0.0971888991719
0.0731030919255
0.0230943856032
0.0573000073867
0.0259442587636
0.0670326294498
0.0721346236952
0.043842247282
0.0701515514103
0.00133647874351
0.0126602424319
0.00279297802037
0.032417917433
0.0222973462155
0.00239385094347
0.0171510838811
0.028922817354
0.0186133233999
0.0149636273349
0.0203071051148
0.017935793675
0.00694598364988
0.011650536462
0.0178319612549
0.00567253055089
0.0189331589593
0.00797870508694
0.00689990923064
0.00212910535666
0.00249363893678
0.00258825870474
0.000557473872361
0.00173096040143
0.000519744749822
0.000856546482544
0.00167142120363
0.00124899065587
0.0861574163751
0.00942095857203
0.0330412202872
0.000453393005034
0.00034467171394
0.000883508361058
0.000442477770424
0.000211019566465
0.00040897701606
0.0299555461645
7.07259367322e-05
0.000992298748113
0.000252379509393
0.0211244181218
0.0507609934278
0.00769807701221
0.0150877302334
0.029773643092
0.00274885054099
0.00283235520406
0.00434470129388
0.0216684378049
0.0744992208617
0.0489052044497
0.0913862572628
0.0189982007293
0.00887713867067
0.0184765326439
0.00306411077306
0.00145064480975
0.00221116489586
0.00277007572387
0.000873194914561
0.00182819657947
0.00178907119428
0.0668264179395
0.0939428489836
0.00950101801675
0.00381692061602
0.00500068909516
0.00271850908479
0.00256230444497
0.00346822832879
0.00164085325244
0.0
3.46109124986e-06
0.000285333169329
0.0580001149358
0.0242337374804
0.00383574643071
0.0593727984765
0.0148488427957
0.0297885411946
0.0386526125608
0.0125989871717
0.02689884279
0.0384806067164
0.0107453024307
0.0621960798889
0.0685786673017
0.051481872436
0.0635440300168
0.00853814442923
0.0393986060344
0.0637003342677
0.0411597823207
0.0645557049735
0.0397809311645
0.0382073068994
0.0193102187472
0.028871655873
0.00450534263023
0.0410157902599
0.00115834398901
0.0648520285092
0.0334874719698
0.015778498284
0.00235634904246
0.0134790971301
0.000791061031812
0.00153242274397
0.00077626618809
0.00655397969285
0.000407568481077
0.0198817323656
0.00140298853402
0.0769797679134
0.0630055974995
0.0140501064927
0.00380411295404
0.0021310382422
0.00313960147765
0.00140672688939
0.00185420807772
0.00137684912837
0.000584948550952
0.000356449192557
0.0
0.000595796268873
0.000378220788169
0.000289689958779
0.000135536672943
0.0
0.0634655422465
0.0683141602254
0.0503636359915
0.0631937565765
0.00155204969494
0.0170878596885
0.0133813059204
0.0648383000796
0.0318563604434
0.0373204167752
0.0885388931762
0.0322715098633
0.010920306064
0.0764338183724
0.0437586499019
0.0775190575346
0.0731582457955
0.0853333797672
0.0278943330734
0.034423105695
0.0320663926968
0.0867940710783
0.0423847489483
0.065169238021
0.0922827154491
0.0444201016839
0.00180081817168
0.0561188863953
0.0177484299749
0.0135052645517
Num demos
17
18
19
20
21
22
23
24
25
15
17
18
19
20
21
22
23
24
25
18
19
20
21
22
23
24
25
11
13
14
15
16
17
18
19
20
21
22
23
24
25
10
14
15
16
17
18
19
20
21
22
23
24
25
16
17
19
20
21
22
24
25
12
13
14
15
16
17
18
19
20
21
22
23
24
25
13
15
16
17
18
19
20
21
22
23
24
25
24
16
17
18
19
20
21
22
23
24
25
25
21
23
24
25
12
16
17
18
19
20
21
22
23
24
25
14
15
16
17
18
19
20
21
22
23
24
25
6
7
11
12
13
14
15
16
17
18
19
20
21
22
23
24
25
18
19
22
24
25
17
18
19
21
22
23
24
25
15
17
19
20
21
24
25
15
16
17
19
20
21
22
23
24
25
Percent states
0.68
0.72
0.76
0.8
0.84
0.88
0.92
0.96
1.0
0.6
0.68
0.72
0.76
0.8
0.84
0.88
0.92
0.96
1.0
0.72
0.76
0.8
0.84
0.88
0.92
0.96
1.0
0.44
0.52
0.56
0.6
0.64
0.68
0.72
0.76
0.8
0.84
0.88
0.92
0.96
1.0
0.4
0.56
0.6
0.64
0.68
0.72
0.76
0.8
0.84
0.88
0.92
0.96
1.0
0.64
0.68
0.76
0.8
0.84
0.88
0.96
1.0
0.48
0.52
0.56
0.6
0.64
0.68
0.72
0.76
0.8
0.84
0.88
0.92
0.96
1.0
0.52
0.6
0.64
0.68
0.72
0.76
0.8
0.84
0.88
0.92
0.96
1.0
0.96
0.64
0.68
0.72
0.76
0.8
0.84
0.88
0.92
0.96
1.0
1.0
0.84
0.92
0.96
1.0
0.48
0.64
0.68
0.72
0.76
0.8
0.84
0.88
0.92
0.96
1.0
0.56
0.6
0.64
0.68
0.72
0.76
0.8
0.84
0.88
0.92
0.96
1.0
0.24
0.28
0.44
0.48
0.52
0.56
0.6
0.64
0.68
0.72
0.76
0.8
0.84
0.88
0.92
0.96
1.0
0.72
0.76
0.88
0.96
1.0
0.68
0.72
0.76
0.84
0.88
0.92
0.96
1.0
0.6
0.68
0.76
0.8
0.84
0.96
1.0
0.6
0.64
0.68
0.76
0.8
0.84
0.88
0.92
0.96
1.0
True EVDs
5.53671017353e-08
5.53671017353e-08
5.53671017353e-08
5.53671017353e-08
5.53671017353e-08
5.53671017353e-08
5.53671017353e-08
5.53671017353e-08
5.53671017353e-08
0.0
0.0
0.0
0.0
0.0
0.0
0.0
0.0
0.0
0.0
0.000545486908726
0.000545486908726
0.000545486908726
0.000545486908726
0.000545486908726
0.000545486908726
0.0
0.0
0.00021152984966
0.00021152984966
0.00021152984966
0.0
0.00021152984966
0.00021152984966
0.00021152984966
0.0
0.0
0.0
0.0
0.0
0.0
0.0
0.0
0.0
0.0
0.0
0.0
0.0
0.0
0.0
0.0
0.0
0.0
0.0
0.0
0.00091560273888
0.00091560273888
4.14777897428e-06
0.00091560273888
4.14777897428e-06
0.00091560273888
0.00091560273888
4.14777897428e-06
0.0114167289179
0.0114167289179
0.0114167289179
1.48691689427e-08
1.48691689427e-08
1.48691689427e-08
1.48691689427e-08
1.48691689427e-08
1.48691689427e-08
1.48691689427e-08
1.48691689427e-08
1.48691689427e-08
1.48691689427e-08
1.48691689427e-08
0.0
0.0
0.0
0.0
0.0
0.0
0.0
0.0
0.0
0.0
0.0
0.0
1.41546657094e-07
0.0
0.0
0.0
0.0
0.0
0.0
0.0
0.0
0.0
0.0
0.0
0.0
0.0
0.0
0.0
0.0
0.0
0.0
0.0
0.0
0.0
0.0
0.0
0.0
0.0
0.0
0.0
0.0
0.0
0.0
0.0
0.0
0.0
0.0
0.0
0.0
0.0
0.0
0.0
0.0
0.0
0.0
0.0
0.0
0.0
0.0
0.0
0.0
0.0
0.0
0.0
0.0
0.0
0.0
0.0
0.0
0.0
0.0
0.0
0.0
5.15141165467e-08
5.15141165467e-08
5.15141165467e-08
5.15141165467e-08
5.15141165467e-08
5.15141165467e-08
5.15141165467e-08
5.15141165467e-08
1.10454598904e-07
1.10454598904e-07
1.10454598904e-07
1.10454598904e-07
1.10454598904e-07
1.10454598904e-07
1.10454598904e-07
3.68214577157e-08
3.68214577157e-08
3.68214577157e-08
3.68214577157e-08
3.68214577157e-08
3.68214577157e-08
3.68214577157e-08
3.68214577157e-08
3.68214577157e-08
3.68214577157e-08
Bound errors
0.0585599118263
0.0870194802008
0.0884943904082
0.0967596588346
0.0971888438048
0.0731030365584
0.023094330236
0.0572999520196
0.0259442033965
0.0670326294498
0.0721346236952
0.043842247282
0.0701515514103
0.00133647874351
0.0126602424319
0.00279297802037
0.032417917433
0.0222973462155
0.00239385094347
0.0166055969724
0.0283773304453
0.0180678364912
0.0144181404262
0.019761618206
0.0173903067663
0.00694598364988
0.011650536462
0.0176204314053
0.00546100070123
0.0187216291096
0.00797870508694
0.00668837938097
0.001917575507
0.00228210908712
0.00258825870474
0.000557473872361
0.00173096040143
0.000519744749822
0.000856546482544
0.00167142120363
0.00124899065587
0.0861574163751
0.00942095857203
0.0330412202872
0.000453393005034
0.00034467171394
0.000883508361058
0.000442477770424
0.000211019566465
0.00040897701606
0.0299555461645
7.07259367322e-05
0.000992298748113
0.000252379509393
0.0202088153829
0.0498453906889
0.00769392923323
0.0141721274945
0.029769495313
0.00183324780211
0.00191675246518
0.00434055351491
0.010251708887
0.0630824919437
0.0374884755317
0.0913862423936
0.0189981858601
0.0088771238015
0.0184765177747
0.00306409590389
0.00145062994058
0.00221115002669
0.0027700608547
0.000873180045392
0.0018281817103
0.00178905632511
0.0668264179395
0.0939428489836
0.00950101801675
0.00381692061602
0.00500068909516
0.00271850908479
0.00256230444497
0.00346822832879
0.00164085325244
0.0
3.46109124986e-06
0.000285333169329
0.0579999733891
0.0242337374804
0.00383574643071
0.0593727984765
0.0148488427957
0.0297885411946
0.0386526125608
0.0125989871717
0.02689884279
0.0384806067164
0.0107453024307
0.0621960798889
0.0685786673017
0.051481872436
0.0635440300168
0.00853814442923
0.0393986060344
0.0637003342677
0.0411597823207
0.0645557049735
0.0397809311645
0.0382073068994
0.0193102187472
0.028871655873
0.00450534263023
0.0410157902599
0.00115834398901
0.0648520285092
0.0334874719698
0.015778498284
0.00235634904246
0.0134790971301
0.000791061031812
0.00153242274397
0.00077626618809
0.00655397969285
0.000407568481077
0.0198817323656
0.00140298853402
0.0769797679134
0.0630055974995
0.0140501064927
0.00380411295404
0.0021310382422
0.00313960147765
0.00140672688939
0.00185420807772
0.00137684912837
0.000584948550952
0.000356449192557
0.0
0.000595796268873
0.000378220788169
0.000289689958779
0.000135536672943
0.0
0.0634655422465
0.0683141602254
0.0503636359915
0.0631937565765
0.00155204969494
0.0170878081744
0.0133812544063
0.0648382485654
0.0318563089293
0.037320365261
0.0885388416621
0.0322714583491
0.0109202545499
0.0764337079178
0.0437585394473
0.07751894708
0.0731581353409
0.0853332693126
0.0278942226188
0.0344229952404
0.0320663558753
0.0867940342568
0.0423847121269
0.0651692011995
0.0922826786276
0.0444200648625
0.00180078135023
0.0561188495738
0.0177483931535
0.0135052277302
Policy optimalities
1.0
1.0
1.0
1.0
1.0
1.0
1.0
1.0
1.0
1.0
1.0
1.0
1.0
1.0
1.0
1.0
1.0
1.0
1.0
0.96
0.96
0.96
0.96
0.96
0.96
1.0
1.0
0.96
0.96
0.96
1.0
0.96
0.96
0.96
1.0
1.0
1.0
1.0
1.0
1.0
1.0
1.0
1.0
1.0
1.0
1.0
1.0
1.0
1.0
1.0
1.0
1.0
1.0
1.0
0.96
0.96
1.0
0.96
1.0
0.96
0.96
1.0
0.88
0.88
0.88
1.0
1.0
1.0
1.0
1.0
1.0
1.0
1.0
1.0
1.0
1.0
1.0
1.0
1.0
1.0
1.0
1.0
1.0
1.0
1.0
1.0
1.0
1.0
1.0
1.0
1.0
1.0
1.0
1.0
1.0
1.0
1.0
1.0
1.0
1.0
1.0
1.0
1.0
1.0
1.0
1.0
1.0
1.0
1.0
1.0
1.0
1.0
1.0
1.0
1.0
1.0
1.0
1.0
1.0
1.0
1.0
1.0
1.0
1.0
1.0
1.0
1.0
1.0
1.0
1.0
1.0
1.0
1.0
1.0
1.0
1.0
1.0
1.0
1.0
1.0
1.0
1.0
1.0
1.0
1.0
1.0
1.0
1.0
1.0
1.0
1.0
1.0
1.0
1.0
1.0
1.0
1.0
1.0
1.0
1.0
1.0
1.0
1.0
1.0
1.0
1.0
1.0
1.0
1.0
1.0
1.0
1.0
1.0
1.0
Policy accuracies
1.0
1.0
1.0
1.0
1.0
1.0
1.0
1.0
1.0
1.0
1.0
1.0
1.0
1.0
1.0
1.0
1.0
1.0
1.0
0.96
0.96
0.96
0.96
0.96
0.96
1.0
1.0
0.96
0.96
0.96
1.0
0.96
0.96
0.96
1.0
1.0
1.0
1.0
1.0
1.0
1.0
1.0
1.0
1.0
1.0
1.0
1.0
1.0
1.0
1.0
1.0
1.0
1.0
1.0
0.96
0.96
1.0
0.96
1.0
0.96
0.96
1.0
0.88
0.88
0.88
1.0
1.0
1.0
1.0
1.0
1.0
1.0
1.0
1.0
1.0
1.0
1.0
1.0
1.0
1.0
1.0
1.0
1.0
1.0
1.0
1.0
1.0
1.0
1.0
1.0
1.0
1.0
1.0
1.0
1.0
1.0
1.0
1.0
1.0
1.0
0.92
0.92
0.92
0.92
1.0
1.0
1.0
1.0
1.0
1.0
1.0
1.0
1.0
1.0
1.0
1.0
1.0
1.0
1.0
1.0
1.0
1.0
1.0
1.0
1.0
1.0
1.0
1.0
1.0
1.0
1.0
1.0
1.0
1.0
1.0
1.0
1.0
1.0
1.0
1.0
1.0
1.0
1.0
1.0
0.96
0.96
0.96
0.96
0.96
1.0
1.0
1.0
1.0
1.0
1.0
1.0
1.0
1.0
1.0
1.0
1.0
1.0
1.0
1.0
1.0
1.0
1.0
1.0
1.0
1.0
1.0
1.0
1.0
1.0
Confidence
0.95
Accuracy
1.0
Confusion matrices
[[174, 0], [214, 112]]
NEW THRESHOLD 0.0
Policy loss bounds
Num demos
Percent states
True EVDs
Bound errors
Policy optimalities
Policy accuracies
Confidence
0.0
Accuracy
0.0
Confusion matrices
[[0, 0], [0, 500]]
**************************************************
