Changes
1.0
1.0
0.19999999999999996
1.0
1.0
0.24
1.0
1.0
0.07999999999999996
1.0
1.0
0.12
1.0
1.0
0.040000000000000036
1.0
0.07999999999999996
1.0
0.07999999999999996
1.0
Num demos
2
2
3
2
2
3
2
2
3
2
2
3
2
2
3
2
3
2
4
2
Percent states
1.52
1.52
2.28
1.52
1.52
2.28
1.52
1.52
2.28
1.52
1.52
2.28
1.52
1.52
2.28
1.52
2.28
1.52
3.04
1.52
True EVDs
0.0136237227482
0.000854230500212
0.000545486908726
0.0
0.00194781855533
0.00362432182593
0.00138268458966
0.0
1.41546657094e-07
0.0
0.00488180621648
0.0
0.001028682532
0.00265511213091
0.000858409147188
0.0
0.00122853986225
4.25891702821e-06
1.10454598904e-07
3.68214577157e-08
Bound errors
0.0184982999337
0.14483648258
0.00874471783933
0.0610500193735
0.0435401110972
0.109481433508
0.107525331152
0.0190848248567
0.143088126336
0.105394531246
0.121721299057
0.116787712571
0.0920767396698
0.166256217022
0.0461320280435
0.0560659460546
0.0267039855139
0.226172230441
0.0613185044682
0.126768166418
Policy optimalities
0.8
0.96
0.96
1.0
0.92
0.92
0.92
1.0
1.0
1.0
0.92
1.0
0.96
0.88
0.96
1.0
0.96
0.96
1.0
1.0
Policy accuracies
0.8
0.96
0.96
1.0
0.92
0.92
0.92
1.0
1.0
1.0
0.92
0.92
0.96
0.88
0.96
1.0
0.92
0.96
1.0
1.0
Confidence
1.0
Accuracy
1.0
Confusion matrix
[[20, 0], [0, 0]]
**************************************************
