Changes
0.040000000000000036
0.040000000000000036
0.040000000000000036
0.040000000000000036
0.56
0.24
0.040000000000000036
0.48
0.12
0.07999999999999996
0.24
0.36
0.12
1.0
0.12
1.0
0.16000000000000003
0.4
0.24
0.040000000000000036
Num demos
8
5
7
6
5
11
3
3
8
5
4
4
9
2
8
2
5
6
5
10
Percent states
0.32
0.2
0.28
0.24
0.2
0.44
0.12
0.12
0.32
0.2
0.16
0.16
0.36
0.08
0.32
0.08
0.2
0.24
0.2
0.4
True EVDs
0.189850682519
0.0958008982743
0.0063499540489
0.157166468021
0.0
0.00091560273888
0.178683792931
0.0
0.346761809318
0.0011810139129
0.0104082055056
0.128080400382
0.248289882032
1.52905995326
0.000858409147188
0.0
0.211949971494
4.25891702821e-06
0.467722028012
0.0713436171857
Bound errors
0.0810628666969
0.445760028669
0.794505262429
0.411170967994
0.403318302374
0.593700434371
1.09375220049
1.89336211453
0.00530581689832
0.618556637988
0.399232222582
0.30709025484
0.0929193480051
-0.390040846877
0.322096751842
2.37594828506
0.917344308699
0.581112469141
0.132083069705
0.315554741378
Policy optimalities
0.72
0.88
0.84
0.88
1.0
0.96
0.8
1.0
0.68
0.92
0.84
0.76
0.84
0.32
0.96
1.0
0.84
0.96
0.64
0.92
Policy accuracies
0.72
0.88
0.84
0.88
1.0
0.96
0.8
1.0
0.68
0.92
0.84
0.68
0.84
0.32
0.96
1.0
0.8
0.96
0.64
0.92
Confidence
1.0
Accuracy
0.95
Confusion matrix
[[20, 0], [0, 0]]
**************************************************
