Changes
1.0
0.07999999999999996
0.040000000000000036
1.0
0.12
0.12
1.0
0.31999999999999995
0.16000000000000003
1.0
1.0
1.0
1.0
1.0
0.84
0.07999999999999996
0.040000000000000036
0.12
0.07999999999999996
0.16000000000000003
Num demos
2
6
4
2
4
4
2
4
3
2
2
2
2
2
3
5
5
4
4
5
Percent states
1.52
4.56
3.04
1.52
3.04
3.04
1.52
3.04
2.28
1.52
1.52
1.52
1.52
1.52
2.28
3.8
3.8
3.04
3.04
3.8
True EVDs
0.0068583776872
0.00610531828397
0.0
0.0
0.00820318916782
0.000746578673146
0.0
0.0117128951513
0.00145175125918
0.00041885121417
0.0121824903208
0.00423852452857
0.0
0.00483317558093
0.0
0.00224900920472
0.0
0.00360281120776
0.0174254078705
0.00157325901951
Bound errors
0.0169449165094
0.00371963611348
0.0036294350699
0.00637768130059
0.0141955971026
0.00677299143759
0.0166029647451
0.0191455629989
0.00837135979816
0.00487146943021
0.00686065687325
0.00660958894204
0.00624220477946
0.0245350222098
0.0206101730299
0.0117669299202
0.00402767168214
0.000780107001093
-0.00927332448202
0.0117231176738
Policy optimalities
0.8
0.92
1.0
1.0
0.84
0.84
1.0
0.92
0.96
0.96
0.84
0.96
1.0
0.92
1.0
0.92
1.0
0.96
0.8
0.96
Policy accuracies
0.8
0.92
1.0
1.0
0.84
0.84
1.0
0.92
0.96
0.96
0.84
0.96
1.0
0.92
1.0
0.92
1.0
0.96
0.76
0.96
Confidence
1.0
Accuracy
0.95
Confusion matrix
[[20, 0], [0, 0]]
**************************************************
