Changes
1.0
0.16000000000000003
1.0
0.48
0.12
0.12
0.040000000000000036
0.36
0.07999999999999996
0.72
0.040000000000000036
0.07999999999999996
0.040000000000000036
0.07999999999999996
0.84
0.12
0.72
0.040000000000000036
0.07999999999999996
0.07999999999999996
Num demos
2
3
2
5
3
4
3
5
15
4
4
3
3
5
3
8
5
5
5
7
Percent states
0.08
0.12
0.08
0.2
0.12
0.16
0.12
0.2
0.6
0.16
0.16
0.12
0.12
0.2
0.12
0.32
0.2
0.2
0.2
0.28
True EVDs
0.00596039144034
0.0
0.00173078687385
1.31267881265
1.89986902552e-05
0.000746578673146
0.00367175868106
0.110739906572
0.0234959504841
0.00041885121417
0.0
0.00545376163536
0.0
0.0
0.0
0.0
0.0
0.00328442610528
0.0194068199285
0.00157325901951
Bound errors
0.390199767114
0.0298536098773
0.0579815074197
0.84223494363
0.0164573298288
0.015767298777
0.0575935054453
-0.0173682114412
-0.00889798333195
0.0457926827189
0.0265999839739
0.0151407983534
0.113736741178
0.0155353846859
2.15538856658
0.0262691494105
0.100081295096
0.00705298084759
-1.10809525109e-05
0.00394800548374
Policy optimalities
0.88
1.0
0.92
0.6
0.96
0.84
0.96
0.68
0.88
0.96
1.0
0.92
1.0
1.0
1.0
1.0
1.0
0.96
0.8
0.96
Policy accuracies
0.88
1.0
0.92
0.48
0.96
0.84
0.96
0.68
0.88
0.96
1.0
0.92
1.0
1.0
1.0
1.0
1.0
0.96
0.76
0.96
Confidence
1.0
Accuracy
0.85
Confusion matrix
[[20, 0], [0, 0]]
**************************************************
