NEW THRESHOLD 1
Num demos
3
2
2
2
2
2
2
2
2
2
2
2
4
2
2
2
2
2
2
2
Policy optimalities
0.2
0.2
0.2
0.2
0.2
0.2
0.2
0.2
0.2
0.2
0.2
0.2
0.2
0.2
0.2
0.2
0.2
0.2
0.2
0.2
Accuracy
0.0
**************************************************
NEW THRESHOLD 2
Num demos
4
3
3
3
3
3
3
3
3
3
3
9
5
3
3
3
3
3
3
3
Policy optimalities
0.2
0.2
0.2
0.2
0.2
0.2
0.2
0.2
0.2
0.2
0.2
0.2
0.2
0.2
0.2
0.2
0.2
0.2
0.2
0.2
Accuracy
0.0
**************************************************
NEW THRESHOLD 3
Num demos
5
4
4
4
4
4
4
4
4
4
4
10
6
4
8
4
4
4
4
4
Policy optimalities
0.2
0.2
0.2
0.2
0.2
0.2
0.2
0.2
0.2
0.2
0.2
0.2
0.2
0.2
0.2
0.2
0.2
0.2
0.2
0.2
Accuracy
0.0
**************************************************
NEW THRESHOLD 4
Num demos
6
5
5
5
5
5
5
5
5
16
5
11
7
5
9
5
5
5
5
5
Policy optimalities
0.2
0.2
0.2
0.2
0.2
0.2
0.2
0.2
0.2
0.2
0.2
0.2
0.2
0.2
0.2
0.2
0.2
0.2
0.2
0.2
Accuracy
0.0
**************************************************
NEW THRESHOLD 5
Num demos
7
6
6
6
6
6
6
6
6
17
6
12
14
6
10
6
6
12
6
6
Policy optimalities
0.2
0.2
0.2
0.2
0.2
0.2
0.2
0.2
0.2
0.2
0.2
0.2
0.2
0.2
0.2
0.2
0.2
0.2
0.2
0.2
Accuracy
0.0
**************************************************
