Changes
1.0
0.07999999999999996
1.0
0.040000000000000036
0.84
0.8
0.040000000000000036
0.16000000000000003
1.0
1.0
0.72
0.07999999999999996
0.64
0.12
0.07999999999999996
0.040000000000000036
1.0
1.0
0.28
0.19999999999999996
Num demos
2
5
2
6
3
3
4
3
2
2
3
6
3
3
5
3
2
2
4
3
Percent states
0.08
0.2
0.08
0.24
0.12
0.12
0.16
0.12
0.08
0.08
0.12
0.24
0.12
0.12
0.2
0.12
0.08
0.08
0.16
0.12
True EVDs
0.00892531262412
0.0
0.00156636043813
0.0
0.00890122688753
0.00159421153797
0.0
0.0
0.026158866369
0.00883803753155
0.0
0.0
0.194925032583
0.0161163470981
0.0117884043124
0.0069456602734
0.000892585921796
0.00625114474834
0.0101897469908
0.00547204466897
Bound errors
1.10087249697
0.00873710240286
0.11412057536
0.0054655692602
0.580276321339
0.0286027709775
0.583591224991
0.506962622456
0.8203356422
0.952038698465
3.38156135964
0.0115993580089
2.36072988495
2.71774869756
0.993008835863
0.0115696793112
0.192910050455
0.340263594183
0.0667205212393
0.0240827710579
Policy optimalities
0.76
1.0
0.92
1.0
0.84
0.88
1.0
1.0
0.8
0.88
1.0
1.0
0.52
0.88
0.88
0.92
0.96
0.92
0.96
0.88
Policy accuracies
0.76
1.0
0.92
1.0
0.84
0.88
1.0
1.0
0.8
0.88
1.0
1.0
0.36
0.88
0.88
0.92
0.96
0.92
0.92
0.88
Confidence
1.0
Accuracy
1.0
Confusion matrix
[[20, 0], [0, 0]]
**************************************************
