NEW THRESHOLD 1
Num demos
2
2
2
2
2
3
2
5
2
2
3
4
4
3
2
11
8
2
3
4
Policy optimalities
0.2
0.2
0.2
0.2
0.2
0.2
0.2
0.2
0.2
0.2
0.2
1.0
1.0
0.2
0.2
0.2
0.2
0.2
0.2
0.2
Accuracy
0.1
**************************************************
NEW THRESHOLD 2
Num demos
3
3
3
3
3
4
5
8
3
5
4
5
5
8
20
9
3
4
5
Policy optimalities
0.2
0.2
0.2
0.2
0.2
0.2
0.2
0.2
0.2
0.2
0.2
1.0
1.0
0.2
0.2
0.2
0.2
0.2
0.2
Accuracy
0.1
**************************************************
NEW THRESHOLD 3
Num demos
4
4
4
4
4
19
16
9
4
6
5
6
11
9
10
12
5
6
Policy optimalities
0.2
0.2
0.2
0.2
0.2
0.2
0.2
0.2
0.2
0.2
0.2
1.0
1.0
0.2
0.2
0.2
0.2
0.2
Accuracy
0.1
**************************************************
NEW THRESHOLD 4
Num demos
5
5
10
5
5
20
10
5
7
6
7
18
10
13
10
7
Policy optimalities
0.2
0.2
0.2
0.2
0.2
0.2
0.2
0.2
0.2
0.2
1.0
1.0
0.2
0.2
0.2
0.2
Accuracy
0.1
**************************************************
NEW THRESHOLD 5
Num demos
6
6
11
6
6
11
6
8
7
8
19
11
14
11
8
Policy optimalities
0.2
0.2
0.2
0.2
0.2
0.2
0.2
0.2
0.2
1.0
1.0
0.2
0.2
0.2
0.2
Accuracy
0.1
**************************************************
