Changes
0.07999999999999996
0.07999999999999996
1.0
1.0
1.0
1.0
0.040000000000000036
1.0
1.0
1.0
1.0
1.0
0.040000000000000036
0.12
1.0
0.040000000000000036
1.0
0.040000000000000036
0.07999999999999996
0.12
Num demos
3
6
2
2
2
2
5
2
2
2
2
2
6
3
2
3
2
3
3
3
Percent states
2.28
4.56
1.52
1.52
1.52
1.52
3.8
1.52
1.52
1.52
1.52
1.52
4.56
2.28
1.52
2.28
1.52
2.28
2.28
2.28
True EVDs
0.00607213345933
0.0
0.00156636043813
0.0
0.00890122688753
0.00159421153797
0.0
0.0
0.0213244253796
0.0
0.0
0.00266084166055
0.0
0.0
0.0115955357237
3.39962314091e-05
0.000892585921796
0.00625114474834
0.000479171740415
0.0129157339395
Bound errors
0.0116740545317
0.00860095541851
0.0202914774191
0.00595473721587
0.00791114079541
0.013097868621
0.00138752368268
0.00427031117203
0.0228134109293
0.0194781355466
0.00258667013257
0.025153833863
0.00763021683767
0.00384476826919
0.00657461296005
0.00512246106016
0.00545280615738
0.00459863118381
0.00513342247695
0.000821463300513
Policy optimalities
0.84
1.0
0.92
1.0
0.84
0.88
1.0
1.0
0.88
1.0
1.0
0.92
1.0
1.0
0.88
0.96
0.96
0.92
0.96
0.8
Policy accuracies
0.84
1.0
0.92
1.0
0.84
0.88
1.0
1.0
0.88
1.0
1.0
0.92
1.0
1.0
0.88
0.96
0.96
0.92
0.96
0.8
Confidence
1.0
Accuracy
1.0
Confusion matrix
[[20, 0], [0, 0]]
**************************************************
