NEW THRESHOLD 1
Num demos
2
13
2
4
5
7
4
2
3
3
3
3
5
5
3
2
3
5
3
4
Percent states
0.08
0.52
0.08
0.16
0.2
0.28
0.16
0.08
0.12
0.12
0.12
0.12
0.2
0.2
0.12
0.08
0.12
0.2
0.12
0.16
Policy optimalities
0.88
1.0
0.92
1.0
0.96
0.96
1.0
0.48
0.6
0.96
1.0
0.92
1.0
1.0
1.0
1.0
1.0
1.0
0.8
0.96
Policy accuracies
0.88
1.0
0.92
1.0
0.96
0.96
1.0
0.44
0.48
0.96
1.0
0.92
1.0
1.0
1.0
1.0
1.0
1.0
0.76
0.96
Confidence
1.0
Accuracy
0.7
**************************************************
NEW THRESHOLD 2
Num demos
9
14
5
5
11
8
5
8
6
14
4
6
6
6
4
3
4
6
4
5
Percent states
0.36
0.56
0.2
0.2
0.44
0.32
0.2
0.32
0.24
0.56
0.16
0.24
0.24
0.24
0.16
0.12
0.16
0.24
0.16
0.2
Policy optimalities
0.96
1.0
1.0
1.0
1.0
0.96
1.0
0.96
0.96
1.0
1.0
0.96
1.0
1.0
1.0
1.0
1.0
1.0
0.8
0.96
Policy accuracies
0.96
1.0
1.0
1.0
1.0
0.96
1.0
0.96
0.96
1.0
1.0
0.96
1.0
1.0
1.0
1.0
1.0
1.0
0.76
0.96
Confidence
1.0
Accuracy
0.95
**************************************************
NEW THRESHOLD 3
Num demos
10
15
6
15
12
9
6
12
7
15
5
10
20
7
5
4
5
7
5
6
Percent states
0.4
0.6
0.24
0.6
0.48
0.36
0.24
0.48
0.28
0.6
0.2
0.4
0.8
0.28
0.2
0.16
0.2
0.28
0.2
0.24
Policy optimalities
0.96
1.0
1.0
1.0
1.0
0.96
1.0
1.0
0.96
1.0
1.0
0.92
1.0
1.0
1.0
1.0
1.0
1.0
0.8
0.96
Policy accuracies
0.96
1.0
1.0
1.0
1.0
0.96
1.0
1.0
0.96
1.0
1.0
0.92
1.0
1.0
1.0
1.0
1.0
1.0
0.76
0.96
Confidence
1.0
Accuracy
0.9
**************************************************
NEW THRESHOLD 4
Num demos
11
16
7
16
13
10
7
13
19
16
6
18
21
8
6
5
6
6
7
Percent states
0.44
0.64
0.28
0.64
0.52
0.4
0.28
0.52
0.76
0.64
0.24
0.72
0.84
0.32
0.24
0.2
0.24
0.24
0.28
Policy optimalities
0.96
1.0
1.0
1.0
1.0
0.96
1.0
1.0
0.96
1.0
1.0
0.96
1.0
1.0
1.0
1.0
1.0
0.8
0.96
Policy accuracies
0.96
1.0
1.0
1.0
1.0
0.96
1.0
1.0
0.96
1.0
1.0
0.96
1.0
1.0
1.0
1.0
1.0
0.76
0.96
Confidence
0.95
Accuracy
0.9
**************************************************
NEW THRESHOLD 5
Num demos
20
17
8
17
14
11
8
14
20
17
7
22
9
13
12
7
7
8
Percent states
0.8
0.68
0.32
0.68
0.56
0.44
0.32
0.56
0.8
0.68
0.28
0.88
0.36
0.52
0.48
0.28
0.28
0.32
Policy optimalities
1.0
1.0
1.0
1.0
1.0
0.96
1.0
1.0
0.96
1.0
1.0
1.0
1.0
1.0
1.0
1.0
0.8
0.96
Policy accuracies
1.0
1.0
1.0
1.0
1.0
0.96
1.0
1.0
0.96
1.0
1.0
1.0
1.0
1.0
1.0
1.0
0.76
0.96
Confidence
0.9
Accuracy
0.85
**************************************************
