NEW THRESHOLD 1
Num demos
8
7
5
4
5
12
3
4
5
3
2
8
2
5
3
4
5
6
9
6
Percent states
0.32
0.28
0.2
0.16
0.2
0.48
0.12
0.16
0.2
0.12
0.08
0.32
0.08
0.2
0.12
0.16
0.2
0.24
0.36
0.24
Policy optimalities
0.72
0.96
0.88
0.88
1.0
0.96
0.8
1.0
0.56
1.0
0.84
0.84
0.96
0.8
0.64
1.0
0.8
0.96
1.0
0.92
Policy accuracies
0.72
0.96
0.88
0.88
1.0
0.96
0.8
1.0
0.56
1.0
0.84
0.76
0.96
0.8
0.64
1.0
0.76
0.96
1.0
0.92
Confidence
1.0
Accuracy
0.25
**************************************************
NEW THRESHOLD 2
Num demos
17
8
19
5
6
13
10
5
15
8
3
9
3
6
13
5
14
7
10
11
Percent states
0.68
0.32
0.76
0.2
0.24
0.52
0.4
0.2
0.6
0.32
0.12
0.36
0.12
0.24
0.52
0.2
0.56
0.28
0.4
0.44
Policy optimalities
1.0
0.96
0.96
0.88
1.0
0.96
0.88
1.0
0.84
1.0
0.84
0.84
0.96
0.8
1.0
1.0
0.92
0.96
1.0
0.92
Policy accuracies
1.0
0.96
0.96
0.88
1.0
0.96
0.88
1.0
0.84
1.0
0.84
0.76
0.96
0.8
1.0
1.0
0.88
0.96
1.0
0.92
Confidence
1.0
Accuracy
0.35
**************************************************
NEW THRESHOLD 3
Num demos
18
15
20
6
7
14
19
6
19
9
19
10
4
7
14
6
13
11
12
Percent states
0.72
0.6
0.8
0.24
0.28
0.56
0.76
0.24
0.76
0.36
0.76
0.4
0.16
0.28
0.56
0.24
0.52
0.44
0.48
Policy optimalities
1.0
1.0
0.96
0.88
1.0
0.96
1.0
1.0
1.0
1.0
0.96
0.84
0.96
0.8
1.0
1.0
1.0
1.0
0.92
Policy accuracies
1.0
1.0
0.96
0.88
1.0
0.96
1.0
1.0
1.0
1.0
0.96
0.76
0.96
0.8
1.0
1.0
1.0
1.0
0.92
Confidence
0.95
Accuracy
0.55
**************************************************
NEW THRESHOLD 4
Num demos
19
16
21
19
13
15
20
7
20
10
24
11
9
8
15
7
14
12
13
Percent states
0.76
0.64
0.84
0.76
0.52
0.6
0.8
0.28
0.8
0.4
0.96
0.44
0.36
0.32
0.6
0.28
0.56
0.48
0.52
Policy optimalities
1.0
1.0
0.96
0.96
1.0
0.96
1.0
1.0
1.0
1.0
1.0
0.84
0.84
0.8
1.0
1.0
1.0
1.0
0.92
Policy accuracies
1.0
1.0
0.96
0.96
1.0
0.96
1.0
1.0
1.0
1.0
1.0
0.76
0.84
0.8
1.0
1.0
1.0
1.0
0.92
Confidence
0.95
Accuracy
0.6
**************************************************
NEW THRESHOLD 5
Num demos
20
17
22
25
14
16
21
8
21
11
25
15
16
8
15
13
14
Percent states
0.8
0.68
0.88
1.0
0.56
0.64
0.84
0.32
0.84
0.44
1.0
0.6
0.64
0.32
0.6
0.52
0.56
Policy optimalities
1.0
1.0
0.96
1.0
1.0
0.96
1.0
1.0
1.0
1.0
1.0
1.0
1.0
1.0
1.0
1.0
0.92
Policy accuracies
1.0
1.0
0.96
1.0
1.0
0.96
1.0
1.0
1.0
1.0
1.0
1.0
1.0
1.0
1.0
1.0
0.92
Confidence
0.85
Accuracy
0.7
**************************************************
