NEW THRESHOLD 2.0
Accuracy
0.95
Bound errors
1.7068901824011231
0.25073113807957004
1.7358396179340911
1.5364861406202077
1.746598155432431
1.5201532355928413
1.7684820105316734
1.5929472358833556
0.9244157161022941
0.5352424528661726
1.9082021821491741
1.6467067015955343
1.378824911644047
-0.331517902846147
1.4526544398488008
0.29753233840489635
1.3618683195170116
0.23668424561694068
1.1465928850453557
0.9019261568309571
Policy loss bounds
1.898252443630475
1.38877933263423
1.7398102328039975
1.6936526086408652
1.8372863718435692
1.6441365674151616
1.9471658034622037
1.5929472358833556
1.578042203312909
1.5908595234428928
1.918610387654773
1.7688611594418484
1.3798535941760501
1.1966269172104904
1.453512848995989
0.29753233840489635
1.3618683195170116
1.4997041748789057
1.6066814232054532
1.2345158155817468
True EVDs
0.1913622612293519
1.1380481945546599
0.00397061486990636
0.15716646802065753
0.09068821641113813
0.12398333182232017
0.1786837929305303
0.0
0.6536264872106148
1.0556170705767203
0.010408205505599013
0.12215445784631404
0.00102868253200319
1.5281448200566374
0.0008584091471881053
0.0
0.0
1.263019929261965
0.4600885381600973
0.33258965875078966
Num demos
3
1
3
2
2
1
1
3
2
1
1
2
2
1
2
4
2
1
1
2
Percent states
0.12
0.04
0.12
0.08
0.08
0.04
0.04
0.12
0.08
0.04
0.04
0.08
0.08
0.04
0.08
0.16
0.08
0.04
0.04
0.08
Policy accuracies
0.68
0.2
0.88
0.88
0.76
0.72
0.8
1.0
0.64
0.24
0.84
0.84
0.96
0.36
0.96
1.0
1.0
0.28
0.64
0.8
NEW THRESHOLD 1.8
Accuracy
0.95
Bound errors
0.20128555786553198
0.25073113807957004
1.7358396179340911
1.5364861406202077
0.5089344458107791
1.5201532355928413
1.3873026656768508
1.5929472358833556
0.9244157161022941
0.5352424528661726
1.6797617699045493
1.6467067015955343
1.378824911644047
-0.331517902846147
1.4526544398488008
0.29753233840489635
1.3618683195170116
0.23668424561694068
1.1465928850453557
0.9019261568309571
Policy loss bounds
0.39637499947666527
1.38877933263423
1.7398102328039975
1.6936526086408652
0.5089344458107791
1.6441365674151616
1.5589375541499773
1.5929472358833556
1.578042203312909
1.5908595234428928
1.6901699754101482
1.7688611594418484
1.3798535941760501
1.1966269172104904
1.453512848995989
0.29753233840489635
1.3618683195170116
1.4997041748789057
1.6066814232054532
1.2345158155817468
True EVDs
0.19508944161113329
1.1380481945546599
0.00397061486990636
0.15716646802065753
0.0
0.12398333182232017
0.17163488847312647
0.0
0.6536264872106148
1.0556170705767203
0.010408205505599013
0.12215445784631404
0.00102868253200319
1.5281448200566374
0.0008584091471881053
0.0
0.0
1.263019929261965
0.4600885381600973
0.33258965875078966
Num demos
4
1
3
2
4
1
2
3
2
1
2
2
2
1
2
4
2
1
1
2
Percent states
0.16
0.04
0.12
0.08
0.16
0.04
0.08
0.12
0.08
0.04
0.08
0.08
0.08
0.04
0.08
0.16
0.08
0.04
0.04
0.08
Policy accuracies
0.64
0.2
0.88
0.88
1.0
0.72
0.84
1.0
0.64
0.24
0.84
0.84
0.96
0.36
0.96
1.0
1.0
0.28
0.64
0.8
NEW THRESHOLD 1.6
Accuracy
0.95
Bound errors
0.20128555786553198
0.25073113807957004
0.7397135693215794
1.306676382787967
0.5089344458107791
1.3235458251100063
1.3873026656768508
1.5929472358833556
0.9244157161022941
0.5352424528661726
1.4259750235261914
1.0833543303328415
1.378824911644047
-0.331517902846147
1.4526544398488008
0.29753233840489635
1.3618683195170116
0.23668424561694068
0.8472166598715739
0.9019261568309571
Policy loss bounds
0.39637499947666527
1.38877933263423
0.7460635233704828
1.4638428508086245
0.5089344458107791
1.4499814048006443
1.5589375541499773
1.5929472358833556
1.578042203312909
1.5908595234428928
1.4363832290317904
1.0833543303328415
1.3798535941760501
1.1966269172104904
1.453512848995989
0.29753233840489635
1.3618683195170116
1.4997041748789057
1.3320049972916586
1.2345158155817468
True EVDs
0.19508944161113329
1.1380481945546599
0.006349954048903389
0.15716646802065753
0.0
0.1264355796906381
0.17163488847312647
0.0
0.6536264872106148
1.0556170705767203
0.010408205505599013
0.0
0.00102868253200319
1.5281448200566374
0.0008584091471881053
0.0
0.0
1.263019929261965
0.48478833742008465
0.33258965875078966
Num demos
4
1
4
3
4
2
2
3
2
1
3
3
2
1
2
4
2
1
2
2
Percent states
0.16
0.04
0.16
0.12
0.16
0.08
0.08
0.12
0.08
0.04
0.12
0.12
0.08
0.04
0.08
0.16
0.08
0.04
0.08
0.08
Policy accuracies
0.64
0.2
0.84
0.88
1.0
0.68
0.84
1.0
0.64
0.24
0.84
1.0
0.96
0.36
0.96
1.0
1.0
0.28
0.56
0.8
NEW THRESHOLD 1.4
Accuracy
0.95
Bound errors
0.20128555786553198
0.25073113807957004
0.7397135693215794
0.6046970890946213
0.5089344458107791
1.097343742207704
0.3845813274611657
0.31612828719068
0.1399043638317184
1.3366195073845566
0.3629501596010228
1.0833543303328415
1.378824911644047
-0.331517902846147
0.5125799532200359
0.29753233840489635
1.3618683195170116
0.6971939819074447
0.8472166598715739
0.9019261568309571
Policy loss bounds
0.39637499947666527
1.38877933263423
0.7460635233704828
0.7618635571152789
0.5089344458107791
1.3879895994995806
0.5562162159342922
0.31612828719068
0.4968375842692238
1.3378005212974602
0.3733583651066218
1.0833543303328415
1.3798535941760501
1.1966269172104904
0.5134383623672241
0.29753233840489635
1.3618683195170116
1.2409429882855232
1.3320049972916586
1.2345158155817468
True EVDs
0.19508944161113329
1.1380481945546599
0.006349954048903389
0.15716646802065753
0.0
0.29064585729187664
0.17163488847312647
0.0
0.3569332204375054
0.0011810139129036642
0.010408205505599013
0.0
0.00102868253200319
1.5281448200566374
0.0008584091471881053
0.0
0.0
0.5437490063780784
0.48478833742008465
0.33258965875078966
Num demos
4
1
4
4
4
3
4
4
4
2
4
3
2
1
4
4
2
2
2
2
Percent states
0.16
0.04
0.16
0.16
0.16
0.12
0.16
0.16
0.16
0.08
0.16
0.12
0.08
0.04
0.16
0.16
0.08
0.08
0.08
0.08
Policy accuracies
0.64
0.2
0.84
0.88
1.0
0.76
0.84
1.0
0.56
0.92
0.84
1.0
0.96
0.36
0.96
1.0
1.0
0.8
0.56
0.8
NEW THRESHOLD 1.2
Accuracy
0.95
Bound errors
0.20128555786553198
0.9397211887681962
0.7397135693215794
0.6046970890946213
0.5089344458107791
0.053652586181650974
0.3845813274611657
0.31612828719068
0.1399043638317184
0.9165884807247494
0.3629501596010228
1.0833543303328415
0.5423713201113504
-0.331517902846147
0.5125799532200359
0.29753233840489635
0.735424519531744
0.2738184240093995
0.17856592096445528
0.43652832216397597
Policy loss bounds
0.39637499947666527
1.035522087042523
0.7460635233704828
0.7618635571152789
0.5089344458107791
0.3442984434735276
0.5562162159342922
0.31612828719068
0.4968375842692238
0.9177694946376531
0.3733583651066218
1.0833543303328415
0.5434000026433535
1.1966269172104904
0.5134383623672241
0.29753233840489635
0.735424519531744
0.8350939605683574
0.6462879489763017
0.5078719393496433
True EVDs
0.19508944161113329
0.09580089827432683
0.006349954048903389
0.15716646802065753
0.0
0.29064585729187664
0.17163488847312647
0.0
0.3569332204375054
0.0011810139129036642
0.010408205505599013
0.0
0.00102868253200319
1.5281448200566374
0.0008584091471881053
0.0
0.0
0.5612755365589579
0.4677220280118464
0.07134361718566731
Num demos
4
3
4
4
4
4
4
4
4
3
4
3
4
1
4
4
4
3
4
5
Percent states
0.16
0.12
0.16
0.16
0.16
0.16
0.16
0.16
0.16
0.12
0.16
0.12
0.16
0.04
0.16
0.16
0.16
0.12
0.16
0.2
Policy accuracies
0.64
0.88
0.84
0.88
1.0
0.76
0.84
1.0
0.56
0.92
0.84
1.0
0.96
0.36
0.96
1.0
1.0
0.56
0.64
0.92
NEW THRESHOLD 1.0
Accuracy
1.0
Bound errors
0.20128555786553198
0.40791442520296306
0.7397135693215794
0.6046970890946213
0.5089344458107791
0.053652586181650974
0.3845813274611657
0.31612828719068
0.1399043638317184
0.9165884807247494
0.3629501596010228
0.368967971129893
0.5423713201113504
0.7436726963543393
0.5125799532200359
0.29753233840489635
0.735424519531744
0.2738184240093995
0.17856592096445528
0.43652832216397597
Policy loss bounds
0.39637499947666527
0.40791442520296306
0.7460635233704828
0.7618635571152789
0.5089344458107791
0.3442984434735276
0.5562162159342922
0.31612828719068
0.4968375842692238
0.9177694946376531
0.3733583651066218
0.49704837151169606
0.5434000026433535
0.9219314433716042
0.5134383623672241
0.29753233840489635
0.735424519531744
0.8350939605683574
0.6462879489763017
0.5078719393496433
True EVDs
0.19508944161113329
0.0
0.006349954048903389
0.15716646802065753
0.0
0.29064585729187664
0.17163488847312647
0.0
0.3569332204375054
0.0011810139129036642
0.010408205505599013
0.1280804003818031
0.00102868253200319
0.17825874701726482
0.0008584091471881053
0.0
0.0
0.5612755365589579
0.4677220280118464
0.07134361718566731
Num demos
4
4
4
4
4
4
4
4
4
3
4
4
4
4
4
4
4
3
4
5
Percent states
0.16
0.16
0.16
0.16
0.16
0.16
0.16
0.16
0.16
0.12
0.16
0.16
0.16
0.16
0.16
0.16
0.16
0.12
0.16
0.2
Policy accuracies
0.64
1.0
0.84
0.88
1.0
0.76
0.84
1.0
0.56
0.92
0.84
0.76
0.96
0.64
0.96
1.0
1.0
0.56
0.64
0.92
NEW THRESHOLD 0.8
Accuracy
0.95
Bound errors
0.20128555786553198
0.40791442520296306
0.7397135693215794
0.6046970890946213
0.5089344458107791
0.053652586181650974
0.3845813274611657
0.31612828719068
0.1399043638317184
0.5239371433786271
0.3629501596010228
0.368967971129893
0.5423713201113504
0.7395916389876005
0.5125799532200359
0.29753233840489635
0.735424519531744
-0.13492070982287052
0.17856592096445528
0.43652832216397597
Policy loss bounds
0.39637499947666527
0.40791442520296306
0.7460635233704828
0.7618635571152789
0.5089344458107791
0.3442984434735276
0.5562162159342922
0.31612828719068
0.4968375842692238
0.5251181572915308
0.3733583651066218
0.49704837151169606
0.5434000026433535
0.783258727316445
0.5134383623672241
0.29753233840489635
0.735424519531744
0.4088282965552079
0.6462879489763017
0.5078719393496433
True EVDs
0.19508944161113329
0.0
0.006349954048903389
0.15716646802065753
0.0
0.29064585729187664
0.17163488847312647
0.0
0.3569332204375054
0.0011810139129036642
0.010408205505599013
0.1280804003818031
0.00102868253200319
0.04366708832884446
0.0008584091471881053
0.0
0.0
0.5437490063780784
0.4677220280118464
0.07134361718566731
Num demos
4
4
4
4
4
4
4
4
4
6
4
4
4
6
4
4
4
4
4
5
Percent states
0.16
0.16
0.16
0.16
0.16
0.16
0.16
0.16
0.16
0.24
0.16
0.16
0.16
0.24
0.16
0.16
0.16
0.16
0.16
0.2
Policy accuracies
0.64
1.0
0.84
0.88
1.0
0.76
0.84
1.0
0.56
0.92
0.84
0.76
0.96
0.8
0.96
1.0
1.0
0.8
0.64
0.92
NEW THRESHOLD 0.6
Accuracy
0.95
Bound errors
0.20128555786553198
0.40791442520296306
0.5460520961705227
0.07287016731152239
0.5089344458107791
0.053652586181650974
0.3845813274611657
0.31612828719068
0.1399043638317184
0.5239371433786271
0.3629501596010228
0.368967971129893
0.5423713201113504
0.5196069467867862
0.5125799532200359
0.29753233840489635
0.3130322985575026
-0.13492070982287052
0.30121389163177004
0.43652832216397597
Policy loss bounds
0.39637499947666527
0.40791442520296306
0.5524020502194261
0.07308169716118271
0.5089344458107791
0.3442984434735276
0.5562162159342922
0.31612828719068
0.4968375842692238
0.5251181572915308
0.3733583651066218
0.49704837151169606
0.5434000026433535
0.5632740351156307
0.5134383623672241
0.29753233840489635
0.5249822700513735
0.4088282965552079
0.30654764384602645
0.5078719393496433
True EVDs
0.19508944161113329
0.0
0.006349954048903389
0.00021152984966031036
0.0
0.29064585729187664
0.17163488847312647
0.0
0.3569332204375054
0.0011810139129036642
0.010408205505599013
0.1280804003818031
0.00102868253200319
0.04366708832884446
0.0008584091471881053
0.0
0.21194997149387096
0.5437490063780784
0.005333752214256417
0.07134361718566731
Num demos
4
4
8
7
4
4
4
4
4
6
4
4
4
11
4
4
9
4
6
5
Percent states
0.16
0.16
0.32
0.28
0.16
0.16
0.16
0.16
0.16
0.24
0.16
0.16
0.16
0.44
0.16
0.16
0.36
0.16
0.24
0.2
Policy accuracies
0.64
1.0
0.84
0.96
1.0
0.76
0.84
1.0
0.56
0.92
0.84
0.76
0.96
0.8
0.96
1.0
0.84
0.8
0.96
0.92
NEW THRESHOLD 0.4
Accuracy
1.0
Bound errors
0.20128555786553198
0.3267345024151004
0.035613633277278636
0.07287016731152239
0.15274373520526588
0.053652586181650974
0.3721300373486242
0.31612828719068
0.04036372782635239
0.2532839166934947
0.3629501596010228
0.2334005349979121
0.08604444896794375
0.21045242510818304
0.31531789829676343
0.29753233840489635
0.18593040816107076
0.3216115538779168
0.30121389163177004
0.13798687845422494
Policy loss bounds
0.39637499947666527
0.32841350719137863
0.036159120186004944
0.07308169716118271
0.15274373520526588
0.3442984434735276
0.38354676626657397
0.31612828719068
0.3700465053124939
0.25362862512932344
0.3733583651066218
0.3614809353797152
0.33433433099974713
0.2536619468368986
0.31617630744395153
0.29753233840489635
0.3978803796549417
0.3216116053920333
0.30654764384602645
0.20933049563989226
True EVDs
0.19508944161113329
0.001679004776278239
0.000545486908726306
0.00021152984966031036
0.0
0.29064585729187664
0.011416728917949762
0.0
0.3296827774861415
0.0003447084358287449
0.010408205505599013
0.1280804003818031
0.24828988203180338
0.04320952172871554
0.0008584091471881053
0.0
0.21194997149387096
5.1514116546717764e-08
0.005333752214256417
0.07134361718566731
Num demos
4
6
18
7
10
4
5
4
11
8
4
5
8
14
8
4
10
12
6
13
Percent states
0.16
0.24
0.72
0.28
0.4
0.16
0.2
0.16
0.44
0.32
0.16
0.2
0.32
0.56
0.32
0.16
0.4
0.48
0.24
0.52
Policy accuracies
0.64
0.92
0.96
0.96
1.0
0.76
0.88
1.0
0.84
0.96
0.84
0.76
0.84
0.84
0.96
1.0
0.84
1.0
0.96
0.92
NEW THRESHOLD 0.2
Accuracy
0.95
Bound errors
0.1434868331266283
0.1768667250749598
0.035613633277278636
0.07287016731152239
0.15274373520526588
-0.10634163475360606
0.1886337943357977
0.18642678365030513
0.11646153602699061
0.09264383548120944
0.07633182808111587
0.18015725278560069
0.11479860737241819
0.09337803896464879
0.1510996807146778
0.050283331161126675
0.14353214588349905
0.0726923215385664
0.16757458378951598
0.12544738489006835
Policy loss bounds
0.14348688849373004
0.1768667250749598
0.036159120186004944
0.07308169716118271
0.15274373520526588
0.1897315301962402
0.1918045284301761
0.18642678365030513
0.1164616775736477
0.09264383548120944
0.1907854334799446
0.18015725278560069
0.11479860737241819
0.13600869553964604
0.1510996807146778
0.050283331161126675
0.14353214588349905
0.07269237305268295
0.1675746942441149
0.19679100207573566
True EVDs
5.5367101735288514e-08
0.0
0.000545486908726306
0.00021152984966031036
0.0
0.29607316494984626
0.0031707340943783902
0.0
1.415466570941944e-07
0.0
0.11445360539882872
0.0
0.0
0.04263065657499725
0.0
0.0
0.0
5.1514116546717764e-08
1.1045459890433919e-07
0.07134361718566731
Num demos
16
14
18
7
10
6
10
9
22
12
10
13
12
18
13
5
14
15
9
14
Percent states
0.64
0.56
0.72
0.28
0.4
0.24
0.4
0.36
0.88
0.48
0.4
0.52
0.48
0.72
0.52
0.2
0.56
0.6
0.36
0.56
Policy accuracies
1.0
1.0
0.96
0.96
1.0
0.8
0.96
1.0
1.0
1.0
0.96
1.0
1.0
0.96
1.0
1.0
1.0
1.0
1.0
0.92
NEW THRESHOLD 0.0
Accuracy
Bound errors
Policy loss bounds
True EVDs
Num demos
Percent states
Policy accuracies
**************************************************
