NEW THRESHOLD 0.0
Percent Improvements
0.012702742369573354
0.6127527383145841
0.12684668973510052
1.5396585529089903
0.4105964236128586
0.86937780276866
0.5801254169844752
0.22412559841922833
0.9359983647091522
9.348683879561474
0.04406834423068688
0.0302060936319424
0.43205369948830363
4.975199830095276
0.26420684158458785
0.4282645719974502
0.905138343083801
Confidence
0.9
True EVDs
0.10241556135315608
0.10320703463084295
0.009951460471752297
0.03905207060481768
0.007518545965356178
0.0
0.6300412767248168
0.0
0.15303535610258387
0.2609575168122863
0.15036265063728674
0.04263065657499725
0.20953774632988054
0.0
0.07648047240631103
0.036971593118775105
0.0736157883145796
Num demos
8
1
1
1
3
1
1
2
1
1
1
7
1
1
3
1
1
Percent states
0.4
0.05
0.05
0.05
0.15
0.05
0.05
0.1
0.05
0.05
0.05
0.35
0.05
0.05
0.15
0.05
0.05
Policy accuracies
0.92
0.8
0.88
0.68
0.8
1.0
0.56
1.0
0.72
0.6
0.84
0.96
0.72
1.0
0.84
0.68
0.88
NEW THRESHOLD 0.1
Percent Improvements
0.15442039982000186
0.6127527383145841
0.12684668973510052
1.5396585529089903
0.4105964236128586
0.86937780276866
0.5801254169844752
0.22412559841922833
0.9359983647091522
9.348683879561474
0.24268224583776732
0.43205369948830363
4.975199830095276
0.26420684158458785
0.4282645719974502
0.905138343083801
Confidence
0.85
True EVDs
5.5367101735288514e-08
0.10320703463084295
0.009951460471752297
0.03905207060481768
0.007518545965356178
0.0
0.6300412767248168
0.0
0.15303535610258387
0.2609575168122863
0.0
0.20953774632988054
0.0
0.07648047240631103
0.036971593118775105
0.0736157883145796
Num demos
10
1
1
1
3
1
1
2
1
1
4
1
1
3
1
1
Percent states
0.5
0.05
0.05
0.05
0.15
0.05
0.05
0.1
0.05
0.05
0.2
0.05
0.05
0.15
0.05
0.05
Policy accuracies
1.0
0.8
0.88
0.68
0.8
1.0
0.56
1.0
0.72
0.6
1.0
0.72
1.0
0.84
0.68
0.88
NEW THRESHOLD 0.2
Percent Improvements
0.6127527383145841
1.5396585529089903
0.4105964236128586
0.86937780276866
0.5801254169844752
0.22412559841922833
0.9359983647091522
9.348683879561474
0.24268224583776732
0.43205369948830363
4.975199830095276
0.26420684158458785
0.4282645719974502
0.905138343083801
Confidence
0.75
True EVDs
0.10320703463084295
0.03905207060481768
0.007518545965356178
0.0
0.6300412767248168
0.0
0.15303535610258387
0.2609575168122863
0.0
0.20953774632988054
0.0
0.07648047240631103
0.036971593118775105
0.0736157883145796
Num demos
1
1
3
1
1
2
1
1
4
1
1
3
1
1
Percent states
0.05
0.05
0.15
0.05
0.05
0.1
0.05
0.05
0.2
0.05
0.05
0.15
0.05
0.05
Policy accuracies
0.8
0.68
0.8
1.0
0.56
1.0
0.72
0.6
1.0
0.72
1.0
0.84
0.68
0.88
NEW THRESHOLD 0.3
Percent Improvements
0.6127527383145841
1.5396585529089903
0.4105964236128586
0.86937780276866
0.5801254169844752
0.9359983647091522
9.348683879561474
0.43205369948830363
4.975199830095276
0.38817750824419084
0.4282645719974502
0.905138343083801
Confidence
0.65
True EVDs
0.10320703463084295
0.03905207060481768
0.007518545965356178
0.0
0.6300412767248168
0.15303535610258387
0.2609575168122863
0.20953774632988054
0.0
0.0020670730472055416
0.036971593118775105
0.0736157883145796
Num demos
1
1
3
1
1
1
1
1
1
9
1
1
Percent states
0.05
0.05
0.15
0.05
0.05
0.05
0.05
0.05
0.05
0.45
0.05
0.05
Policy accuracies
0.8
0.68
0.8
1.0
0.56
0.72
0.6
0.72
1.0
0.92
0.68
0.88
NEW THRESHOLD 0.4
Percent Improvements
0.6127527383145841
1.5396585529089903
0.4105964236128586
0.86937780276866
0.5801254169844752
0.9359983647091522
9.348683879561474
0.43205369948830363
4.975199830095276
0.4282645719974502
0.905138343083801
Confidence
0.6
True EVDs
0.10320703463084295
0.03905207060481768
0.007518545965356178
0.0
0.6300412767248168
0.15303535610258387
0.2609575168122863
0.20953774632988054
0.0
0.036971593118775105
0.0736157883145796
Num demos
1
1
3
1
1
1
1
1
1
1
1
Percent states
0.05
0.05
0.15
0.05
0.05
0.05
0.05
0.05
0.05
0.05
0.05
Policy accuracies
0.8
0.68
0.8
1.0
0.56
0.72
0.6
0.72
1.0
0.68
0.88
NEW THRESHOLD 0.5
Percent Improvements
0.6127527383145841
1.5396585529089903
0.86937780276866
0.5801254169844752
0.9359983647091522
9.348683879561474
0.8275215801548576
4.975199830095276
0.905138343083801
Confidence
0.5
True EVDs
0.10320703463084295
0.03905207060481768
0.0
0.6300412767248168
0.15303535610258387
0.2609575168122863
0.0
0.0
0.0736157883145796
Num demos
1
1
1
1
1
1
2
1
1
Percent states
0.05
0.05
0.05
0.05
0.05
0.05
0.1
0.05
0.05
Policy accuracies
0.8
0.68
1.0
0.56
0.72
0.6
1.0
1.0
0.88
NEW THRESHOLD 0.6
Percent Improvements
0.6127527383145841
1.5396585529089903
0.86937780276866
2.246450358887981
0.9359983647091522
9.348683879561474
0.8275215801548576
4.975199830095276
0.905138343083801
Confidence
0.5
True EVDs
0.10320703463084295
0.03905207060481768
0.0
0.340049344228527
0.15303535610258387
0.2609575168122863
0.0
0.0
0.0736157883145796
Num demos
1
1
1
3
1
1
2
1
1
Percent states
0.05
0.05
0.05
0.15
0.05
0.05
0.1
0.05
0.05
Policy accuracies
0.8
0.68
1.0
0.72
0.72
0.6
1.0
1.0
0.88
NEW THRESHOLD 0.7
Percent Improvements
0.7969060141809886
1.5396585529089903
0.86937780276866
2.246450358887981
0.9359983647091522
9.348683879561474
0.8275215801548576
4.975199830095276
0.905138343083801
Confidence
0.5
True EVDs
0.0035473709934905045
0.03905207060481768
0.0
0.340049344228527
0.15303535610258387
0.2609575168122863
0.0
0.0
0.0736157883145796
Num demos
4
1
1
3
1
1
2
1
1
Percent states
0.2
0.05
0.05
0.15
0.05
0.05
0.1
0.05
0.05
Policy accuracies
0.92
0.68
1.0
0.72
0.72
0.6
1.0
1.0
0.88
NEW THRESHOLD 0.8
Percent Improvements
0.8034609228102396
1.5396585529089903
0.86937780276866
2.246450358887981
0.9359983647091522
9.348683879561474
0.8275215801548576
4.975199830095276
0.905138343083801
Confidence
0.5
True EVDs
0.0
0.03905207060481768
0.0
0.340049344228527
0.15303535610258387
0.2609575168122863
0.0
0.0
0.0736157883145796
Num demos
6
1
1
3
1
1
2
1
1
Percent states
0.3
0.05
0.05
0.15
0.05
0.05
0.1
0.05
0.05
Policy accuracies
1.0
0.68
1.0
0.72
0.72
0.6
1.0
1.0
0.88
NEW THRESHOLD 0.9
Percent Improvements
1.5396585529089903
2.246450358887981
0.9359983647091522
9.348683879561474
4.975199830095276
0.905138343083801
Confidence
0.35
True EVDs
0.03905207060481768
0.340049344228527
0.15303535610258387
0.2609575168122863
0.0
0.0736157883145796
Num demos
1
3
1
1
1
1
Percent states
0.05
0.15
0.05
0.05
0.05
0.05
Policy accuracies
0.68
0.72
0.72
0.6
1.0
0.88
NEW THRESHOLD 1.0
Percent Improvements
1.5396585529089903
2.246450358887981
1.021131120030529
9.348683879561474
4.975199830095276
1.0711897122427416
Confidence
0.35
True EVDs
0.03905207060481768
0.340049344228527
0.11933541161530856
0.2609575168122863
0.0
0.003786988702978068
Num demos
1
3
3
1
1
5
Percent states
0.05
0.15
0.15
0.05
0.05
0.25
Policy accuracies
0.68
0.72
0.88
0.6
1.0
0.92
**************************************************
