NEW THRESHOLD 0.0
Percent Improvements
9.070680612007214
11.726046296746897
0.3581301937353846
1.4244347819751595
0.5823600492655545
0.062241572546197194
2.0402262999739786
1.5030329087884966
1.3428451872243983
0.7707088542741463
Confidence
0.5
True EVDs
0.0
0.0
0.04010691215402042
0.007958573656581279
1.4558643993281253
0.8599709984098284
2.176898226446319
0.5661441804428801
0.006009705646225078
0.02805177320187043
Num demos
1
1
1
1
1
1
1
1
1
1
Percent states
0.0625
0.0625
0.0625
0.0625
0.0625
0.0625
0.0625
0.0625
0.0625
0.0625
Policy accuracies
1.0
1.0
0.875
0.875
0.3125
0.375
0.25
0.5
0.875
0.625
NEW THRESHOLD 0.1
Percent Improvements
9.070680612007214
11.726046296746897
0.3581301937353846
1.4244347819751595
0.5823600492655545
1.1690926145107923
2.0402262999739786
1.5030329087884966
1.3428451872243983
0.7707088542741463
Confidence
0.5
True EVDs
0.0
0.0
0.04010691215402042
0.007958573656581279
1.4558643993281253
0.0009126373519282761
2.176898226446319
0.5661441804428801
0.006009705646225078
0.02805177320187043
Num demos
1
1
1
1
1
3
1
1
1
1
Percent states
0.0625
0.0625
0.0625
0.0625
0.0625
0.1875
0.0625
0.0625
0.0625
0.0625
Policy accuracies
1.0
1.0
0.875
0.875
0.3125
0.875
0.25
0.5
0.875
0.625
NEW THRESHOLD 0.2
Percent Improvements
9.070680612007214
11.726046296746897
0.3581301937353846
1.4244347819751595
0.5823600492655545
1.1690926145107923
2.0402262999739786
1.5030329087884966
1.3428451872243983
0.7707088542741463
Confidence
0.5
True EVDs
0.0
0.0
0.04010691215402042
0.007958573656581279
1.4558643993281253
0.0009126373519282761
2.176898226446319
0.5661441804428801
0.006009705646225078
0.02805177320187043
Num demos
1
1
1
1
1
3
1
1
1
1
Percent states
0.0625
0.0625
0.0625
0.0625
0.0625
0.1875
0.0625
0.0625
0.0625
0.0625
Policy accuracies
1.0
1.0
0.875
0.875
0.3125
0.875
0.25
0.5
0.875
0.625
NEW THRESHOLD 0.3
Percent Improvements
9.070680612007214
11.726046296746897
0.3581301937353846
1.4244347819751595
0.5823600492655545
1.1690926145107923
2.0402262999739786
1.5030329087884966
1.3428451872243983
0.7707088542741463
Confidence
0.5
True EVDs
0.0
0.0
0.04010691215402042
0.007958573656581279
1.4558643993281253
0.0009126373519282761
2.176898226446319
0.5661441804428801
0.006009705646225078
0.02805177320187043
Num demos
1
1
1
1
1
3
1
1
1
1
Percent states
0.0625
0.0625
0.0625
0.0625
0.0625
0.1875
0.0625
0.0625
0.0625
0.0625
Policy accuracies
1.0
1.0
0.875
0.875
0.3125
0.875
0.25
0.5
0.875
0.625
NEW THRESHOLD 0.4
Percent Improvements
9.070680612007214
11.726046296746897
1.4244347819751595
0.5823600492655545
1.1690926145107923
2.0402262999739786
1.5030329087884966
1.3428451872243983
0.7707088542741463
Confidence
0.45
True EVDs
0.0
0.0
0.007958573656581279
1.4558643993281253
0.0009126373519282761
2.176898226446319
0.5661441804428801
0.006009705646225078
0.02805177320187043
Num demos
1
1
1
1
3
1
1
1
1
Percent states
0.0625
0.0625
0.0625
0.0625
0.1875
0.0625
0.0625
0.0625
0.0625
Policy accuracies
1.0
1.0
0.875
0.3125
0.875
0.25
0.5
0.875
0.625
NEW THRESHOLD 0.5
Percent Improvements
9.070680612007214
11.726046296746897
1.4244347819751595
0.5823600492655545
1.1690926145107923
2.0402262999739786
1.5030329087884966
1.3428451872243983
0.7707088542741463
Confidence
0.45
True EVDs
0.0
0.0
0.007958573656581279
1.4558643993281253
0.0009126373519282761
2.176898226446319
0.5661441804428801
0.006009705646225078
0.02805177320187043
Num demos
1
1
1
1
3
1
1
1
1
Percent states
0.0625
0.0625
0.0625
0.0625
0.1875
0.0625
0.0625
0.0625
0.0625
Policy accuracies
1.0
1.0
0.875
0.3125
0.875
0.25
0.5
0.875
0.625
NEW THRESHOLD 0.6
Percent Improvements
9.070680612007214
11.726046296746897
1.4244347819751595
1.1690926145107923
2.0402262999739786
1.5030329087884966
1.3428451872243983
0.7707088542741463
Confidence
0.4
True EVDs
0.0
0.0
0.007958573656581279
0.0009126373519282761
2.176898226446319
0.5661441804428801
0.006009705646225078
0.02805177320187043
Num demos
1
1
1
3
1
1
1
1
Percent states
0.0625
0.0625
0.0625
0.1875
0.0625
0.0625
0.0625
0.0625
Policy accuracies
1.0
1.0
0.875
0.875
0.25
0.5
0.875
0.625
NEW THRESHOLD 0.7
Percent Improvements
9.070680612007214
11.726046296746897
1.4244347819751595
1.1690926145107923
2.0402262999739786
1.5030329087884966
1.3428451872243983
0.7707088542741463
Confidence
0.4
True EVDs
0.0
0.0
0.007958573656581279
0.0009126373519282761
2.176898226446319
0.5661441804428801
0.006009705646225078
0.02805177320187043
Num demos
1
1
1
3
1
1
1
1
Percent states
0.0625
0.0625
0.0625
0.1875
0.0625
0.0625
0.0625
0.0625
Policy accuracies
1.0
1.0
0.875
0.875
0.25
0.5
0.875
0.625
NEW THRESHOLD 0.8
Percent Improvements
9.070680612007214
11.726046296746897
1.4244347819751595
1.1690926145107923
2.0402262999739786
1.5030329087884966
1.3428451872243983
Confidence
0.35
True EVDs
0.0
0.0
0.007958573656581279
0.0009126373519282761
2.176898226446319
0.5661441804428801
0.006009705646225078
Num demos
1
1
1
3
1
1
1
Percent states
0.0625
0.0625
0.0625
0.1875
0.0625
0.0625
0.0625
Policy accuracies
1.0
1.0
0.875
0.875
0.25
0.5
0.875
NEW THRESHOLD 0.9
Percent Improvements
9.070680612007214
11.726046296746897
1.4244347819751595
1.1690926145107923
2.0402262999739786
1.5030329087884966
1.3428451872243983
Confidence
0.35
True EVDs
0.0
0.0
0.007958573656581279
0.0009126373519282761
2.176898226446319
0.5661441804428801
0.006009705646225078
Num demos
1
1
1
3
1
1
1
Percent states
0.0625
0.0625
0.0625
0.1875
0.0625
0.0625
0.0625
Policy accuracies
1.0
1.0
0.875
0.875
0.25
0.5
0.875
NEW THRESHOLD 1.0
Percent Improvements
9.070680612007214
11.726046296746897
1.4244347819751595
1.1690926145107923
2.0402262999739786
1.5030329087884966
1.3428451872243983
Confidence
0.35
True EVDs
0.0
0.0
0.007958573656581279
0.0009126373519282761
2.176898226446319
0.5661441804428801
0.006009705646225078
Num demos
1
1
1
3
1
1
1
Percent states
0.0625
0.0625
0.0625
0.1875
0.0625
0.0625
0.0625
Policy accuracies
1.0
1.0
0.875
0.875
0.25
0.5
0.875
**************************************************
