NEW THRESHOLD 0.0
Percent Improvements
0.09557032855459022
0.7095492917324299
2.0088552069384935
0.8172929216093976
0.11841151941944002
1.2032228821792261
0.8123325937332047
4.36759802956176
0.16324411806033604
1.423700867674336
2.217206440345887
2.094398478132693
0.41681254093454634
4.225711681324706
0.46137273664124895
0.46394279505157743
0.34602782615784866
Confidence
0.9
True EVDs
0.0
0.003149265854862916
0.36438738348923405
0.0
0.010270245333967165
0.021126328629025783
0.48643355306187824
0.018336456203642933
0.0009126373519282761
0.0
0.019333918641409736
0.33656136619538896
0.017294777045848784
0.006009705646225078
0.011464251519805315
0.02805177320187043
0.0
Num demos
1
1
1
1
2
1
2
1
1
3
5
1
1
1
1
1
1
1
Percent states
0.0625
0.0625
0.0625
0.0625
0.125
0.0625
0.0625
0.0625
0.1875
0.3125
0.0625
0.0625
0.0625
0.0625
0.0625
0.0625
0.0625
Policy accuracies
1.0
0.9375
0.5625
1.0
0.9375
0.8125
0.6875
0.875
0.875
1.0
0.75
0.625
0.9375
0.875
0.875
0.625
1.0
NEW THRESHOLD 0.1
Percent Improvements
0.7095492917324299
2.0088552069384935
0.8172929216093976
0.11841151941944002
1.2032228821792261
0.8123325937332047
4.36759802956176
0.16324411806033604
1.423700867674336
2.217206440345887
2.094398478132693
0.41681254093454634
4.225711681324706
0.46137273664124895
0.46394279505157743
0.34602782615784866
Confidence
0.85
True EVDs
0.003149265854862916
0.36438738348923405
0.0
0.010270245333967165
0.021126328629025783
0.48643355306187824
0.018336456203642933
0.0009126373519282761
0.0
0.019333918641409736
0.33656136619538896
0.017294777045848784
0.006009705646225078
0.011464251519805315
0.02805177320187043
0.0
Num demos
1
1
1
2
1
1
1
3
5
1
1
1
1
1
1
1
Percent states
0.0625
0.0625
0.0625
0.125
0.0625
0.0625
0.0625
0.1875
0.3125
0.0625
0.0625
0.0625
0.0625
0.0625
0.0625
0.0625
Policy accuracies
0.9375
0.5625
1.0
0.9375
0.8125
0.6875
0.875
0.875
1.0
0.75
0.625
0.9375
0.875
0.875
0.625
1.0
NEW THRESHOLD 0.2
Percent Improvements
0.7095492917324299
2.0088552069384935
0.8172929216093976
1.2032228821792261
0.8123325937332047
4.36759802956176
1.423700867674336
2.217206440345887
2.094398478132693
0.41681254093454634
4.225711681324706
0.46137273664124895
0.46394279505157743
0.34602782615784866
Confidence
0.75
True EVDs
0.003149265854862916
0.36438738348923405
0.0
0.021126328629025783
0.48643355306187824
0.018336456203642933
0.0
0.019333918641409736
0.33656136619538896
0.017294777045848784
0.006009705646225078
0.011464251519805315
0.02805177320187043
0.0
Num demos
1
1
1
1
1
1
5
1
1
1
1
1
1
1
Percent states
0.0625
0.0625
0.0625
0.0625
0.0625
0.0625
0.3125
0.0625
0.0625
0.0625
0.0625
0.0625
0.0625
0.0625
Policy accuracies
0.9375
0.5625
1.0
0.8125
0.6875
0.875
1.0
0.75
0.625
0.9375
0.875
0.875
0.625
1.0
NEW THRESHOLD 0.3
Percent Improvements
0.7095492917324299
2.0088552069384935
0.8172929216093976
1.2032228821792261
0.8123325937332047
4.36759802956176
1.423700867674336
2.217206440345887
2.094398478132693
0.41681254093454634
4.225711681324706
0.46137273664124895
0.46394279505157743
0.34602782615784866
Confidence
0.75
True EVDs
0.003149265854862916
0.36438738348923405
0.0
0.021126328629025783
0.48643355306187824
0.018336456203642933
0.0
0.019333918641409736
0.33656136619538896
0.017294777045848784
0.006009705646225078
0.011464251519805315
0.02805177320187043
0.0
Num demos
1
1
1
1
1
1
5
1
1
1
1
1
1
1
Percent states
0.0625
0.0625
0.0625
0.0625
0.0625
0.0625
0.3125
0.0625
0.0625
0.0625
0.0625
0.0625
0.0625
0.0625
Policy accuracies
0.9375
0.5625
1.0
0.8125
0.6875
0.875
1.0
0.75
0.625
0.9375
0.875
0.875
0.625
1.0
NEW THRESHOLD 0.4
Percent Improvements
0.7095492917324299
2.0088552069384935
0.8172929216093976
1.2032228821792261
0.8123325937332047
4.36759802956176
1.423700867674336
2.217206440345887
2.094398478132693
0.41681254093454634
4.225711681324706
0.46137273664124895
0.46394279505157743
Confidence
0.7
True EVDs
0.003149265854862916
0.36438738348923405
0.0
0.021126328629025783
0.48643355306187824
0.018336456203642933
0.0
0.019333918641409736
0.33656136619538896
0.017294777045848784
0.006009705646225078
0.011464251519805315
0.02805177320187043
Num demos
1
1
1
1
1
1
5
1
1
1
1
1
1
Percent states
0.0625
0.0625
0.0625
0.0625
0.0625
0.0625
0.3125
0.0625
0.0625
0.0625
0.0625
0.0625
0.0625
Policy accuracies
0.9375
0.5625
1.0
0.8125
0.6875
0.875
1.0
0.75
0.625
0.9375
0.875
0.875
0.625
NEW THRESHOLD 0.5
Percent Improvements
0.7095492917324299
2.0088552069384935
0.8172929216093976
1.2032228821792261
0.8123325937332047
4.36759802956176
1.423700867674336
2.217206440345887
2.094398478132693
4.225711681324706
Confidence
0.55
True EVDs
0.003149265854862916
0.36438738348923405
0.0
0.021126328629025783
0.48643355306187824
0.018336456203642933
0.0
0.019333918641409736
0.33656136619538896
0.006009705646225078
Num demos
1
1
1
1
1
1
5
1
1
1
Percent states
0.0625
0.0625
0.0625
0.0625
0.0625
0.0625
0.3125
0.0625
0.0625
0.0625
Policy accuracies
0.9375
0.5625
1.0
0.8125
0.6875
0.875
1.0
0.75
0.625
0.875
NEW THRESHOLD 0.6
Percent Improvements
0.7095492917324299
2.0088552069384935
0.8172929216093976
1.2032228821792261
0.8123325937332047
4.36759802956176
1.423700867674336
2.217206440345887
2.094398478132693
4.225711681324706
Confidence
0.55
True EVDs
0.003149265854862916
0.36438738348923405
0.0
0.021126328629025783
0.48643355306187824
0.018336456203642933
0.0
0.019333918641409736
0.33656136619538896
0.006009705646225078
Num demos
1
1
1
1
1
1
5
1
1
1
Percent states
0.0625
0.0625
0.0625
0.0625
0.0625
0.0625
0.3125
0.0625
0.0625
0.0625
Policy accuracies
0.9375
0.5625
1.0
0.8125
0.6875
0.875
1.0
0.75
0.625
0.875
NEW THRESHOLD 0.7
Percent Improvements
0.7095492917324299
2.0088552069384935
0.8172929216093976
1.2032228821792261
0.8123325937332047
4.36759802956176
1.423700867674336
2.217206440345887
2.094398478132693
4.225711681324706
Confidence
0.55
True EVDs
0.003149265854862916
0.36438738348923405
0.0
0.021126328629025783
0.48643355306187824
0.018336456203642933
0.0
0.019333918641409736
0.33656136619538896
0.006009705646225078
Num demos
1
1
1
1
1
1
5
1
1
1
Percent states
0.0625
0.0625
0.0625
0.0625
0.0625
0.0625
0.3125
0.0625
0.0625
0.0625
Policy accuracies
0.9375
0.5625
1.0
0.8125
0.6875
0.875
1.0
0.75
0.625
0.875
NEW THRESHOLD 0.8
Percent Improvements
2.0088552069384935
0.8172929216093976
1.2032228821792261
0.8123325937332047
4.36759802956176
1.423700867674336
2.217206440345887
2.094398478132693
4.225711681324706
Confidence
0.5
True EVDs
0.36438738348923405
0.0
0.021126328629025783
0.48643355306187824
0.018336456203642933
0.0
0.019333918641409736
0.33656136619538896
0.006009705646225078
Num demos
1
1
1
1
1
5
1
1
1
Percent states
0.0625
0.0625
0.0625
0.0625
0.0625
0.3125
0.0625
0.0625
0.0625
Policy accuracies
0.5625
1.0
0.8125
0.6875
0.875
1.0
0.75
0.625
0.875
NEW THRESHOLD 0.9
Percent Improvements
2.0088552069384935
1.2032228821792261
3.094407685243372
4.36759802956176
1.423700867674336
2.217206440345887
2.094398478132693
4.225711681324706
Confidence
0.45
True EVDs
0.36438738348923405
0.021126328629025783
0.2637333606517921
0.018336456203642933
0.0
0.019333918641409736
0.33656136619538896
0.006009705646225078
Num demos
1
1
2
1
5
1
1
1
Percent states
0.0625
0.0625
0.125
0.0625
0.3125
0.0625
0.0625
0.0625
Policy accuracies
0.5625
0.8125
0.875
0.875
1.0
0.75
0.625
0.875
NEW THRESHOLD 1.0
Percent Improvements
2.0088552069384935
1.2032228821792261
3.094407685243372
4.36759802956176
1.423700867674336
2.217206440345887
2.094398478132693
4.225711681324706
Confidence
0.45
True EVDs
0.36438738348923405
0.021126328629025783
0.2637333606517921
0.018336456203642933
0.0
0.019333918641409736
0.33656136619538896
0.006009705646225078
Num demos
1
1
2
1
5
1
1
1
Percent states
0.0625
0.0625
0.125
0.0625
0.3125
0.0625
0.0625
0.0625
Policy accuracies
0.5625
0.8125
0.875
0.875
1.0
0.75
0.625
0.875
**************************************************
