NEW THRESHOLD 0.0
Percent Improvements
0.16554834706544236
0.16554834706544236
0.16554834706544236
0.16554834706544236
0.13849355683914777
0.16554834706544236
0.16554834706544236
0.16554834706544236
0.16554834706544236
0.16554834706544236
0.16554834706544236
0.16554834706544236
0.00146001793457083
0.00146001793457083
0.00146001793457083
0.00146001793457083
0.003921156013954875
0.003921156013954875
0.003921156013954875
0.003921156013954875
0.003921156013954875
0.003921156013954875
0.003921156013954875
0.003921156013954875
0.003921156013954875
0.003921156013954875
0.003921156013954875
0.003921156013954875
0.003921156013954875
0.003921156013954875
0.003921156013954875
0.003921156013954875
0.003921156013954875
0.015878944393389268
0.015878944393389268
0.015878944393389268
0.015878944393389268
0.015878944393389268
0.015878944393389268
0.015878944393389268
0.015878944393389268
0.015878944393389268
0.015878944393389268
0.015878944393389268
0.015878944393389268
0.49615595082432906
0.4095094300193366
0.4068708125884256
0.4095094300193366
0.4095094300193366
0.4124954654119842
0.4200221216336578
0.4124954654119842
0.4124954654119842
0.4124954654119842
0.4124954654119842
0.4124954654119842
0.5050392961750625
0.5050392961750625
0.5050392961750625
0.5050392961750625
0.5050392961750625
0.5050392961750625
0.5050392961750625
0.5050392961750625
0.5050392961750625
0.5050392961750625
0.5050392961750625
1.2270045996578458
1.2270045996578458
1.2311785112010336
1.2296132943723386
1.2270045996578458
1.2270045996578458
1.2270045996578458
1.2296132943723386
1.2270045996578458
1.2296132943723386
1.2270045996578458
1.2296132943723386
1.2296132943723386
1.2311785112010336
1.2362654658942944
1.2362654658942944
1.2362654658942944
1.2362654658942944
1.2362654658942944
1.2362654658942944
1.2362654658942944
1.2362654658942944
1.2362654658942944
1.2362654658942944
1.2362654658942944
0.25951363687295
0.3871307899357108
0.26743232638215975
0.45499894779776057
0.2534994423089935
0.26743232638215975
0.25951363687295
0.26743232638215975
0.26743232638215975
0.26743232638215975
0.26743232638215975
0.45710391589514554
0.45710391589514554
0.45710391589514554
0.45710391589514554
0.45710391589514554
0.45710391589514554
0.45710391589514554
0.45710391589514554
0.003935755351190543
0.003935755351190543
0.0777103869613931
0.0777103869613931
0.0777103869613931
0.0777103869613931
0.0777103869613931
0.0777103869613931
0.0777103869613931
0.0777103869613931
0.0777103869613931
0.0777103869613931
0.0777103869613931
0.0777103869613931
0.0777103869613931
0.0777103869613931
0.0777103869613931
0.0777103869613931
0.0777103869613931
0.0777103869613931
0.20809029236841187
0.20809029236841187
0.20809029236841187
0.3082528108346669
0.3082528108346669
0.3082528108346669
0.3082528108346669
0.3082528108346669
0.3082528108346669
0.3082528108346669
0.3082528108346669
0.3082528108346669
0.3082528108346669
0.3082528108346669
0.3082528108346669
0.3082528108346669
0.3082528108346669
0.3082528108346669
0.3082528108346669
0.3082528108346669
0.3082528108346669
0.3082528108346669
0.3082528108346669
0.3082528108346669
0.3082528108346669
1.1081713164271654
1.1081713164271654
1.1081713164271654
1.269357357927892
1.269357357927892
1.275678678850716
1.269357357927892
1.269357357927892
1.269357357927892
1.269357357927892
1.269357357927892
1.5222137942149971
1.5222137942149971
1.5222137942149971
1.5222137942149971
1.5222137942149971
1.5222137942149971
1.5222137942149971
1.5222137942149971
1.5222137942149971
1.5222137942149971
1.5222137942149971
1.5222137942149971
1.5222137942149971
1.5222137942149971
0.016741760721953988
0.016741760721953988
0.016741760721953988
0.016741760721953988
0.016741760721953988
0.016741760721953988
0.016741760721953988
0.016741760721953988
0.016741760721953988
0.016741760721953988
0.016741760721953988
0.016741760721953988
0.025876631981289318
0.027125384679924848
0.018166668605046864
0.018166668605046864
0.027125384679924848
0.027125384679924848
0.027125384679924848
0.02695324180828217
0.02695324180828217
0.027125384679924848
0.027125384679924848
0.00828040866364899
0.011756549566724802
0.0029388392394728707
0.00773934086689006
0.011756549566724802
0.011756549566724802
0.011756549566724802
0.011756549566724802
0.011756549566724802
0.011756549566724802
0.011756549566724802
0.011756549566724802
0.011756549566724802
0.011756549566724802
0.011756549566724802
0.011756549566724802
0.011756549566724802
0.011756549566724802
0.011756549566724802
0.011756549566724802
0.0018162634066412548
0.0018162634066412548
0.0018162634066412548
0.0018162634066412548
0.0018162634066412548
0.0018162634066412548
0.0018162634066412548
0.0018162634066412548
0.0018162634066412548
0.0018162634066412548
0.0018162634066412548
0.0018162634066412548
0.0018162634066412548
0.0018162634066412548
0.0018162634066412548
0.0018162634066412548
0.0018162634066412548
0.0018162634066412548
0.0018162634066412548
0.0018162634066412548
0.006706001188474262
0.006706001188474262
0.006706001188474262
0.006706001188474262
0.006706001188474262
0.006706001188474262
0.006706001188474262
0.006706001188474262
0.006706001188474262
0.006706001188474262
0.006706001188474262
0.006706001188474262
0.006706001188474262
0.006706001188474262
0.006706001188474262
0.006706001188474262
0.006706001188474262
0.006706001188474262
0.006706001188474262
0.006706001188474262
0.006706001188474262
0.006706001188474262
0.006706001188474262
0.006706001188474262
0.006706001188474262
0.004175148913490391
0.4373917881099925
0.4373917881099925
0.4373917881099925
0.4046519520966117
0.4373917881099925
0.4373917881099925
0.4373917881099925
0.4373917881099925
0.43264255622089737
0.43264255622089737
0.4373917881099925
0.43264255622089737
0.43264255622089737
0.4373917881099925
0.43264255622089737
0.4373917881099925
0.43264255622089737
0.43264255622089737
0.43264255622089737
0.4373917881099925
0.4373917881099925
0.4373917881099925
0.06861145072963362
0.05908945661535968
0.08038348363283705
0.0773920308271878
0.08038348363283705
0.08038348363283705
0.08038348363283705
0.07345590871449115
0.08038348363283705
0.08038348363283705
0.08038348363283705
0.09928671007906278
0.2742612105660096
0.2839551728461253
0.2839551728461253
0.31303675595264446
0.31303675595264446
0.31303675595264446
0.31303675595264446
0.31303675595264446
0.31303675595264446
0.31303675595264446
0.31303675595264446
0.31303675595264446
0.015859059975624
0.015859059975624
0.015859059975624
0.015859059975624
0.015859059975624
0.015859059975624
0.015859059975624
0.015859059975624
0.015859059975624
0.3176902754730832
0.3176902754730832
0.3176902754730832
0.3176902754730832
0.3176902754730832
0.3176902754730832
0.3176902754730832
0.3176902754730832
0.3176902754730832
0.3176902754730832
0.3176902754730832
0.3176902754730832
0.3176902754730832
0.3176902754730832
0.3176902754730832
0.3176902754730832
0.3176902754730832
0.3176902754730832
0.3176902754730832
0.3176902754730832
0.3176902754730832
0.3176902754730832
0.3176902754730832
0.0686940770530735
0.07579221160578144
0.07527496844310688
0.07527496844310688
0.07527496844310688
0.07527496844310688
0.07579221160578144
0.07527496844310688
0.07585590545933914
0.052106035432859396
0.07585590545933914
0.07585590545933914
0.07585590545933914
0.07585590545933914
0.07585590545933914
0.07585590545933914
0.07585590545933914
0.07585590545933914
0.07585590545933914
0.07585590545933914
0.07585590545933914
0.07585590545933914
1.1059501120741346
1.2508257319347276
1.2508257319347276
1.2508257319347276
1.2508257319347276
1.2508257319347276
1.2508257319347276
2.2586651740939185
1.2508257319347276
1.2508257319347276
2.2586651740939185
2.2586651740939185
1.2508257319347276
1.2508257319347276
1.2508257319347276
1.2508257319347276
2.46023144477214
2.46023144477214
2.46023144477214
2.46023144477214
2.46023144477214
2.46023144477214
2.46023144477214
2.4651421147164525
0.008519271999273893
0.09190378330816901
0.09190378330816901
0.09207306839508948
0.09207306839508948
0.09190378330816901
0.09207306839508948
0.09190378330816901
0.09190378330816901
0.09207306839508948
0.09190378330816901
0.09190378330816901
0.09190378330816901
0.09190378330816901
0.09190378330816901
0.09207306839508948
0.09207306839508948
0.09207306839508948
Confidence
1.8772727272727272
True EVDs
0.0
0.0
0.0
0.0
0.027771814104479424
0.0
0.0
0.0
0.0
0.0
0.0
0.0
0.002437458490534858
0.002437458490534858
0.002437458490534858
0.002437458490534858
0.0
0.0
0.0
0.0
0.0
0.0
0.0
0.0
0.0
0.0
0.0
0.0
0.0
0.0
0.0
0.0
0.0
0.0
0.0
0.0
0.0
0.0
0.0
0.0
0.0
0.0
0.0
0.0
0.0
0.0058686189423671825
0.06311005144441532
0.06485320558571253
0.06311005144441532
0.06311005144441532
0.061137382007847324
0.05616503481979692
0.061137382007847324
0.061137382007847324
0.061137382007847324
0.061137382007847324
0.061137382007847324
0.0
0.0
0.0
0.0
0.0
0.0
0.0
0.0
0.0
0.0
0.0
0.004789194596793163
0.004789194596793163
0.00263071616396682
0.003440145576276557
0.004789194596793163
0.004789194596793163
0.004789194596793163
0.003440145576276557
0.004789194596793163
0.003440145576276557
0.004789194596793163
0.003440145576276557
0.003440145576276557
0.00263071616396682
7.057395927046611e-08
7.057395927046611e-08
7.057395927046611e-08
7.057395927046611e-08
7.057395927046611e-08
7.057395927046611e-08
7.057395927046611e-08
7.057395927046611e-08
7.057395927046611e-08
7.057395927046611e-08
7.057395927046611e-08
0.1598437024268748
0.05660583900730112
0.15343775646746474
0.001702846394273645
0.16470897783908472
0.15343775646746474
0.1598437024268748
0.15343775646746474
0.15343775646746474
0.15343775646746474
0.15343775646746474
0.0
0.0
0.0
0.0
0.0
0.0
0.0
0.0
0.07437232303276738
0.07437232303276738
0.0
0.0
0.0
0.0
0.0
0.0
0.0
0.0
0.0
0.0
0.0
0.0
0.0
0.0
0.0
0.0
0.0
0.0
0.0936722093715148
0.0936722093715148
0.0936722093715148
0.0
0.0
0.0
0.0
0.0
0.0
0.0
0.0
0.0
0.0
0.0
0.0
0.0
0.0
0.0
0.0
0.0
0.0
0.0
0.0
0.0
0.0
0.1847653931930754
0.1847653931930754
0.1847653931930754
0.1128365463714905
0.1128365463714905
0.11001567354568918
0.1128365463714905
0.1128365463714905
0.1128365463714905
0.1128365463714905
0.1128365463714905
2.7128197205085625e-08
2.7128197205085625e-08
2.7128197205085625e-08
2.7128197205085625e-08
2.7128197205085625e-08
2.7128197205085625e-08
2.7128197205085625e-08
2.7128197205085625e-08
2.7128197205085625e-08
2.7128197205085625e-08
2.7128197205085625e-08
2.7128197205085625e-08
2.7128197205085625e-08
2.7128197205085625e-08
0.012890991874477911
0.012890991874477911
0.012890991874477911
0.012890991874477911
0.012890991874477911
0.012890991874477911
0.012890991874477911
0.012890991874477911
0.012890991874477911
0.012890991874477911
0.012890991874477911
0.012890991874477911
0.0015502931304620098
0.0
0.011122006786306505
0.011122006786306505
0.0
0.0
0.0
0.0002137107784890055
0.0002137107784890055
0.0
0.0
0.0038239467852625663
0.0
0.009699967866502842
0.004419151214460092
0.0
0.0
0.0
0.0
0.0
0.0
0.0
0.0
0.0
0.0
0.0
0.0
0.0
0.0
0.0
0.0
0.0
0.0
0.0
0.0
0.0
0.0
0.0
0.0
0.0
0.0
0.0
0.0
0.0
0.0
0.0
0.0
0.0
0.0
0.0
0.0
0.0
0.0
0.0
0.0
0.0
0.0
0.0
0.0
0.0
0.0
0.0
0.0
0.0
0.0
0.0
0.0
0.0
0.0
0.0
0.0
0.0
0.0
0.0
0.0
0.0
0.32163818000622285
0.0
0.0
0.0
0.024307425699476762
0.0
0.0
0.0
0.0
0.0035260286956411368
0.0035260286956411368
0.0
0.0035260286956411368
0.0035260286956411368
0.0
0.0035260286956411368
0.0
0.0035260286956411368
0.0035260286956411368
0.0035260286956411368
0.0
0.0
0.0
0.21626762306722533
0.22469268565779202
0.2058517256367676
0.20849856376981585
0.2058517256367676
0.2058517256367676
0.2058517256367676
0.21198124552382697
0.2058517256367676
0.2058517256367676
0.2058517256367676
0.18912614651312926
0.034308668087489974
0.025731448024085724
0.025731448024085724
5.65776341610797e-08
5.65776341610797e-08
5.65776341610797e-08
5.65776341610797e-08
5.65776341610797e-08
5.65776341610797e-08
5.65776341610797e-08
5.65776341610797e-08
5.65776341610797e-08
0.0
0.0
0.0
0.0
0.0
0.0
0.0
0.0
0.0
0.0
0.0
0.0
0.0
0.0
0.0
0.0
0.0
0.0
0.0
0.0
0.0
0.0
0.0
0.0
0.0
0.0
0.0
0.0
0.0
0.0
0.0
0.0
0.008034443880148939
7.145447543424915e-05
0.0006517198667781203
0.0006517198667781203
0.0006517198667781203
0.0006517198667781203
7.145447543424915e-05
0.0006517198667781203
0.0
0.026643614879357257
0.0
0.0
0.0
0.0
0.0
0.0
0.0
0.0
0.0
0.0
0.0
0.0
0.38384632531239726
0.3429323339051535
0.3429323339051535
0.3429323339051535
0.3429323339051535
0.3429323339051535
0.3429323339051535
0.0583107093967595
0.3429323339051535
0.3429323339051535
0.0583107093967595
0.0583107093967595
0.3429323339051535
0.3429323339051535
0.3429323339051535
0.3429323339051535
0.0013868413611678619
0.0013868413611678619
0.0013868413611678619
0.0013868413611678619
0.0013868413611678619
0.0013868413611678619
0.0013868413611678619
3.032906487110528e-08
0.0991469693615299
0.00020087780627894332
0.00020087780627894332
0.0
0.0
0.00020087780627894332
0.0
0.00020087780627894332
0.00020087780627894332
0.0
0.00020087780627894332
0.00020087780627894332
0.00020087780627894332
0.00020087780627894332
0.00020087780627894332
0.0
0.0
0.0
Num demos
14
15
16
17
18
19
20
21
22
23
24
25
4
5
6
7
8
9
10
11
12
14
15
16
17
18
19
20
21
22
23
24
25
1
15
16
17
18
19
20
21
22
23
24
25
3
4
5
6
7
8
9
10
11
12
13
14
15
16
17
18
19
20
21
22
23
24
25
1
2
3
4
5
6
7
8
9
10
11
12
13
14
15
16
17
18
19
20
21
22
23
24
25
1
2
3
4
7
12
13
14
15
16
17
18
19
20
21
22
23
24
25
2
3
4
5
7
8
9
11
14
15
16
17
18
19
20
21
22
23
24
25
1
2
3
4
5
6
7
8
9
10
11
12
13
14
15
16
17
18
19
20
21
22
23
24
25
1
2
3
4
5
6
7
8
9
10
11
12
13
14
15
16
17
18
19
20
21
22
23
24
25
3
4
5
6
7
8
9
10
11
12
13
14
15
16
17
18
19
20
21
22
23
24
25
2
3
4
5
6
7
8
9
14
15
16
17
18
19
20
21
22
23
24
25
5
7
8
9
10
11
12
13
14
15
16
17
18
19
20
21
22
23
24
25
1
2
3
4
5
6
7
8
9
10
11
12
13
14
15
16
17
18
19
20
21
22
23
24
25
3
4
5
6
7
8
9
10
11
12
13
14
15
16
17
18
19
20
21
22
23
24
25
1
3
4
5
6
7
8
9
10
11
12
13
14
15
16
17
18
19
20
21
22
23
24
25
17
18
19
20
21
22
23
24
25
3
4
5
6
7
8
9
10
11
12
13
14
15
16
17
18
19
20
21
22
23
24
25
4
5
6
7
8
9
10
11
12
13
14
15
16
17
18
19
20
21
22
23
24
25
1
3
4
5
6
7
8
9
10
11
12
13
14
15
16
17
18
19
20
21
22
23
24
25
2
4
5
8
12
13
14
15
16
17
18
19
20
21
22
23
24
25
Percent states
0.56
0.6
0.64
0.68
0.72
0.76
0.8
0.84
0.88
0.92
0.96
1.0
0.16
0.2
0.24
0.28
0.32
0.36
0.4
0.44
0.48
0.56
0.6
0.64
0.68
0.72
0.76
0.8
0.84
0.88
0.92
0.96
1.0
0.04
0.6
0.64
0.68
0.72
0.76
0.8
0.84
0.88
0.92
0.96
1.0
0.12
0.16
0.2
0.24
0.28
0.32
0.36
0.4
0.44
0.48
0.52
0.56
0.6
0.64
0.68
0.72
0.76
0.8
0.84
0.88
0.92
0.96
1.0
0.04
0.08
0.12
0.16
0.2
0.24
0.28
0.32
0.36
0.4
0.44
0.48
0.52
0.56
0.6
0.64
0.68
0.72
0.76
0.8
0.84
0.88
0.92
0.96
1.0
0.04
0.08
0.12
0.16
0.28
0.48
0.52
0.56
0.6
0.64
0.68
0.72
0.76
0.8
0.84
0.88
0.92
0.96
1.0
0.08
0.12
0.16
0.2
0.28
0.32
0.36
0.44
0.56
0.6
0.64
0.68
0.72
0.76
0.8
0.84
0.88
0.92
0.96
1.0
0.04
0.08
0.12
0.16
0.2
0.24
0.28
0.32
0.36
0.4
0.44
0.48
0.52
0.56
0.6
0.64
0.68
0.72
0.76
0.8
0.84
0.88
0.92
0.96
1.0
0.04
0.08
0.12
0.16
0.2
0.24
0.28
0.32
0.36
0.4
0.44
0.48
0.52
0.56
0.6
0.64
0.68
0.72
0.76
0.8
0.84
0.88
0.92
0.96
1.0
0.12
0.16
0.2
0.24
0.28
0.32
0.36
0.4
0.44
0.48
0.52
0.56
0.6
0.64
0.68
0.72
0.76
0.8
0.84
0.88
0.92
0.96
1.0
0.08
0.12
0.16
0.2
0.24
0.28
0.32
0.36
0.56
0.6
0.64
0.68
0.72
0.76
0.8
0.84
0.88
0.92
0.96
1.0
0.2
0.28
0.32
0.36
0.4
0.44
0.48
0.52
0.56
0.6
0.64
0.68
0.72
0.76
0.8
0.84
0.88
0.92
0.96
1.0
0.04
0.08
0.12
0.16
0.2
0.24
0.28
0.32
0.36
0.4
0.44
0.48
0.52
0.56
0.6
0.64
0.68
0.72
0.76
0.8
0.84
0.88
0.92
0.96
1.0
0.12
0.16
0.2
0.24
0.28
0.32
0.36
0.4
0.44
0.48
0.52
0.56
0.6
0.64
0.68
0.72
0.76
0.8
0.84
0.88
0.92
0.96
1.0
0.04
0.12
0.16
0.2
0.24
0.28
0.32
0.36
0.4
0.44
0.48
0.52
0.56
0.6
0.64
0.68
0.72
0.76
0.8
0.84
0.88
0.92
0.96
1.0
0.68
0.72
0.76
0.8
0.84
0.88
0.92
0.96
1.0
0.12
0.16
0.2
0.24
0.28
0.32
0.36
0.4
0.44
0.48
0.52
0.56
0.6
0.64
0.68
0.72
0.76
0.8
0.84
0.88
0.92
0.96
1.0
0.16
0.2
0.24
0.28
0.32
0.36
0.4
0.44
0.48
0.52
0.56
0.6
0.64
0.68
0.72
0.76
0.8
0.84
0.88
0.92
0.96
1.0
0.04
0.12
0.16
0.2
0.24
0.28
0.32
0.36
0.4
0.44
0.48
0.52
0.56
0.6
0.64
0.68
0.72
0.76
0.8
0.84
0.88
0.92
0.96
1.0
0.08
0.16
0.2
0.32
0.48
0.52
0.56
0.6
0.64
0.68
0.72
0.76
0.8
0.84
0.88
0.92
0.96
1.0
Policy accuracies
1.0
1.0
1.0
1.0
0.96
1.0
1.0
1.0
1.0
1.0
1.0
1.0
0.96
0.96
0.96
0.96
1.0
1.0
1.0
1.0
1.0
1.0
1.0
1.0
1.0
1.0
1.0
1.0
1.0
1.0
1.0
1.0
1.0
1.0
1.0
1.0
1.0
1.0
1.0
1.0
1.0
1.0
1.0
1.0
1.0
0.92
0.76
0.72
0.76
0.76
0.8
0.84
0.8
0.8
0.8
0.8
0.8
1.0
1.0
1.0
1.0
1.0
1.0
1.0
1.0
1.0
1.0
1.0
0.92
0.92
0.96
0.96
0.92
0.92
0.92
0.96
0.92
0.96
0.92
0.96
0.96
0.96
1.0
1.0
1.0
1.0
1.0
1.0
1.0
1.0
1.0
1.0
1.0
0.88
0.76
0.92
0.96
0.84
0.92
0.88
0.92
0.92
0.92
0.92
1.0
1.0
1.0
1.0
1.0
1.0
1.0
1.0
0.76
0.76
1.0
1.0
1.0
1.0
1.0
1.0
1.0
1.0
1.0
1.0
1.0
1.0
1.0
1.0
1.0
1.0
1.0
1.0
0.76
0.76
0.76
1.0
1.0
1.0
1.0
1.0
1.0
1.0
1.0
1.0
1.0
1.0
1.0
1.0
1.0
1.0
1.0
1.0
1.0
1.0
1.0
1.0
1.0
0.92
0.92
0.92
0.76
0.76
0.84
0.76
0.76
0.84
0.84
0.84
1.0
1.0
1.0
1.0
1.0
1.0
1.0
1.0
1.0
1.0
1.0
1.0
1.0
1.0
0.84
0.84
0.84
0.84
0.84
0.84
0.84
0.84
0.84
0.84
0.84
0.84
0.92
1.0
0.96
0.96
1.0
1.0
1.0
0.96
0.96
1.0
1.0
0.92
1.0
0.88
0.92
1.0
1.0
1.0
1.0
1.0
1.0
1.0
1.0
1.0
1.0
1.0
1.0
1.0
1.0
1.0
1.0
1.0
1.0
1.0
1.0
1.0
1.0
1.0
1.0
1.0
1.0
1.0
1.0
1.0
1.0
1.0
1.0
1.0
1.0
1.0
1.0
1.0
1.0
1.0
1.0
1.0
1.0
1.0
1.0
1.0
1.0
1.0
1.0
1.0
1.0
1.0
1.0
1.0
1.0
1.0
1.0
1.0
1.0
1.0
1.0
1.0
0.68
1.0
1.0
1.0
0.96
1.0
1.0
1.0
1.0
0.96
0.96
1.0
0.96
0.96
1.0
0.96
1.0
0.96
0.96
0.96
1.0
1.0
1.0
0.68
0.68
0.76
0.76
0.76
0.76
0.76
0.72
0.76
0.76
0.76
0.84
0.84
0.92
0.92
1.0
1.0
1.0
1.0
1.0
1.0
1.0
1.0
1.0
1.0
1.0
1.0
1.0
1.0
1.0
1.0
1.0
1.0
1.0
1.0
1.0
1.0
1.0
1.0
1.0
1.0
1.0
1.0
1.0
1.0
1.0
1.0
1.0
1.0
1.0
1.0
1.0
1.0
1.0
1.0
1.0
0.88
0.92
0.88
0.88
0.88
0.88
0.92
0.88
1.0
0.96
1.0
1.0
1.0
1.0
1.0
1.0
1.0
1.0
1.0
1.0
1.0
1.0
0.76
0.8
0.8
0.8
0.8
0.8
0.8
0.88
0.8
0.8
0.88
0.88
0.8
0.8
0.8
0.8
0.96
0.96
0.96
0.96
0.96
0.96
0.96
1.0
0.72
0.96
0.96
1.0
1.0
0.96
1.0
0.96
0.96
1.0
0.96
0.96
0.96
0.96
0.96
1.0
1.0
1.0
NEW THRESHOLD 0.1
Percent Improvements
0.16554834706544236
0.16554834706544236
0.16554834706544236
0.16554834706544236
0.13849355683914777
0.16554834706544236
0.16554834706544236
0.16554834706544236
0.16554834706544236
0.16554834706544236
0.16554834706544236
0.16554834706544236
0.49615595082432906
0.4095094300193366
0.4068708125884256
0.4095094300193366
0.4095094300193366
0.4124954654119842
0.4200221216336578
0.4124954654119842
0.4124954654119842
0.4124954654119842
0.4124954654119842
0.4124954654119842
0.5050392961750625
0.5050392961750625
0.5050392961750625
0.5050392961750625
0.5050392961750625
0.5050392961750625
0.5050392961750625
0.5050392961750625
0.5050392961750625
0.5050392961750625
0.5050392961750625
1.2270045996578458
1.2270045996578458
1.2311785112010336
1.2296132943723386
1.2270045996578458
1.2270045996578458
1.2270045996578458
1.2296132943723386
1.2270045996578458
1.2296132943723386
1.2270045996578458
1.2296132943723386
1.2296132943723386
1.2311785112010336
1.2362654658942944
1.2362654658942944
1.2362654658942944
1.2362654658942944
1.2362654658942944
1.2362654658942944
1.2362654658942944
1.2362654658942944
1.2362654658942944
1.2362654658942944
1.2362654658942944
0.25951363687295
0.3871307899357108
0.26743232638215975
0.45499894779776057
0.2534994423089935
0.26743232638215975
0.25951363687295
0.26743232638215975
0.26743232638215975
0.26743232638215975
0.26743232638215975
0.45710391589514554
0.45710391589514554
0.45710391589514554
0.45710391589514554
0.45710391589514554
0.45710391589514554
0.45710391589514554
0.45710391589514554
0.20809029236841187
0.20809029236841187
0.20809029236841187
0.3082528108346669
0.3082528108346669
0.3082528108346669
0.3082528108346669
0.3082528108346669
0.3082528108346669
0.3082528108346669
0.3082528108346669
0.3082528108346669
0.3082528108346669
0.3082528108346669
0.3082528108346669
0.3082528108346669
0.3082528108346669
0.3082528108346669
0.3082528108346669
0.3082528108346669
0.3082528108346669
0.3082528108346669
0.3082528108346669
0.3082528108346669
0.3082528108346669
1.1081713164271654
1.1081713164271654
1.1081713164271654
1.269357357927892
1.269357357927892
1.275678678850716
1.269357357927892
1.269357357927892
1.269357357927892
1.269357357927892
1.269357357927892
1.5222137942149971
1.5222137942149971
1.5222137942149971
1.5222137942149971
1.5222137942149971
1.5222137942149971
1.5222137942149971
1.5222137942149971
1.5222137942149971
1.5222137942149971
1.5222137942149971
1.5222137942149971
1.5222137942149971
1.5222137942149971
0.4373917881099925
0.4373917881099925
0.4373917881099925
0.4046519520966117
0.4373917881099925
0.4373917881099925
0.4373917881099925
0.4373917881099925
0.43264255622089737
0.43264255622089737
0.4373917881099925
0.43264255622089737
0.43264255622089737
0.4373917881099925
0.43264255622089737
0.4373917881099925
0.43264255622089737
0.43264255622089737
0.43264255622089737
0.4373917881099925
0.4373917881099925
0.4373917881099925
0.2742612105660096
0.2839551728461253
0.2839551728461253
0.31303675595264446
0.31303675595264446
0.31303675595264446
0.31303675595264446
0.31303675595264446
0.31303675595264446
0.31303675595264446
0.31303675595264446
0.31303675595264446
0.3176902754730832
0.3176902754730832
0.3176902754730832
0.3176902754730832
0.3176902754730832
0.3176902754730832
0.3176902754730832
0.3176902754730832
0.3176902754730832
0.3176902754730832
0.3176902754730832
0.3176902754730832
0.3176902754730832
0.3176902754730832
0.3176902754730832
0.3176902754730832
0.3176902754730832
0.3176902754730832
0.3176902754730832
0.3176902754730832
0.3176902754730832
0.3176902754730832
0.3176902754730832
1.1059501120741346
1.2508257319347276
1.2508257319347276
1.2508257319347276
1.2508257319347276
1.2508257319347276
1.2508257319347276
2.2586651740939185
1.2508257319347276
1.2508257319347276
2.2586651740939185
2.2586651740939185
1.2508257319347276
1.2508257319347276
1.2508257319347276
1.2508257319347276
2.46023144477214
2.46023144477214
2.46023144477214
2.46023144477214
2.46023144477214
2.46023144477214
2.46023144477214
2.4651421147164525
Confidence
0.9545454545454546
True EVDs
0.0
0.0
0.0
0.0
0.027771814104479424
0.0
0.0
0.0
0.0
0.0
0.0
0.0
0.0058686189423671825
0.06311005144441532
0.06485320558571253
0.06311005144441532
0.06311005144441532
0.061137382007847324
0.05616503481979692
0.061137382007847324
0.061137382007847324
0.061137382007847324
0.061137382007847324
0.061137382007847324
0.0
0.0
0.0
0.0
0.0
0.0
0.0
0.0
0.0
0.0
0.0
0.004789194596793163
0.004789194596793163
0.00263071616396682
0.003440145576276557
0.004789194596793163
0.004789194596793163
0.004789194596793163
0.003440145576276557
0.004789194596793163
0.003440145576276557
0.004789194596793163
0.003440145576276557
0.003440145576276557
0.00263071616396682
7.057395927046611e-08
7.057395927046611e-08
7.057395927046611e-08
7.057395927046611e-08
7.057395927046611e-08
7.057395927046611e-08
7.057395927046611e-08
7.057395927046611e-08
7.057395927046611e-08
7.057395927046611e-08
7.057395927046611e-08
0.1598437024268748
0.05660583900730112
0.15343775646746474
0.001702846394273645
0.16470897783908472
0.15343775646746474
0.1598437024268748
0.15343775646746474
0.15343775646746474
0.15343775646746474
0.15343775646746474
0.0
0.0
0.0
0.0
0.0
0.0
0.0
0.0
0.0936722093715148
0.0936722093715148
0.0936722093715148
0.0
0.0
0.0
0.0
0.0
0.0
0.0
0.0
0.0
0.0
0.0
0.0
0.0
0.0
0.0
0.0
0.0
0.0
0.0
0.0
0.0
0.0
0.1847653931930754
0.1847653931930754
0.1847653931930754
0.1128365463714905
0.1128365463714905
0.11001567354568918
0.1128365463714905
0.1128365463714905
0.1128365463714905
0.1128365463714905
0.1128365463714905
2.7128197205085625e-08
2.7128197205085625e-08
2.7128197205085625e-08
2.7128197205085625e-08
2.7128197205085625e-08
2.7128197205085625e-08
2.7128197205085625e-08
2.7128197205085625e-08
2.7128197205085625e-08
2.7128197205085625e-08
2.7128197205085625e-08
2.7128197205085625e-08
2.7128197205085625e-08
2.7128197205085625e-08
0.0
0.0
0.0
0.024307425699476762
0.0
0.0
0.0
0.0
0.0035260286956411368
0.0035260286956411368
0.0
0.0035260286956411368
0.0035260286956411368
0.0
0.0035260286956411368
0.0
0.0035260286956411368
0.0035260286956411368
0.0035260286956411368
0.0
0.0
0.0
0.034308668087489974
0.025731448024085724
0.025731448024085724
5.65776341610797e-08
5.65776341610797e-08
5.65776341610797e-08
5.65776341610797e-08
5.65776341610797e-08
5.65776341610797e-08
5.65776341610797e-08
5.65776341610797e-08
5.65776341610797e-08
0.0
0.0
0.0
0.0
0.0
0.0
0.0
0.0
0.0
0.0
0.0
0.0
0.0
0.0
0.0
0.0
0.0
0.0
0.0
0.0
0.0
0.0
0.0
0.38384632531239726
0.3429323339051535
0.3429323339051535
0.3429323339051535
0.3429323339051535
0.3429323339051535
0.3429323339051535
0.0583107093967595
0.3429323339051535
0.3429323339051535
0.0583107093967595
0.0583107093967595
0.3429323339051535
0.3429323339051535
0.3429323339051535
0.3429323339051535
0.0013868413611678619
0.0013868413611678619
0.0013868413611678619
0.0013868413611678619
0.0013868413611678619
0.0013868413611678619
0.0013868413611678619
3.032906487110528e-08
Num demos
14
15
16
17
18
19
20
21
22
23
24
25
3
4
5
6
7
8
9
10
11
12
13
14
15
16
17
18
19
20
21
22
23
24
25
1
2
3
4
5
6
7
8
9
10
11
12
13
14
15
16
17
18
19
20
21
22
23
24
25
1
2
3
4
7
12
13
14
15
16
17
18
19
20
21
22
23
24
25
1
2
3
4
5
6
7
8
9
10
11
12
13
14
15
16
17
18
19
20
21
22
23
24
25
1
2
3
4
5
6
7
8
9
10
11
12
13
14
15
16
17
18
19
20
21
22
23
24
25
4
5
6
7
8
9
10
11
12
13
14
15
16
17
18
19
20
21
22
23
24
25
14
15
16
17
18
19
20
21
22
23
24
25
3
4
5
6
7
8
9
10
11
12
13
14
15
16
17
18
19
20
21
22
23
24
25
1
3
4
5
6
7
8
9
10
11
12
13
14
15
16
17
18
19
20
21
22
23
24
25
Percent states
0.56
0.6
0.64
0.68
0.72
0.76
0.8
0.84
0.88
0.92
0.96
1.0
0.12
0.16
0.2
0.24
0.28
0.32
0.36
0.4
0.44
0.48
0.52
0.56
0.6
0.64
0.68
0.72
0.76
0.8
0.84
0.88
0.92
0.96
1.0
0.04
0.08
0.12
0.16
0.2
0.24
0.28
0.32
0.36
0.4
0.44
0.48
0.52
0.56
0.6
0.64
0.68
0.72
0.76
0.8
0.84
0.88
0.92
0.96
1.0
0.04
0.08
0.12
0.16
0.28
0.48
0.52
0.56
0.6
0.64
0.68
0.72
0.76
0.8
0.84
0.88
0.92
0.96
1.0
0.04
0.08
0.12
0.16
0.2
0.24
0.28
0.32
0.36
0.4
0.44
0.48
0.52
0.56
0.6
0.64
0.68
0.72
0.76
0.8
0.84
0.88
0.92
0.96
1.0
0.04
0.08
0.12
0.16
0.2
0.24
0.28
0.32
0.36
0.4
0.44
0.48
0.52
0.56
0.6
0.64
0.68
0.72
0.76
0.8
0.84
0.88
0.92
0.96
1.0
0.16
0.2
0.24
0.28
0.32
0.36
0.4
0.44
0.48
0.52
0.56
0.6
0.64
0.68
0.72
0.76
0.8
0.84
0.88
0.92
0.96
1.0
0.56
0.6
0.64
0.68
0.72
0.76
0.8
0.84
0.88
0.92
0.96
1.0
0.12
0.16
0.2
0.24
0.28
0.32
0.36
0.4
0.44
0.48
0.52
0.56
0.6
0.64
0.68
0.72
0.76
0.8
0.84
0.88
0.92
0.96
1.0
0.04
0.12
0.16
0.2
0.24
0.28
0.32
0.36
0.4
0.44
0.48
0.52
0.56
0.6
0.64
0.68
0.72
0.76
0.8
0.84
0.88
0.92
0.96
1.0
Policy accuracies
1.0
1.0
1.0
1.0
0.96
1.0
1.0
1.0
1.0
1.0
1.0
1.0
0.92
0.76
0.72
0.76
0.76
0.8
0.84
0.8
0.8
0.8
0.8
0.8
1.0
1.0
1.0
1.0
1.0
1.0
1.0
1.0
1.0
1.0
1.0
0.92
0.92
0.96
0.96
0.92
0.92
0.92
0.96
0.92
0.96
0.92
0.96
0.96
0.96
1.0
1.0
1.0
1.0
1.0
1.0
1.0
1.0
1.0
1.0
1.0
0.88
0.76
0.92
0.96
0.84
0.92
0.88
0.92
0.92
0.92
0.92
1.0
1.0
1.0
1.0
1.0
1.0
1.0
1.0
0.76
0.76
0.76
1.0
1.0
1.0
1.0
1.0
1.0
1.0
1.0
1.0
1.0
1.0
1.0
1.0
1.0
1.0
1.0
1.0
1.0
1.0
1.0
1.0
1.0
0.92
0.92
0.92
0.76
0.76
0.84
0.76
0.76
0.84
0.84
0.84
1.0
1.0
1.0
1.0
1.0
1.0
1.0
1.0
1.0
1.0
1.0
1.0
1.0
1.0
1.0
1.0
1.0
0.96
1.0
1.0
1.0
1.0
0.96
0.96
1.0
0.96
0.96
1.0
0.96
1.0
0.96
0.96
0.96
1.0
1.0
1.0
0.84
0.92
0.92
1.0
1.0
1.0
1.0
1.0
1.0
1.0
1.0
1.0
1.0
1.0
1.0
1.0
1.0
1.0
1.0
1.0
1.0
1.0
1.0
1.0
1.0
1.0
1.0
1.0
1.0
1.0
1.0
1.0
1.0
1.0
1.0
0.76
0.8
0.8
0.8
0.8
0.8
0.8
0.88
0.8
0.8
0.88
0.88
0.8
0.8
0.8
0.8
0.96
0.96
0.96
0.96
0.96
0.96
0.96
1.0
NEW THRESHOLD 0.2
Percent Improvements
0.49615595082432906
0.4095094300193366
0.4068708125884256
0.4095094300193366
0.4095094300193366
0.4124954654119842
0.4200221216336578
0.4124954654119842
0.4124954654119842
0.4124954654119842
0.4124954654119842
0.4124954654119842
0.5050392961750625
0.5050392961750625
0.5050392961750625
0.5050392961750625
0.5050392961750625
0.5050392961750625
0.5050392961750625
0.5050392961750625
0.5050392961750625
0.5050392961750625
0.5050392961750625
1.2270045996578458
1.2270045996578458
1.2311785112010336
1.2296132943723386
1.2270045996578458
1.2270045996578458
1.2270045996578458
1.2296132943723386
1.2270045996578458
1.2296132943723386
1.2270045996578458
1.2296132943723386
1.2296132943723386
1.2311785112010336
1.2362654658942944
1.2362654658942944
1.2362654658942944
1.2362654658942944
1.2362654658942944
1.2362654658942944
1.2362654658942944
1.2362654658942944
1.2362654658942944
1.2362654658942944
1.2362654658942944
0.25951363687295
0.3871307899357108
0.26743232638215975
0.45499894779776057
0.2534994423089935
0.26743232638215975
0.25951363687295
0.26743232638215975
0.26743232638215975
0.26743232638215975
0.26743232638215975
0.45710391589514554
0.45710391589514554
0.45710391589514554
0.45710391589514554
0.45710391589514554
0.45710391589514554
0.45710391589514554
0.45710391589514554
0.20809029236841187
0.20809029236841187
0.20809029236841187
0.3082528108346669
0.3082528108346669
0.3082528108346669
0.3082528108346669
0.3082528108346669
0.3082528108346669
0.3082528108346669
0.3082528108346669
0.3082528108346669
0.3082528108346669
0.3082528108346669
0.3082528108346669
0.3082528108346669
0.3082528108346669
0.3082528108346669
0.3082528108346669
0.3082528108346669
0.3082528108346669
0.3082528108346669
0.3082528108346669
0.3082528108346669
0.3082528108346669
1.1081713164271654
1.1081713164271654
1.1081713164271654
1.269357357927892
1.269357357927892
1.275678678850716
1.269357357927892
1.269357357927892
1.269357357927892
1.269357357927892
1.269357357927892
1.5222137942149971
1.5222137942149971
1.5222137942149971
1.5222137942149971
1.5222137942149971
1.5222137942149971
1.5222137942149971
1.5222137942149971
1.5222137942149971
1.5222137942149971
1.5222137942149971
1.5222137942149971
1.5222137942149971
1.5222137942149971
0.4373917881099925
0.4373917881099925
0.4373917881099925
0.4046519520966117
0.4373917881099925
0.4373917881099925
0.4373917881099925
0.4373917881099925
0.43264255622089737
0.43264255622089737
0.4373917881099925
0.43264255622089737
0.43264255622089737
0.4373917881099925
0.43264255622089737
0.4373917881099925
0.43264255622089737
0.43264255622089737
0.43264255622089737
0.4373917881099925
0.4373917881099925
0.4373917881099925
0.2742612105660096
0.2839551728461253
0.2839551728461253
0.31303675595264446
0.31303675595264446
0.31303675595264446
0.31303675595264446
0.31303675595264446
0.31303675595264446
0.31303675595264446
0.31303675595264446
0.31303675595264446
0.3176902754730832
0.3176902754730832
0.3176902754730832
0.3176902754730832
0.3176902754730832
0.3176902754730832
0.3176902754730832
0.3176902754730832
0.3176902754730832
0.3176902754730832
0.3176902754730832
0.3176902754730832
0.3176902754730832
0.3176902754730832
0.3176902754730832
0.3176902754730832
0.3176902754730832
0.3176902754730832
0.3176902754730832
0.3176902754730832
0.3176902754730832
0.3176902754730832
0.3176902754730832
1.1059501120741346
1.2508257319347276
1.2508257319347276
1.2508257319347276
1.2508257319347276
1.2508257319347276
1.2508257319347276
2.2586651740939185
1.2508257319347276
1.2508257319347276
2.2586651740939185
2.2586651740939185
1.2508257319347276
1.2508257319347276
1.2508257319347276
1.2508257319347276
2.46023144477214
2.46023144477214
2.46023144477214
2.46023144477214
2.46023144477214
2.46023144477214
2.46023144477214
2.4651421147164525
Confidence
0.9
True EVDs
0.0058686189423671825
0.06311005144441532
0.06485320558571253
0.06311005144441532
0.06311005144441532
0.061137382007847324
0.05616503481979692
0.061137382007847324
0.061137382007847324
0.061137382007847324
0.061137382007847324
0.061137382007847324
0.0
0.0
0.0
0.0
0.0
0.0
0.0
0.0
0.0
0.0
0.0
0.004789194596793163
0.004789194596793163
0.00263071616396682
0.003440145576276557
0.004789194596793163
0.004789194596793163
0.004789194596793163
0.003440145576276557
0.004789194596793163
0.003440145576276557
0.004789194596793163
0.003440145576276557
0.003440145576276557
0.00263071616396682
7.057395927046611e-08
7.057395927046611e-08
7.057395927046611e-08
7.057395927046611e-08
7.057395927046611e-08
7.057395927046611e-08
7.057395927046611e-08
7.057395927046611e-08
7.057395927046611e-08
7.057395927046611e-08
7.057395927046611e-08
0.1598437024268748
0.05660583900730112
0.15343775646746474
0.001702846394273645
0.16470897783908472
0.15343775646746474
0.1598437024268748
0.15343775646746474
0.15343775646746474
0.15343775646746474
0.15343775646746474
0.0
0.0
0.0
0.0
0.0
0.0
0.0
0.0
0.0936722093715148
0.0936722093715148
0.0936722093715148
0.0
0.0
0.0
0.0
0.0
0.0
0.0
0.0
0.0
0.0
0.0
0.0
0.0
0.0
0.0
0.0
0.0
0.0
0.0
0.0
0.0
0.0
0.1847653931930754
0.1847653931930754
0.1847653931930754
0.1128365463714905
0.1128365463714905
0.11001567354568918
0.1128365463714905
0.1128365463714905
0.1128365463714905
0.1128365463714905
0.1128365463714905
2.7128197205085625e-08
2.7128197205085625e-08
2.7128197205085625e-08
2.7128197205085625e-08
2.7128197205085625e-08
2.7128197205085625e-08
2.7128197205085625e-08
2.7128197205085625e-08
2.7128197205085625e-08
2.7128197205085625e-08
2.7128197205085625e-08
2.7128197205085625e-08
2.7128197205085625e-08
2.7128197205085625e-08
0.0
0.0
0.0
0.024307425699476762
0.0
0.0
0.0
0.0
0.0035260286956411368
0.0035260286956411368
0.0
0.0035260286956411368
0.0035260286956411368
0.0
0.0035260286956411368
0.0
0.0035260286956411368
0.0035260286956411368
0.0035260286956411368
0.0
0.0
0.0
0.034308668087489974
0.025731448024085724
0.025731448024085724
5.65776341610797e-08
5.65776341610797e-08
5.65776341610797e-08
5.65776341610797e-08
5.65776341610797e-08
5.65776341610797e-08
5.65776341610797e-08
5.65776341610797e-08
5.65776341610797e-08
0.0
0.0
0.0
0.0
0.0
0.0
0.0
0.0
0.0
0.0
0.0
0.0
0.0
0.0
0.0
0.0
0.0
0.0
0.0
0.0
0.0
0.0
0.0
0.38384632531239726
0.3429323339051535
0.3429323339051535
0.3429323339051535
0.3429323339051535
0.3429323339051535
0.3429323339051535
0.0583107093967595
0.3429323339051535
0.3429323339051535
0.0583107093967595
0.0583107093967595
0.3429323339051535
0.3429323339051535
0.3429323339051535
0.3429323339051535
0.0013868413611678619
0.0013868413611678619
0.0013868413611678619
0.0013868413611678619
0.0013868413611678619
0.0013868413611678619
0.0013868413611678619
3.032906487110528e-08
Num demos
3
4
5
6
7
8
9
10
11
12
13
14
15
16
17
18
19
20
21
22
23
24
25
1
2
3
4
5
6
7
8
9
10
11
12
13
14
15
16
17
18
19
20
21
22
23
24
25
1
2
3
4
7
12
13
14
15
16
17
18
19
20
21
22
23
24
25
1
2
3
4
5
6
7
8
9
10
11
12
13
14
15
16
17
18
19
20
21
22
23
24
25
1
2
3
4
5
6
7
8
9
10
11
12
13
14
15
16
17
18
19
20
21
22
23
24
25
4
5
6
7
8
9
10
11
12
13
14
15
16
17
18
19
20
21
22
23
24
25
14
15
16
17
18
19
20
21
22
23
24
25
3
4
5
6
7
8
9
10
11
12
13
14
15
16
17
18
19
20
21
22
23
24
25
1
3
4
5
6
7
8
9
10
11
12
13
14
15
16
17
18
19
20
21
22
23
24
25
Percent states
0.12
0.16
0.2
0.24
0.28
0.32
0.36
0.4
0.44
0.48
0.52
0.56
0.6
0.64
0.68
0.72
0.76
0.8
0.84
0.88
0.92
0.96
1.0
0.04
0.08
0.12
0.16
0.2
0.24
0.28
0.32
0.36
0.4
0.44
0.48
0.52
0.56
0.6
0.64
0.68
0.72
0.76
0.8
0.84
0.88
0.92
0.96
1.0
0.04
0.08
0.12
0.16
0.28
0.48
0.52
0.56
0.6
0.64
0.68
0.72
0.76
0.8
0.84
0.88
0.92
0.96
1.0
0.04
0.08
0.12
0.16
0.2
0.24
0.28
0.32
0.36
0.4
0.44
0.48
0.52
0.56
0.6
0.64
0.68
0.72
0.76
0.8
0.84
0.88
0.92
0.96
1.0
0.04
0.08
0.12
0.16
0.2
0.24
0.28
0.32
0.36
0.4
0.44
0.48
0.52
0.56
0.6
0.64
0.68
0.72
0.76
0.8
0.84
0.88
0.92
0.96
1.0
0.16
0.2
0.24
0.28
0.32
0.36
0.4
0.44
0.48
0.52
0.56
0.6
0.64
0.68
0.72
0.76
0.8
0.84
0.88
0.92
0.96
1.0
0.56
0.6
0.64
0.68
0.72
0.76
0.8
0.84
0.88
0.92
0.96
1.0
0.12
0.16
0.2
0.24
0.28
0.32
0.36
0.4
0.44
0.48
0.52
0.56
0.6
0.64
0.68
0.72
0.76
0.8
0.84
0.88
0.92
0.96
1.0
0.04
0.12
0.16
0.2
0.24
0.28
0.32
0.36
0.4
0.44
0.48
0.52
0.56
0.6
0.64
0.68
0.72
0.76
0.8
0.84
0.88
0.92
0.96
1.0
Policy accuracies
0.92
0.76
0.72
0.76
0.76
0.8
0.84
0.8
0.8
0.8
0.8
0.8
1.0
1.0
1.0
1.0
1.0
1.0
1.0
1.0
1.0
1.0
1.0
0.92
0.92
0.96
0.96
0.92
0.92
0.92
0.96
0.92
0.96
0.92
0.96
0.96
0.96
1.0
1.0
1.0
1.0
1.0
1.0
1.0
1.0
1.0
1.0
1.0
0.88
0.76
0.92
0.96
0.84
0.92
0.88
0.92
0.92
0.92
0.92
1.0
1.0
1.0
1.0
1.0
1.0
1.0
1.0
0.76
0.76
0.76
1.0
1.0
1.0
1.0
1.0
1.0
1.0
1.0
1.0
1.0
1.0
1.0
1.0
1.0
1.0
1.0
1.0
1.0
1.0
1.0
1.0
1.0
0.92
0.92
0.92
0.76
0.76
0.84
0.76
0.76
0.84
0.84
0.84
1.0
1.0
1.0
1.0
1.0
1.0
1.0
1.0
1.0
1.0
1.0
1.0
1.0
1.0
1.0
1.0
1.0
0.96
1.0
1.0
1.0
1.0
0.96
0.96
1.0
0.96
0.96
1.0
0.96
1.0
0.96
0.96
0.96
1.0
1.0
1.0
0.84
0.92
0.92
1.0
1.0
1.0
1.0
1.0
1.0
1.0
1.0
1.0
1.0
1.0
1.0
1.0
1.0
1.0
1.0
1.0
1.0
1.0
1.0
1.0
1.0
1.0
1.0
1.0
1.0
1.0
1.0
1.0
1.0
1.0
1.0
0.76
0.8
0.8
0.8
0.8
0.8
0.8
0.88
0.8
0.8
0.88
0.88
0.8
0.8
0.8
0.8
0.96
0.96
0.96
0.96
0.96
0.96
0.96
1.0
NEW THRESHOLD 0.3
Percent Improvements
0.49615595082432906
0.4095094300193366
0.4068708125884256
0.4095094300193366
0.4095094300193366
0.4124954654119842
0.4200221216336578
0.4124954654119842
0.4124954654119842
0.4124954654119842
0.4124954654119842
0.4124954654119842
0.5050392961750625
0.5050392961750625
0.5050392961750625
0.5050392961750625
0.5050392961750625
0.5050392961750625
0.5050392961750625
0.5050392961750625
0.5050392961750625
0.5050392961750625
0.5050392961750625
1.2270045996578458
1.2270045996578458
1.2311785112010336
1.2296132943723386
1.2270045996578458
1.2270045996578458
1.2270045996578458
1.2296132943723386
1.2270045996578458
1.2296132943723386
1.2270045996578458
1.2296132943723386
1.2296132943723386
1.2311785112010336
1.2362654658942944
1.2362654658942944
1.2362654658942944
1.2362654658942944
1.2362654658942944
1.2362654658942944
1.2362654658942944
1.2362654658942944
1.2362654658942944
1.2362654658942944
1.2362654658942944
0.3871307899357108
0.45499894779776057
0.45710391589514554
0.45710391589514554
0.45710391589514554
0.45710391589514554
0.45710391589514554
0.45710391589514554
0.45710391589514554
0.45710391589514554
0.3082528108346669
0.3082528108346669
0.3082528108346669
0.3082528108346669
0.3082528108346669
0.3082528108346669
0.3082528108346669
0.3082528108346669
0.3082528108346669
0.3082528108346669
0.3082528108346669
0.3082528108346669
0.3082528108346669
0.3082528108346669
0.3082528108346669
0.3082528108346669
0.3082528108346669
0.3082528108346669
0.3082528108346669
0.3082528108346669
0.3082528108346669
0.3082528108346669
1.1081713164271654
1.1081713164271654
1.1081713164271654
1.269357357927892
1.269357357927892
1.275678678850716
1.269357357927892
1.269357357927892
1.269357357927892
1.269357357927892
1.269357357927892
1.5222137942149971
1.5222137942149971
1.5222137942149971
1.5222137942149971
1.5222137942149971
1.5222137942149971
1.5222137942149971
1.5222137942149971
1.5222137942149971
1.5222137942149971
1.5222137942149971
1.5222137942149971
1.5222137942149971
1.5222137942149971
0.4373917881099925
0.4373917881099925
0.4373917881099925
0.4046519520966117
0.4373917881099925
0.4373917881099925
0.4373917881099925
0.4373917881099925
0.43264255622089737
0.43264255622089737
0.4373917881099925
0.43264255622089737
0.43264255622089737
0.4373917881099925
0.43264255622089737
0.4373917881099925
0.43264255622089737
0.43264255622089737
0.43264255622089737
0.4373917881099925
0.4373917881099925
0.4373917881099925
0.31303675595264446
0.31303675595264446
0.31303675595264446
0.31303675595264446
0.31303675595264446
0.31303675595264446
0.31303675595264446
0.31303675595264446
0.31303675595264446
0.3176902754730832
0.3176902754730832
0.3176902754730832
0.3176902754730832
0.3176902754730832
0.3176902754730832
0.3176902754730832
0.3176902754730832
0.3176902754730832
0.3176902754730832
0.3176902754730832
0.3176902754730832
0.3176902754730832
0.3176902754730832
0.3176902754730832
0.3176902754730832
0.3176902754730832
0.3176902754730832
0.3176902754730832
0.3176902754730832
0.3176902754730832
0.3176902754730832
0.3176902754730832
1.1059501120741346
1.2508257319347276
1.2508257319347276
1.2508257319347276
1.2508257319347276
1.2508257319347276
1.2508257319347276
2.2586651740939185
1.2508257319347276
1.2508257319347276
2.2586651740939185
2.2586651740939185
1.2508257319347276
1.2508257319347276
1.2508257319347276
1.2508257319347276
2.46023144477214
2.46023144477214
2.46023144477214
2.46023144477214
2.46023144477214
2.46023144477214
2.46023144477214
2.4651421147164525
Confidence
0.8318181818181818
True EVDs
0.0058686189423671825
0.06311005144441532
0.06485320558571253
0.06311005144441532
0.06311005144441532
0.061137382007847324
0.05616503481979692
0.061137382007847324
0.061137382007847324
0.061137382007847324
0.061137382007847324
0.061137382007847324
0.0
0.0
0.0
0.0
0.0
0.0
0.0
0.0
0.0
0.0
0.0
0.004789194596793163
0.004789194596793163
0.00263071616396682
0.003440145576276557
0.004789194596793163
0.004789194596793163
0.004789194596793163
0.003440145576276557
0.004789194596793163
0.003440145576276557
0.004789194596793163
0.003440145576276557
0.003440145576276557
0.00263071616396682
7.057395927046611e-08
7.057395927046611e-08
7.057395927046611e-08
7.057395927046611e-08
7.057395927046611e-08
7.057395927046611e-08
7.057395927046611e-08
7.057395927046611e-08
7.057395927046611e-08
7.057395927046611e-08
7.057395927046611e-08
0.05660583900730112
0.001702846394273645
0.0
0.0
0.0
0.0
0.0
0.0
0.0
0.0
0.0
0.0
0.0
0.0
0.0
0.0
0.0
0.0
0.0
0.0
0.0
0.0
0.0
0.0
0.0
0.0
0.0
0.0
0.0
0.0
0.0
0.0
0.1847653931930754
0.1847653931930754
0.1847653931930754
0.1128365463714905
0.1128365463714905
0.11001567354568918
0.1128365463714905
0.1128365463714905
0.1128365463714905
0.1128365463714905
0.1128365463714905
2.7128197205085625e-08
2.7128197205085625e-08
2.7128197205085625e-08
2.7128197205085625e-08
2.7128197205085625e-08
2.7128197205085625e-08
2.7128197205085625e-08
2.7128197205085625e-08
2.7128197205085625e-08
2.7128197205085625e-08
2.7128197205085625e-08
2.7128197205085625e-08
2.7128197205085625e-08
2.7128197205085625e-08
0.0
0.0
0.0
0.024307425699476762
0.0
0.0
0.0
0.0
0.0035260286956411368
0.0035260286956411368
0.0
0.0035260286956411368
0.0035260286956411368
0.0
0.0035260286956411368
0.0
0.0035260286956411368
0.0035260286956411368
0.0035260286956411368
0.0
0.0
0.0
5.65776341610797e-08
5.65776341610797e-08
5.65776341610797e-08
5.65776341610797e-08
5.65776341610797e-08
5.65776341610797e-08
5.65776341610797e-08
5.65776341610797e-08
5.65776341610797e-08
0.0
0.0
0.0
0.0
0.0
0.0
0.0
0.0
0.0
0.0
0.0
0.0
0.0
0.0
0.0
0.0
0.0
0.0
0.0
0.0
0.0
0.0
0.0
0.38384632531239726
0.3429323339051535
0.3429323339051535
0.3429323339051535
0.3429323339051535
0.3429323339051535
0.3429323339051535
0.0583107093967595
0.3429323339051535
0.3429323339051535
0.0583107093967595
0.0583107093967595
0.3429323339051535
0.3429323339051535
0.3429323339051535
0.3429323339051535
0.0013868413611678619
0.0013868413611678619
0.0013868413611678619
0.0013868413611678619
0.0013868413611678619
0.0013868413611678619
0.0013868413611678619
3.032906487110528e-08
Num demos
3
4
5
6
7
8
9
10
11
12
13
14
15
16
17
18
19
20
21
22
23
24
25
1
2
3
4
5
6
7
8
9
10
11
12
13
14
15
16
17
18
19
20
21
22
23
24
25
2
4
18
19
20
21
22
23
24
25
4
5
6
7
8
9
10
11
12
13
14
15
16
17
18
19
20
21
22
23
24
25
1
2
3
4
5
6
7
8
9
10
11
12
13
14
15
16
17
18
19
20
21
22
23
24
25
4
5
6
7
8
9
10
11
12
13
14
15
16
17
18
19
20
21
22
23
24
25
17
18
19
20
21
22
23
24
25
3
4
5
6
7
8
9
10
11
12
13
14
15
16
17
18
19
20
21
22
23
24
25
1
3
4
5
6
7
8
9
10
11
12
13
14
15
16
17
18
19
20
21
22
23
24
25
Percent states
0.12
0.16
0.2
0.24
0.28
0.32
0.36
0.4
0.44
0.48
0.52
0.56
0.6
0.64
0.68
0.72
0.76
0.8
0.84
0.88
0.92
0.96
1.0
0.04
0.08
0.12
0.16
0.2
0.24
0.28
0.32
0.36
0.4
0.44
0.48
0.52
0.56
0.6
0.64
0.68
0.72
0.76
0.8
0.84
0.88
0.92
0.96
1.0
0.08
0.16
0.72
0.76
0.8
0.84
0.88
0.92
0.96
1.0
0.16
0.2
0.24
0.28
0.32
0.36
0.4
0.44
0.48
0.52
0.56
0.6
0.64
0.68
0.72
0.76
0.8
0.84
0.88
0.92
0.96
1.0
0.04
0.08
0.12
0.16
0.2
0.24
0.28
0.32
0.36
0.4
0.44
0.48
0.52
0.56
0.6
0.64
0.68
0.72
0.76
0.8
0.84
0.88
0.92
0.96
1.0
0.16
0.2
0.24
0.28
0.32
0.36
0.4
0.44
0.48
0.52
0.56
0.6
0.64
0.68
0.72
0.76
0.8
0.84
0.88
0.92
0.96
1.0
0.68
0.72
0.76
0.8
0.84
0.88
0.92
0.96
1.0
0.12
0.16
0.2
0.24
0.28
0.32
0.36
0.4
0.44
0.48
0.52
0.56
0.6
0.64
0.68
0.72
0.76
0.8
0.84
0.88
0.92
0.96
1.0
0.04
0.12
0.16
0.2
0.24
0.28
0.32
0.36
0.4
0.44
0.48
0.52
0.56
0.6
0.64
0.68
0.72
0.76
0.8
0.84
0.88
0.92
0.96
1.0
Policy accuracies
0.92
0.76
0.72
0.76
0.76
0.8
0.84
0.8
0.8
0.8
0.8
0.8
1.0
1.0
1.0
1.0
1.0
1.0
1.0
1.0
1.0
1.0
1.0
0.92
0.92
0.96
0.96
0.92
0.92
0.92
0.96
0.92
0.96
0.92
0.96
0.96
0.96
1.0
1.0
1.0
1.0
1.0
1.0
1.0
1.0
1.0
1.0
1.0
0.76
0.96
1.0
1.0
1.0
1.0
1.0
1.0
1.0
1.0
1.0
1.0
1.0
1.0
1.0
1.0
1.0
1.0
1.0
1.0
1.0
1.0
1.0
1.0
1.0
1.0
1.0
1.0
1.0
1.0
1.0
1.0
0.92
0.92
0.92
0.76
0.76
0.84
0.76
0.76
0.84
0.84
0.84
1.0
1.0
1.0
1.0
1.0
1.0
1.0
1.0
1.0
1.0
1.0
1.0
1.0
1.0
1.0
1.0
1.0
0.96
1.0
1.0
1.0
1.0
0.96
0.96
1.0
0.96
0.96
1.0
0.96
1.0
0.96
0.96
0.96
1.0
1.0
1.0
1.0
1.0
1.0
1.0
1.0
1.0
1.0
1.0
1.0
1.0
1.0
1.0
1.0
1.0
1.0
1.0
1.0
1.0
1.0
1.0
1.0
1.0
1.0
1.0
1.0
1.0
1.0
1.0
1.0
1.0
1.0
1.0
0.76
0.8
0.8
0.8
0.8
0.8
0.8
0.88
0.8
0.8
0.88
0.88
0.8
0.8
0.8
0.8
0.96
0.96
0.96
0.96
0.96
0.96
0.96
1.0
NEW THRESHOLD 0.4
Percent Improvements
0.49615595082432906
0.4095094300193366
0.4068708125884256
0.4095094300193366
0.4095094300193366
0.4124954654119842
0.4200221216336578
0.4124954654119842
0.4124954654119842
0.4124954654119842
0.4124954654119842
0.4124954654119842
0.5050392961750625
0.5050392961750625
0.5050392961750625
0.5050392961750625
0.5050392961750625
0.5050392961750625
0.5050392961750625
0.5050392961750625
0.5050392961750625
0.5050392961750625
0.5050392961750625
1.2270045996578458
1.2270045996578458
1.2311785112010336
1.2296132943723386
1.2270045996578458
1.2270045996578458
1.2270045996578458
1.2296132943723386
1.2270045996578458
1.2296132943723386
1.2270045996578458
1.2296132943723386
1.2296132943723386
1.2311785112010336
1.2362654658942944
1.2362654658942944
1.2362654658942944
1.2362654658942944
1.2362654658942944
1.2362654658942944
1.2362654658942944
1.2362654658942944
1.2362654658942944
1.2362654658942944
1.2362654658942944
0.45499894779776057
0.45710391589514554
0.45710391589514554
0.45710391589514554
0.45710391589514554
0.45710391589514554
0.45710391589514554
0.45710391589514554
0.45710391589514554
1.1081713164271654
1.1081713164271654
1.1081713164271654
1.269357357927892
1.269357357927892
1.275678678850716
1.269357357927892
1.269357357927892
1.269357357927892
1.269357357927892
1.269357357927892
1.5222137942149971
1.5222137942149971
1.5222137942149971
1.5222137942149971
1.5222137942149971
1.5222137942149971
1.5222137942149971
1.5222137942149971
1.5222137942149971
1.5222137942149971
1.5222137942149971
1.5222137942149971
1.5222137942149971
1.5222137942149971
0.4373917881099925
0.4373917881099925
0.4373917881099925
0.4046519520966117
0.4373917881099925
0.4373917881099925
0.4373917881099925
0.4373917881099925
0.43264255622089737
0.43264255622089737
0.4373917881099925
0.43264255622089737
0.43264255622089737
0.4373917881099925
0.43264255622089737
0.4373917881099925
0.43264255622089737
0.43264255622089737
0.43264255622089737
0.4373917881099925
0.4373917881099925
0.4373917881099925
1.1059501120741346
1.2508257319347276
1.2508257319347276
1.2508257319347276
1.2508257319347276
1.2508257319347276
1.2508257319347276
2.2586651740939185
1.2508257319347276
1.2508257319347276
2.2586651740939185
2.2586651740939185
1.2508257319347276
1.2508257319347276
1.2508257319347276
1.2508257319347276
2.46023144477214
2.46023144477214
2.46023144477214
2.46023144477214
2.46023144477214
2.46023144477214
2.46023144477214
2.4651421147164525
Confidence
0.5818181818181818
True EVDs
0.0058686189423671825
0.06311005144441532
0.06485320558571253
0.06311005144441532
0.06311005144441532
0.061137382007847324
0.05616503481979692
0.061137382007847324
0.061137382007847324
0.061137382007847324
0.061137382007847324
0.061137382007847324
0.0
0.0
0.0
0.0
0.0
0.0
0.0
0.0
0.0
0.0
0.0
0.004789194596793163
0.004789194596793163
0.00263071616396682
0.003440145576276557
0.004789194596793163
0.004789194596793163
0.004789194596793163
0.003440145576276557
0.004789194596793163
0.003440145576276557
0.004789194596793163
0.003440145576276557
0.003440145576276557
0.00263071616396682
7.057395927046611e-08
7.057395927046611e-08
7.057395927046611e-08
7.057395927046611e-08
7.057395927046611e-08
7.057395927046611e-08
7.057395927046611e-08
7.057395927046611e-08
7.057395927046611e-08
7.057395927046611e-08
7.057395927046611e-08
0.001702846394273645
0.0
0.0
0.0
0.0
0.0
0.0
0.0
0.0
0.1847653931930754
0.1847653931930754
0.1847653931930754
0.1128365463714905
0.1128365463714905
0.11001567354568918
0.1128365463714905
0.1128365463714905
0.1128365463714905
0.1128365463714905
0.1128365463714905
2.7128197205085625e-08
2.7128197205085625e-08
2.7128197205085625e-08
2.7128197205085625e-08
2.7128197205085625e-08
2.7128197205085625e-08
2.7128197205085625e-08
2.7128197205085625e-08
2.7128197205085625e-08
2.7128197205085625e-08
2.7128197205085625e-08
2.7128197205085625e-08
2.7128197205085625e-08
2.7128197205085625e-08
0.0
0.0
0.0
0.024307425699476762
0.0
0.0
0.0
0.0
0.0035260286956411368
0.0035260286956411368
0.0
0.0035260286956411368
0.0035260286956411368
0.0
0.0035260286956411368
0.0
0.0035260286956411368
0.0035260286956411368
0.0035260286956411368
0.0
0.0
0.0
0.38384632531239726
0.3429323339051535
0.3429323339051535
0.3429323339051535
0.3429323339051535
0.3429323339051535
0.3429323339051535
0.0583107093967595
0.3429323339051535
0.3429323339051535
0.0583107093967595
0.0583107093967595
0.3429323339051535
0.3429323339051535
0.3429323339051535
0.3429323339051535
0.0013868413611678619
0.0013868413611678619
0.0013868413611678619
0.0013868413611678619
0.0013868413611678619
0.0013868413611678619
0.0013868413611678619
3.032906487110528e-08
Num demos
3
4
5
6
7
8
9
10
11
12
13
14
15
16
17
18
19
20
21
22
23
24
25
1
2
3
4
5
6
7
8
9
10
11
12
13
14
15
16
17
18
19
20
21
22
23
24
25
4
18
19
20
21
22
23
24
25
1
2
3
4
5
6
7
8
9
10
11
12
13
14
15
16
17
18
19
20
21
22
23
24
25
4
5
6
7
8
9
10
11
12
13
14
15
16
17
18
19
20
21
22
23
24
25
1
3
4
5
6
7
8
9
10
11
12
13
14
15
16
17
18
19
20
21
22
23
24
25
Percent states
0.12
0.16
0.2
0.24
0.28
0.32
0.36
0.4
0.44
0.48
0.52
0.56
0.6
0.64
0.68
0.72
0.76
0.8
0.84
0.88
0.92
0.96
1.0
0.04
0.08
0.12
0.16
0.2
0.24
0.28
0.32
0.36
0.4
0.44
0.48
0.52
0.56
0.6
0.64
0.68
0.72
0.76
0.8
0.84
0.88
0.92
0.96
1.0
0.16
0.72
0.76
0.8
0.84
0.88
0.92
0.96
1.0
0.04
0.08
0.12
0.16
0.2
0.24
0.28
0.32
0.36
0.4
0.44
0.48
0.52
0.56
0.6
0.64
0.68
0.72
0.76
0.8
0.84
0.88
0.92
0.96
1.0
0.16
0.2
0.24
0.28
0.32
0.36
0.4
0.44
0.48
0.52
0.56
0.6
0.64
0.68
0.72
0.76
0.8
0.84
0.88
0.92
0.96
1.0
0.04
0.12
0.16
0.2
0.24
0.28
0.32
0.36
0.4
0.44
0.48
0.52
0.56
0.6
0.64
0.68
0.72
0.76
0.8
0.84
0.88
0.92
0.96
1.0
Policy accuracies
0.92
0.76
0.72
0.76
0.76
0.8
0.84
0.8
0.8
0.8
0.8
0.8
1.0
1.0
1.0
1.0
1.0
1.0
1.0
1.0
1.0
1.0
1.0
0.92
0.92
0.96
0.96
0.92
0.92
0.92
0.96
0.92
0.96
0.92
0.96
0.96
0.96
1.0
1.0
1.0
1.0
1.0
1.0
1.0
1.0
1.0
1.0
1.0
0.96
1.0
1.0
1.0
1.0
1.0
1.0
1.0
1.0
0.92
0.92
0.92
0.76
0.76
0.84
0.76
0.76
0.84
0.84
0.84
1.0
1.0
1.0
1.0
1.0
1.0
1.0
1.0
1.0
1.0
1.0
1.0
1.0
1.0
1.0
1.0
1.0
0.96
1.0
1.0
1.0
1.0
0.96
0.96
1.0
0.96
0.96
1.0
0.96
1.0
0.96
0.96
0.96
1.0
1.0
1.0
0.76
0.8
0.8
0.8
0.8
0.8
0.8
0.88
0.8
0.8
0.88
0.88
0.8
0.8
0.8
0.8
0.96
0.96
0.96
0.96
0.96
0.96
0.96
1.0
NEW THRESHOLD 0.5
Percent Improvements
0.5050392961750625
0.5050392961750625
0.5050392961750625
0.5050392961750625
0.5050392961750625
0.5050392961750625
0.5050392961750625
0.5050392961750625
0.5050392961750625
0.5050392961750625
0.5050392961750625
1.2270045996578458
1.2270045996578458
1.2311785112010336
1.2296132943723386
1.2270045996578458
1.2270045996578458
1.2270045996578458
1.2296132943723386
1.2270045996578458
1.2296132943723386
1.2270045996578458
1.2296132943723386
1.2296132943723386
1.2311785112010336
1.2362654658942944
1.2362654658942944
1.2362654658942944
1.2362654658942944
1.2362654658942944
1.2362654658942944
1.2362654658942944
1.2362654658942944
1.2362654658942944
1.2362654658942944
1.2362654658942944
1.1081713164271654
1.1081713164271654
1.1081713164271654
1.269357357927892
1.269357357927892
1.275678678850716
1.269357357927892
1.269357357927892
1.269357357927892
1.269357357927892
1.269357357927892
1.5222137942149971
1.5222137942149971
1.5222137942149971
1.5222137942149971
1.5222137942149971
1.5222137942149971
1.5222137942149971
1.5222137942149971
1.5222137942149971
1.5222137942149971
1.5222137942149971
1.5222137942149971
1.5222137942149971
1.5222137942149971
1.1059501120741346
1.2508257319347276
1.2508257319347276
1.2508257319347276
1.2508257319347276
1.2508257319347276
1.2508257319347276
2.2586651740939185
1.2508257319347276
1.2508257319347276
2.2586651740939185
2.2586651740939185
1.2508257319347276
1.2508257319347276
1.2508257319347276
1.2508257319347276
2.46023144477214
2.46023144477214
2.46023144477214
2.46023144477214
2.46023144477214
2.46023144477214
2.46023144477214
2.4651421147164525
Confidence
0.38636363636363635
True EVDs
0.0
0.0
0.0
0.0
0.0
0.0
0.0
0.0
0.0
0.0
0.0
0.004789194596793163
0.004789194596793163
0.00263071616396682
0.003440145576276557
0.004789194596793163
0.004789194596793163
0.004789194596793163
0.003440145576276557
0.004789194596793163
0.003440145576276557
0.004789194596793163
0.003440145576276557
0.003440145576276557
0.00263071616396682
7.057395927046611e-08
7.057395927046611e-08
7.057395927046611e-08
7.057395927046611e-08
7.057395927046611e-08
7.057395927046611e-08
7.057395927046611e-08
7.057395927046611e-08
7.057395927046611e-08
7.057395927046611e-08
7.057395927046611e-08
0.1847653931930754
0.1847653931930754
0.1847653931930754
0.1128365463714905
0.1128365463714905
0.11001567354568918
0.1128365463714905
0.1128365463714905
0.1128365463714905
0.1128365463714905
0.1128365463714905
2.7128197205085625e-08
2.7128197205085625e-08
2.7128197205085625e-08
2.7128197205085625e-08
2.7128197205085625e-08
2.7128197205085625e-08
2.7128197205085625e-08
2.7128197205085625e-08
2.7128197205085625e-08
2.7128197205085625e-08
2.7128197205085625e-08
2.7128197205085625e-08
2.7128197205085625e-08
2.7128197205085625e-08
0.38384632531239726
0.3429323339051535
0.3429323339051535
0.3429323339051535
0.3429323339051535
0.3429323339051535
0.3429323339051535
0.0583107093967595
0.3429323339051535
0.3429323339051535
0.0583107093967595
0.0583107093967595
0.3429323339051535
0.3429323339051535
0.3429323339051535
0.3429323339051535
0.0013868413611678619
0.0013868413611678619
0.0013868413611678619
0.0013868413611678619
0.0013868413611678619
0.0013868413611678619
0.0013868413611678619
3.032906487110528e-08
Num demos
15
16
17
18
19
20
21
22
23
24
25
1
2
3
4
5
6
7
8
9
10
11
12
13
14
15
16
17
18
19
20
21
22
23
24
25
1
2
3
4
5
6
7
8
9
10
11
12
13
14
15
16
17
18
19
20
21
22
23
24
25
1
3
4
5
6
7
8
9
10
11
12
13
14
15
16
17
18
19
20
21
22
23
24
25
Percent states
0.6
0.64
0.68
0.72
0.76
0.8
0.84
0.88
0.92
0.96
1.0
0.04
0.08
0.12
0.16
0.2
0.24
0.28
0.32
0.36
0.4
0.44
0.48
0.52
0.56
0.6
0.64
0.68
0.72
0.76
0.8
0.84
0.88
0.92
0.96
1.0
0.04
0.08
0.12
0.16
0.2
0.24
0.28
0.32
0.36
0.4
0.44
0.48
0.52
0.56
0.6
0.64
0.68
0.72
0.76
0.8
0.84
0.88
0.92
0.96
1.0
0.04
0.12
0.16
0.2
0.24
0.28
0.32
0.36
0.4
0.44
0.48
0.52
0.56
0.6
0.64
0.68
0.72
0.76
0.8
0.84
0.88
0.92
0.96
1.0
Policy accuracies
1.0
1.0
1.0
1.0
1.0
1.0
1.0
1.0
1.0
1.0
1.0
0.92
0.92
0.96
0.96
0.92
0.92
0.92
0.96
0.92
0.96
0.92
0.96
0.96
0.96
1.0
1.0
1.0
1.0
1.0
1.0
1.0
1.0
1.0
1.0
1.0
0.92
0.92
0.92
0.76
0.76
0.84
0.76
0.76
0.84
0.84
0.84
1.0
1.0
1.0
1.0
1.0
1.0
1.0
1.0
1.0
1.0
1.0
1.0
1.0
1.0
0.76
0.8
0.8
0.8
0.8
0.8
0.8
0.88
0.8
0.8
0.88
0.88
0.8
0.8
0.8
0.8
0.96
0.96
0.96
0.96
0.96
0.96
0.96
1.0
NEW THRESHOLD 0.6
Percent Improvements
1.2270045996578458
1.2270045996578458
1.2311785112010336
1.2296132943723386
1.2270045996578458
1.2270045996578458
1.2270045996578458
1.2296132943723386
1.2270045996578458
1.2296132943723386
1.2270045996578458
1.2296132943723386
1.2296132943723386
1.2311785112010336
1.2362654658942944
1.2362654658942944
1.2362654658942944
1.2362654658942944
1.2362654658942944
1.2362654658942944
1.2362654658942944
1.2362654658942944
1.2362654658942944
1.2362654658942944
1.2362654658942944
1.1081713164271654
1.1081713164271654
1.1081713164271654
1.269357357927892
1.269357357927892
1.275678678850716
1.269357357927892
1.269357357927892
1.269357357927892
1.269357357927892
1.269357357927892
1.5222137942149971
1.5222137942149971
1.5222137942149971
1.5222137942149971
1.5222137942149971
1.5222137942149971
1.5222137942149971
1.5222137942149971
1.5222137942149971
1.5222137942149971
1.5222137942149971
1.5222137942149971
1.5222137942149971
1.5222137942149971
1.1059501120741346
1.2508257319347276
1.2508257319347276
1.2508257319347276
1.2508257319347276
1.2508257319347276
1.2508257319347276
2.2586651740939185
1.2508257319347276
1.2508257319347276
2.2586651740939185
2.2586651740939185
1.2508257319347276
1.2508257319347276
1.2508257319347276
1.2508257319347276
2.46023144477214
2.46023144477214
2.46023144477214
2.46023144477214
2.46023144477214
2.46023144477214
2.46023144477214
2.4651421147164525
Confidence
0.33636363636363636
True EVDs
0.004789194596793163
0.004789194596793163
0.00263071616396682
0.003440145576276557
0.004789194596793163
0.004789194596793163
0.004789194596793163
0.003440145576276557
0.004789194596793163
0.003440145576276557
0.004789194596793163
0.003440145576276557
0.003440145576276557
0.00263071616396682
7.057395927046611e-08
7.057395927046611e-08
7.057395927046611e-08
7.057395927046611e-08
7.057395927046611e-08
7.057395927046611e-08
7.057395927046611e-08
7.057395927046611e-08
7.057395927046611e-08
7.057395927046611e-08
7.057395927046611e-08
0.1847653931930754
0.1847653931930754
0.1847653931930754
0.1128365463714905
0.1128365463714905
0.11001567354568918
0.1128365463714905
0.1128365463714905
0.1128365463714905
0.1128365463714905
0.1128365463714905
2.7128197205085625e-08
2.7128197205085625e-08
2.7128197205085625e-08
2.7128197205085625e-08
2.7128197205085625e-08
2.7128197205085625e-08
2.7128197205085625e-08
2.7128197205085625e-08
2.7128197205085625e-08
2.7128197205085625e-08
2.7128197205085625e-08
2.7128197205085625e-08
2.7128197205085625e-08
2.7128197205085625e-08
0.38384632531239726
0.3429323339051535
0.3429323339051535
0.3429323339051535
0.3429323339051535
0.3429323339051535
0.3429323339051535
0.0583107093967595
0.3429323339051535
0.3429323339051535
0.0583107093967595
0.0583107093967595
0.3429323339051535
0.3429323339051535
0.3429323339051535
0.3429323339051535
0.0013868413611678619
0.0013868413611678619
0.0013868413611678619
0.0013868413611678619
0.0013868413611678619
0.0013868413611678619
0.0013868413611678619
3.032906487110528e-08
Num demos
1
2
3
4
5
6
7
8
9
10
11
12
13
14
15
16
17
18
19
20
21
22
23
24
25
1
2
3
4
5
6
7
8
9
10
11
12
13
14
15
16
17
18
19
20
21
22
23
24
25
1
3
4
5
6
7
8
9
10
11
12
13
14
15
16
17
18
19
20
21
22
23
24
25
Percent states
0.04
0.08
0.12
0.16
0.2
0.24
0.28
0.32
0.36
0.4
0.44
0.48
0.52
0.56
0.6
0.64
0.68
0.72
0.76
0.8
0.84
0.88
0.92
0.96
1.0
0.04
0.08
0.12
0.16
0.2
0.24
0.28
0.32
0.36
0.4
0.44
0.48
0.52
0.56
0.6
0.64
0.68
0.72
0.76
0.8
0.84
0.88
0.92
0.96
1.0
0.04
0.12
0.16
0.2
0.24
0.28
0.32
0.36
0.4
0.44
0.48
0.52
0.56
0.6
0.64
0.68
0.72
0.76
0.8
0.84
0.88
0.92
0.96
1.0
Policy accuracies
0.92
0.92
0.96
0.96
0.92
0.92
0.92
0.96
0.92
0.96
0.92
0.96
0.96
0.96
1.0
1.0
1.0
1.0
1.0
1.0
1.0
1.0
1.0
1.0
1.0
0.92
0.92
0.92
0.76
0.76
0.84
0.76
0.76
0.84
0.84
0.84
1.0
1.0
1.0
1.0
1.0
1.0
1.0
1.0
1.0
1.0
1.0
1.0
1.0
1.0
0.76
0.8
0.8
0.8
0.8
0.8
0.8
0.88
0.8
0.8
0.88
0.88
0.8
0.8
0.8
0.8
0.96
0.96
0.96
0.96
0.96
0.96
0.96
1.0
NEW THRESHOLD 0.7
Percent Improvements
1.2270045996578458
1.2270045996578458
1.2311785112010336
1.2296132943723386
1.2270045996578458
1.2270045996578458
1.2270045996578458
1.2296132943723386
1.2270045996578458
1.2296132943723386
1.2270045996578458
1.2296132943723386
1.2296132943723386
1.2311785112010336
1.2362654658942944
1.2362654658942944
1.2362654658942944
1.2362654658942944
1.2362654658942944
1.2362654658942944
1.2362654658942944
1.2362654658942944
1.2362654658942944
1.2362654658942944
1.2362654658942944
1.1081713164271654
1.1081713164271654
1.1081713164271654
1.269357357927892
1.269357357927892
1.275678678850716
1.269357357927892
1.269357357927892
1.269357357927892
1.269357357927892
1.269357357927892
1.5222137942149971
1.5222137942149971
1.5222137942149971
1.5222137942149971
1.5222137942149971
1.5222137942149971
1.5222137942149971
1.5222137942149971
1.5222137942149971
1.5222137942149971
1.5222137942149971
1.5222137942149971
1.5222137942149971
1.5222137942149971
1.1059501120741346
1.2508257319347276
1.2508257319347276
1.2508257319347276
1.2508257319347276
1.2508257319347276
1.2508257319347276
2.2586651740939185
1.2508257319347276
1.2508257319347276
2.2586651740939185
2.2586651740939185
1.2508257319347276
1.2508257319347276
1.2508257319347276
1.2508257319347276
2.46023144477214
2.46023144477214
2.46023144477214
2.46023144477214
2.46023144477214
2.46023144477214
2.46023144477214
2.4651421147164525
Confidence
0.33636363636363636
True EVDs
0.004789194596793163
0.004789194596793163
0.00263071616396682
0.003440145576276557
0.004789194596793163
0.004789194596793163
0.004789194596793163
0.003440145576276557
0.004789194596793163
0.003440145576276557
0.004789194596793163
0.003440145576276557
0.003440145576276557
0.00263071616396682
7.057395927046611e-08
7.057395927046611e-08
7.057395927046611e-08
7.057395927046611e-08
7.057395927046611e-08
7.057395927046611e-08
7.057395927046611e-08
7.057395927046611e-08
7.057395927046611e-08
7.057395927046611e-08
7.057395927046611e-08
0.1847653931930754
0.1847653931930754
0.1847653931930754
0.1128365463714905
0.1128365463714905
0.11001567354568918
0.1128365463714905
0.1128365463714905
0.1128365463714905
0.1128365463714905
0.1128365463714905
2.7128197205085625e-08
2.7128197205085625e-08
2.7128197205085625e-08
2.7128197205085625e-08
2.7128197205085625e-08
2.7128197205085625e-08
2.7128197205085625e-08
2.7128197205085625e-08
2.7128197205085625e-08
2.7128197205085625e-08
2.7128197205085625e-08
2.7128197205085625e-08
2.7128197205085625e-08
2.7128197205085625e-08
0.38384632531239726
0.3429323339051535
0.3429323339051535
0.3429323339051535
0.3429323339051535
0.3429323339051535
0.3429323339051535
0.0583107093967595
0.3429323339051535
0.3429323339051535
0.0583107093967595
0.0583107093967595
0.3429323339051535
0.3429323339051535
0.3429323339051535
0.3429323339051535
0.0013868413611678619
0.0013868413611678619
0.0013868413611678619
0.0013868413611678619
0.0013868413611678619
0.0013868413611678619
0.0013868413611678619
3.032906487110528e-08
Num demos
1
2
3
4
5
6
7
8
9
10
11
12
13
14
15
16
17
18
19
20
21
22
23
24
25
1
2
3
4
5
6
7
8
9
10
11
12
13
14
15
16
17
18
19
20
21
22
23
24
25
1
3
4
5
6
7
8
9
10
11
12
13
14
15
16
17
18
19
20
21
22
23
24
25
Percent states
0.04
0.08
0.12
0.16
0.2
0.24
0.28
0.32
0.36
0.4
0.44
0.48
0.52
0.56
0.6
0.64
0.68
0.72
0.76
0.8
0.84
0.88
0.92
0.96
1.0
0.04
0.08
0.12
0.16
0.2
0.24
0.28
0.32
0.36
0.4
0.44
0.48
0.52
0.56
0.6
0.64
0.68
0.72
0.76
0.8
0.84
0.88
0.92
0.96
1.0
0.04
0.12
0.16
0.2
0.24
0.28
0.32
0.36
0.4
0.44
0.48
0.52
0.56
0.6
0.64
0.68
0.72
0.76
0.8
0.84
0.88
0.92
0.96
1.0
Policy accuracies
0.92
0.92
0.96
0.96
0.92
0.92
0.92
0.96
0.92
0.96
0.92
0.96
0.96
0.96
1.0
1.0
1.0
1.0
1.0
1.0
1.0
1.0
1.0
1.0
1.0
0.92
0.92
0.92
0.76
0.76
0.84
0.76
0.76
0.84
0.84
0.84
1.0
1.0
1.0
1.0
1.0
1.0
1.0
1.0
1.0
1.0
1.0
1.0
1.0
1.0
0.76
0.8
0.8
0.8
0.8
0.8
0.8
0.88
0.8
0.8
0.88
0.88
0.8
0.8
0.8
0.8
0.96
0.96
0.96
0.96
0.96
0.96
0.96
1.0
NEW THRESHOLD 0.8
Percent Improvements
1.2270045996578458
1.2270045996578458
1.2311785112010336
1.2296132943723386
1.2270045996578458
1.2270045996578458
1.2270045996578458
1.2296132943723386
1.2270045996578458
1.2296132943723386
1.2270045996578458
1.2296132943723386
1.2296132943723386
1.2311785112010336
1.2362654658942944
1.2362654658942944
1.2362654658942944
1.2362654658942944
1.2362654658942944
1.2362654658942944
1.2362654658942944
1.2362654658942944
1.2362654658942944
1.2362654658942944
1.2362654658942944
1.1081713164271654
1.1081713164271654
1.1081713164271654
1.269357357927892
1.269357357927892
1.275678678850716
1.269357357927892
1.269357357927892
1.269357357927892
1.269357357927892
1.269357357927892
1.5222137942149971
1.5222137942149971
1.5222137942149971
1.5222137942149971
1.5222137942149971
1.5222137942149971
1.5222137942149971
1.5222137942149971
1.5222137942149971
1.5222137942149971
1.5222137942149971
1.5222137942149971
1.5222137942149971
1.5222137942149971
1.1059501120741346
1.2508257319347276
1.2508257319347276
1.2508257319347276
1.2508257319347276
1.2508257319347276
1.2508257319347276
2.2586651740939185
1.2508257319347276
1.2508257319347276
2.2586651740939185
2.2586651740939185
1.2508257319347276
1.2508257319347276
1.2508257319347276
1.2508257319347276
2.46023144477214
2.46023144477214
2.46023144477214
2.46023144477214
2.46023144477214
2.46023144477214
2.46023144477214
2.4651421147164525
Confidence
0.33636363636363636
True EVDs
0.004789194596793163
0.004789194596793163
0.00263071616396682
0.003440145576276557
0.004789194596793163
0.004789194596793163
0.004789194596793163
0.003440145576276557
0.004789194596793163
0.003440145576276557
0.004789194596793163
0.003440145576276557
0.003440145576276557
0.00263071616396682
7.057395927046611e-08
7.057395927046611e-08
7.057395927046611e-08
7.057395927046611e-08
7.057395927046611e-08
7.057395927046611e-08
7.057395927046611e-08
7.057395927046611e-08
7.057395927046611e-08
7.057395927046611e-08
7.057395927046611e-08
0.1847653931930754
0.1847653931930754
0.1847653931930754
0.1128365463714905
0.1128365463714905
0.11001567354568918
0.1128365463714905
0.1128365463714905
0.1128365463714905
0.1128365463714905
0.1128365463714905
2.7128197205085625e-08
2.7128197205085625e-08
2.7128197205085625e-08
2.7128197205085625e-08
2.7128197205085625e-08
2.7128197205085625e-08
2.7128197205085625e-08
2.7128197205085625e-08
2.7128197205085625e-08
2.7128197205085625e-08
2.7128197205085625e-08
2.7128197205085625e-08
2.7128197205085625e-08
2.7128197205085625e-08
0.38384632531239726
0.3429323339051535
0.3429323339051535
0.3429323339051535
0.3429323339051535
0.3429323339051535
0.3429323339051535
0.0583107093967595
0.3429323339051535
0.3429323339051535
0.0583107093967595
0.0583107093967595
0.3429323339051535
0.3429323339051535
0.3429323339051535
0.3429323339051535
0.0013868413611678619
0.0013868413611678619
0.0013868413611678619
0.0013868413611678619
0.0013868413611678619
0.0013868413611678619
0.0013868413611678619
3.032906487110528e-08
Num demos
1
2
3
4
5
6
7
8
9
10
11
12
13
14
15
16
17
18
19
20
21
22
23
24
25
1
2
3
4
5
6
7
8
9
10
11
12
13
14
15
16
17
18
19
20
21
22
23
24
25
1
3
4
5
6
7
8
9
10
11
12
13
14
15
16
17
18
19
20
21
22
23
24
25
Percent states
0.04
0.08
0.12
0.16
0.2
0.24
0.28
0.32
0.36
0.4
0.44
0.48
0.52
0.56
0.6
0.64
0.68
0.72
0.76
0.8
0.84
0.88
0.92
0.96
1.0
0.04
0.08
0.12
0.16
0.2
0.24
0.28
0.32
0.36
0.4
0.44
0.48
0.52
0.56
0.6
0.64
0.68
0.72
0.76
0.8
0.84
0.88
0.92
0.96
1.0
0.04
0.12
0.16
0.2
0.24
0.28
0.32
0.36
0.4
0.44
0.48
0.52
0.56
0.6
0.64
0.68
0.72
0.76
0.8
0.84
0.88
0.92
0.96
1.0
Policy accuracies
0.92
0.92
0.96
0.96
0.92
0.92
0.92
0.96
0.92
0.96
0.92
0.96
0.96
0.96
1.0
1.0
1.0
1.0
1.0
1.0
1.0
1.0
1.0
1.0
1.0
0.92
0.92
0.92
0.76
0.76
0.84
0.76
0.76
0.84
0.84
0.84
1.0
1.0
1.0
1.0
1.0
1.0
1.0
1.0
1.0
1.0
1.0
1.0
1.0
1.0
0.76
0.8
0.8
0.8
0.8
0.8
0.8
0.88
0.8
0.8
0.88
0.88
0.8
0.8
0.8
0.8
0.96
0.96
0.96
0.96
0.96
0.96
0.96
1.0
NEW THRESHOLD 0.9
Percent Improvements
1.2270045996578458
1.2270045996578458
1.2311785112010336
1.2296132943723386
1.2270045996578458
1.2270045996578458
1.2270045996578458
1.2296132943723386
1.2270045996578458
1.2296132943723386
1.2270045996578458
1.2296132943723386
1.2296132943723386
1.2311785112010336
1.2362654658942944
1.2362654658942944
1.2362654658942944
1.2362654658942944
1.2362654658942944
1.2362654658942944
1.2362654658942944
1.2362654658942944
1.2362654658942944
1.2362654658942944
1.2362654658942944
1.1081713164271654
1.1081713164271654
1.1081713164271654
1.269357357927892
1.269357357927892
1.275678678850716
1.269357357927892
1.269357357927892
1.269357357927892
1.269357357927892
1.269357357927892
1.5222137942149971
1.5222137942149971
1.5222137942149971
1.5222137942149971
1.5222137942149971
1.5222137942149971
1.5222137942149971
1.5222137942149971
1.5222137942149971
1.5222137942149971
1.5222137942149971
1.5222137942149971
1.5222137942149971
1.5222137942149971
1.1059501120741346
1.2508257319347276
1.2508257319347276
1.2508257319347276
1.2508257319347276
1.2508257319347276
1.2508257319347276
2.2586651740939185
1.2508257319347276
1.2508257319347276
2.2586651740939185
2.2586651740939185
1.2508257319347276
1.2508257319347276
1.2508257319347276
1.2508257319347276
2.46023144477214
2.46023144477214
2.46023144477214
2.46023144477214
2.46023144477214
2.46023144477214
2.46023144477214
2.4651421147164525
Confidence
0.33636363636363636
True EVDs
0.004789194596793163
0.004789194596793163
0.00263071616396682
0.003440145576276557
0.004789194596793163
0.004789194596793163
0.004789194596793163
0.003440145576276557
0.004789194596793163
0.003440145576276557
0.004789194596793163
0.003440145576276557
0.003440145576276557
0.00263071616396682
7.057395927046611e-08
7.057395927046611e-08
7.057395927046611e-08
7.057395927046611e-08
7.057395927046611e-08
7.057395927046611e-08
7.057395927046611e-08
7.057395927046611e-08
7.057395927046611e-08
7.057395927046611e-08
7.057395927046611e-08
0.1847653931930754
0.1847653931930754
0.1847653931930754
0.1128365463714905
0.1128365463714905
0.11001567354568918
0.1128365463714905
0.1128365463714905
0.1128365463714905
0.1128365463714905
0.1128365463714905
2.7128197205085625e-08
2.7128197205085625e-08
2.7128197205085625e-08
2.7128197205085625e-08
2.7128197205085625e-08
2.7128197205085625e-08
2.7128197205085625e-08
2.7128197205085625e-08
2.7128197205085625e-08
2.7128197205085625e-08
2.7128197205085625e-08
2.7128197205085625e-08
2.7128197205085625e-08
2.7128197205085625e-08
0.38384632531239726
0.3429323339051535
0.3429323339051535
0.3429323339051535
0.3429323339051535
0.3429323339051535
0.3429323339051535
0.0583107093967595
0.3429323339051535
0.3429323339051535
0.0583107093967595
0.0583107093967595
0.3429323339051535
0.3429323339051535
0.3429323339051535
0.3429323339051535
0.0013868413611678619
0.0013868413611678619
0.0013868413611678619
0.0013868413611678619
0.0013868413611678619
0.0013868413611678619
0.0013868413611678619
3.032906487110528e-08
Num demos
1
2
3
4
5
6
7
8
9
10
11
12
13
14
15
16
17
18
19
20
21
22
23
24
25
1
2
3
4
5
6
7
8
9
10
11
12
13
14
15
16
17
18
19
20
21
22
23
24
25
1
3
4
5
6
7
8
9
10
11
12
13
14
15
16
17
18
19
20
21
22
23
24
25
Percent states
0.04
0.08
0.12
0.16
0.2
0.24
0.28
0.32
0.36
0.4
0.44
0.48
0.52
0.56
0.6
0.64
0.68
0.72
0.76
0.8
0.84
0.88
0.92
0.96
1.0
0.04
0.08
0.12
0.16
0.2
0.24
0.28
0.32
0.36
0.4
0.44
0.48
0.52
0.56
0.6
0.64
0.68
0.72
0.76
0.8
0.84
0.88
0.92
0.96
1.0
0.04
0.12
0.16
0.2
0.24
0.28
0.32
0.36
0.4
0.44
0.48
0.52
0.56
0.6
0.64
0.68
0.72
0.76
0.8
0.84
0.88
0.92
0.96
1.0
Policy accuracies
0.92
0.92
0.96
0.96
0.92
0.92
0.92
0.96
0.92
0.96
0.92
0.96
0.96
0.96
1.0
1.0
1.0
1.0
1.0
1.0
1.0
1.0
1.0
1.0
1.0
0.92
0.92
0.92
0.76
0.76
0.84
0.76
0.76
0.84
0.84
0.84
1.0
1.0
1.0
1.0
1.0
1.0
1.0
1.0
1.0
1.0
1.0
1.0
1.0
1.0
0.76
0.8
0.8
0.8
0.8
0.8
0.8
0.88
0.8
0.8
0.88
0.88
0.8
0.8
0.8
0.8
0.96
0.96
0.96
0.96
0.96
0.96
0.96
1.0
NEW THRESHOLD 1.0
Percent Improvements
1.2270045996578458
1.2270045996578458
1.2311785112010336
1.2296132943723386
1.2270045996578458
1.2270045996578458
1.2270045996578458
1.2296132943723386
1.2270045996578458
1.2296132943723386
1.2270045996578458
1.2296132943723386
1.2296132943723386
1.2311785112010336
1.2362654658942944
1.2362654658942944
1.2362654658942944
1.2362654658942944
1.2362654658942944
1.2362654658942944
1.2362654658942944
1.2362654658942944
1.2362654658942944
1.2362654658942944
1.2362654658942944
1.1081713164271654
1.1081713164271654
1.1081713164271654
1.269357357927892
1.269357357927892
1.275678678850716
1.269357357927892
1.269357357927892
1.269357357927892
1.269357357927892
1.269357357927892
1.5222137942149971
1.5222137942149971
1.5222137942149971
1.5222137942149971
1.5222137942149971
1.5222137942149971
1.5222137942149971
1.5222137942149971
1.5222137942149971
1.5222137942149971
1.5222137942149971
1.5222137942149971
1.5222137942149971
1.5222137942149971
1.1059501120741346
1.2508257319347276
1.2508257319347276
1.2508257319347276
1.2508257319347276
1.2508257319347276
1.2508257319347276
2.2586651740939185
1.2508257319347276
1.2508257319347276
2.2586651740939185
2.2586651740939185
1.2508257319347276
1.2508257319347276
1.2508257319347276
1.2508257319347276
2.46023144477214
2.46023144477214
2.46023144477214
2.46023144477214
2.46023144477214
2.46023144477214
2.46023144477214
2.4651421147164525
Confidence
0.33636363636363636
True EVDs
0.004789194596793163
0.004789194596793163
0.00263071616396682
0.003440145576276557
0.004789194596793163
0.004789194596793163
0.004789194596793163
0.003440145576276557
0.004789194596793163
0.003440145576276557
0.004789194596793163
0.003440145576276557
0.003440145576276557
0.00263071616396682
7.057395927046611e-08
7.057395927046611e-08
7.057395927046611e-08
7.057395927046611e-08
7.057395927046611e-08
7.057395927046611e-08
7.057395927046611e-08
7.057395927046611e-08
7.057395927046611e-08
7.057395927046611e-08
7.057395927046611e-08
0.1847653931930754
0.1847653931930754
0.1847653931930754
0.1128365463714905
0.1128365463714905
0.11001567354568918
0.1128365463714905
0.1128365463714905
0.1128365463714905
0.1128365463714905
0.1128365463714905
2.7128197205085625e-08
2.7128197205085625e-08
2.7128197205085625e-08
2.7128197205085625e-08
2.7128197205085625e-08
2.7128197205085625e-08
2.7128197205085625e-08
2.7128197205085625e-08
2.7128197205085625e-08
2.7128197205085625e-08
2.7128197205085625e-08
2.7128197205085625e-08
2.7128197205085625e-08
2.7128197205085625e-08
0.38384632531239726
0.3429323339051535
0.3429323339051535
0.3429323339051535
0.3429323339051535
0.3429323339051535
0.3429323339051535
0.0583107093967595
0.3429323339051535
0.3429323339051535
0.0583107093967595
0.0583107093967595
0.3429323339051535
0.3429323339051535
0.3429323339051535
0.3429323339051535
0.0013868413611678619
0.0013868413611678619
0.0013868413611678619
0.0013868413611678619
0.0013868413611678619
0.0013868413611678619
0.0013868413611678619
3.032906487110528e-08
Num demos
1
2
3
4
5
6
7
8
9
10
11
12
13
14
15
16
17
18
19
20
21
22
23
24
25
1
2
3
4
5
6
7
8
9
10
11
12
13
14
15
16
17
18
19
20
21
22
23
24
25
1
3
4
5
6
7
8
9
10
11
12
13
14
15
16
17
18
19
20
21
22
23
24
25
Percent states
0.04
0.08
0.12
0.16
0.2
0.24
0.28
0.32
0.36
0.4
0.44
0.48
0.52
0.56
0.6
0.64
0.68
0.72
0.76
0.8
0.84
0.88
0.92
0.96
1.0
0.04
0.08
0.12
0.16
0.2
0.24
0.28
0.32
0.36
0.4
0.44
0.48
0.52
0.56
0.6
0.64
0.68
0.72
0.76
0.8
0.84
0.88
0.92
0.96
1.0
0.04
0.12
0.16
0.2
0.24
0.28
0.32
0.36
0.4
0.44
0.48
0.52
0.56
0.6
0.64
0.68
0.72
0.76
0.8
0.84
0.88
0.92
0.96
1.0
Policy accuracies
0.92
0.92
0.96
0.96
0.92
0.92
0.92
0.96
0.92
0.96
0.92
0.96
0.96
0.96
1.0
1.0
1.0
1.0
1.0
1.0
1.0
1.0
1.0
1.0
1.0
0.92
0.92
0.92
0.76
0.76
0.84
0.76
0.76
0.84
0.84
0.84
1.0
1.0
1.0
1.0
1.0
1.0
1.0
1.0
1.0
1.0
1.0
1.0
1.0
1.0
0.76
0.8
0.8
0.8
0.8
0.8
0.8
0.88
0.8
0.8
0.88
0.88
0.8
0.8
0.8
0.8
0.96
0.96
0.96
0.96
0.96
0.96
0.96
1.0
**************************************************
