Using 1 demo:
True policy
[2, 0, 1, 2, 0, 2, 0, 2, 0, 1, 2, 2, 2, 0, 1, 2, 2, 2, 0, 1, 0, 2, 2, 0, 1]
Available demos: [(19, 1)]
Learned policy
[2, 0, 1, 1, 0, 2, 0, 1, 0, 1, 2, 2, 0, 1, 1, 2, 2, 0, 1, 1, 0, 2, 0, 1, 1]
Policy accuracy: 68.0

Using 2 demos:
True policy
[2, 0, 1, 2, 0, 2, 0, 2, 0, 1, 2, 2, 2, 0, 1, 2, 2, 2, 0, 1, 0, 2, 2, 0, 1]
Available demos: [(19, 1), (4, 0)]
Learned policy
[2, 2, 0, 2, 0, 2, 2, 2, 0, 1, 2, 2, 2, 0, 1, 0, 2, 2, 0, 1, 2, 2, 2, 0, 1]
Policy accuracy: 80.0

Using 3 demos:
True policy
[2, 0, 1, 2, 0, 2, 0, 2, 0, 1, 2, 2, 2, 0, 1, 2, 2, 2, 0, 1, 0, 2, 2, 0, 1]
Available demos: [(19, 1), (4, 0), (21, 2)]
Learned policy
[2, 0, 1, 2, 0, 2, 0, 2, 0, 1, 0, 2, 2, 0, 1, 0, 2, 2, 0, 1, 0, 1, 2, 0, 1]
Policy accuracy: 88.0

Using 4 demos:
True policy
[2, 0, 1, 2, 0, 2, 0, 2, 0, 1, 2, 2, 2, 0, 1, 2, 2, 2, 0, 1, 0, 2, 2, 0, 1]
Available demos: [(19, 1), (4, 0), (21, 2), (2, 1)]
Learned policy
[2, 0, 1, 2, 0, 2, 0, 1, 0, 1, 2, 2, 0, 1, 1, 0, 2, 0, 1, 1, 0, 2, 0, 1, 0]
Policy accuracy: 64.0

Using 5 demos:
True policy
[2, 0, 1, 2, 0, 2, 0, 2, 0, 1, 2, 2, 2, 0, 1, 2, 2, 2, 0, 1, 0, 2, 2, 0, 1]
Available demos: [(19, 1), (4, 0), (21, 2), (2, 1), (10, 2)]
Learned policy
[2, 0, 1, 2, 0, 2, 0, 1, 0, 1, 2, 2, 0, 1, 1, 2, 2, 0, 1, 1, 0, 2, 0, 1, 1]
Policy accuracy: 72.0

Using 6 demos:
True policy
[2, 0, 1, 2, 0, 2, 0, 2, 0, 1, 2, 2, 2, 0, 1, 2, 2, 2, 0, 1, 0, 2, 2, 0, 1]
Available demos: [(19, 1), (4, 0), (21, 2), (2, 1), (10, 2), (0, 2)]
Learned policy
[2, 0, 1, 2, 0, 2, 0, 2, 0, 1, 2, 2, 2, 0, 1, 2, 2, 2, 0, 1, 0, 2, 0, 1, 1]
Policy accuracy: 92.0

Using 7 demos:
True policy
[2, 0, 1, 2, 0, 2, 0, 2, 0, 1, 2, 2, 2, 0, 1, 2, 2, 2, 0, 1, 0, 2, 2, 0, 1]
Available demos: [(19, 1), (4, 0), (21, 2), (2, 1), (10, 2), (0, 2), (20, 0)]
Learned policy
[0, 0, 0, 0, 0, 0, 0, 0, 0, 0, 0, 0, 0, 0, 0, 0, 0, 0, 0, 0, 0, 0, 0, 0, 0]
Policy accuracy: 32.0

Using 8 demos:
True policy
[2, 0, 1, 2, 0, 2, 0, 2, 0, 1, 2, 2, 2, 0, 1, 2, 2, 2, 0, 1, 0, 2, 2, 0, 1]
Available demos: [(19, 1), (4, 0), (21, 2), (2, 1), (10, 2), (0, 2), (20, 0), (1, 0)]
Learned policy
[2, 0, 1, 2, 0, 2, 0, 1, 0, 1, 2, 2, 0, 1, 1, 0, 2, 0, 1, 1, 0, 2, 0, 1, 0]
Policy accuracy: 64.0

Using 9 demos:
True policy
[2, 0, 1, 2, 0, 2, 0, 2, 0, 1, 2, 2, 2, 0, 1, 2, 2, 2, 0, 1, 0, 2, 2, 0, 1]
Available demos: [(19, 1), (4, 0), (21, 2), (2, 1), (10, 2), (0, 2), (20, 0), (1, 0), (15, 2)]
Learned policy
[2, 0, 1, 1, 1, 2, 0, 1, 1, 0, 0, 2, 0, 1, 0, 0, 2, 0, 1, 1, 0, 2, 0, 1, 1]
Policy accuracy: 44.0

Using 10 demos:
True policy
[2, 0, 1, 2, 0, 2, 0, 2, 0, 1, 2, 2, 2, 0, 1, 2, 2, 2, 0, 1, 0, 2, 2, 0, 1]
Available demos: [(19, 1), (4, 0), (21, 2), (2, 1), (10, 2), (0, 2), (20, 0), (1, 0), (15, 2), (24, 1)]
Learned policy
[2, 0, 1, 1, 0, 2, 0, 1, 0, 1, 2, 2, 0, 1, 1, 2, 2, 0, 1, 1, 0, 2, 0, 1, 1]
Policy accuracy: 68.0

Using 11 demos:
True policy
[2, 0, 1, 2, 0, 2, 0, 2, 0, 1, 2, 2, 2, 0, 1, 2, 2, 2, 0, 1, 0, 2, 2, 0, 1]
Available demos: [(19, 1), (4, 0), (21, 2), (2, 1), (10, 2), (0, 2), (20, 0), (1, 0), (15, 2), (24, 1), (9, 1)]
Learned policy
[2, 0, 1, 2, 0, 2, 0, 1, 0, 1, 2, 2, 0, 1, 1, 2, 2, 0, 1, 1, 0, 2, 0, 1, 1]
Policy accuracy: 72.0

Using 12 demos:
True policy
[2, 0, 1, 2, 0, 2, 0, 2, 0, 1, 2, 2, 2, 0, 1, 2, 2, 2, 0, 1, 0, 2, 2, 0, 1]
Available demos: [(19, 1), (4, 0), (21, 2), (2, 1), (10, 2), (0, 2), (20, 0), (1, 0), (15, 2), (24, 1), (9, 1), (18, 0)]
Learned policy
[2, 0, 1, 2, 0, 2, 0, 1, 0, 1, 2, 2, 0, 1, 1, 0, 2, 0, 1, 1, 0, 2, 0, 1, 0]
Policy accuracy: 64.0

Using 13 demos:
True policy
[2, 0, 1, 2, 0, 2, 0, 2, 0, 1, 2, 2, 2, 0, 1, 2, 2, 2, 0, 1, 0, 2, 2, 0, 1]
Available demos: [(19, 1), (4, 0), (21, 2), (2, 1), (10, 2), (0, 2), (20, 0), (1, 0), (15, 2), (24, 1), (9, 1), (18, 0), (14, 1)]
Learned policy
[2, 0, 1, 2, 0, 2, 0, 1, 0, 1, 2, 2, 0, 1, 1, 2, 2, 0, 1, 1, 0, 2, 0, 1, 1]
Policy accuracy: 72.0

Using 14 demos:
True policy
[2, 0, 1, 2, 0, 2, 0, 2, 0, 1, 2, 2, 2, 0, 1, 2, 2, 2, 0, 1, 0, 2, 2, 0, 1]
Available demos: [(19, 1), (4, 0), (21, 2), (2, 1), (10, 2), (0, 2), (20, 0), (1, 0), (15, 2), (24, 1), (9, 1), (18, 0), (14, 1), (8, 0)]
Learned policy
[0, 0, 0, 0, 0, 0, 0, 0, 0, 0, 0, 0, 0, 0, 0, 0, 0, 0, 0, 0, 0, 0, 0, 0, 0]
Policy accuracy: 32.0

Using 15 demos:
True policy
[2, 0, 1, 2, 0, 2, 0, 2, 0, 1, 2, 2, 2, 0, 1, 2, 2, 2, 0, 1, 0, 2, 2, 0, 1]
Available demos: [(19, 1), (4, 0), (21, 2), (2, 1), (10, 2), (0, 2), (20, 0), (1, 0), (15, 2), (24, 1), (9, 1), (18, 0), (14, 1), (8, 0), (13, 0)]
Learned policy
[2, 0, 1, 1, 0, 2, 0, 1, 0, 1, 2, 2, 0, 1, 1, 0, 2, 0, 1, 1, 0, 2, 0, 1, 1]
Policy accuracy: 64.0

Using 16 demos:
True policy
[2, 0, 1, 2, 0, 2, 0, 2, 0, 1, 2, 2, 2, 0, 1, 2, 2, 2, 0, 1, 0, 2, 2, 0, 1]
Available demos: [(19, 1), (4, 0), (21, 2), (2, 1), (10, 2), (0, 2), (20, 0), (1, 0), (15, 2), (24, 1), (9, 1), (18, 0), (14, 1), (8, 0), (13, 0), (22, 2)]
Learned policy
[2, 0, 1, 0, 1, 2, 0, 2, 0, 1, 2, 2, 2, 0, 1, 2, 2, 2, 0, 1, 2, 2, 2, 0, 1]
Policy accuracy: 88.0

Using 17 demos:
True policy
[2, 0, 1, 2, 0, 2, 0, 2, 0, 1, 2, 2, 2, 0, 1, 2, 2, 2, 0, 1, 0, 2, 2, 0, 1]
Available demos: [(19, 1), (4, 0), (21, 2), (2, 1), (10, 2), (0, 2), (20, 0), (1, 0), (15, 2), (24, 1), (9, 1), (18, 0), (14, 1), (8, 0), (13, 0), (22, 2), (6, 0)]
Learned policy
[2, 2, 0, 2, 0, 2, 0, 2, 0, 1, 2, 2, 0, 1, 1, 2, 2, 0, 1, 1, 0, 2, 2, 0, 1]
Policy accuracy: 76.0

Using 18 demos:
True policy
[2, 0, 1, 2, 0, 2, 0, 2, 0, 1, 2, 2, 2, 0, 1, 2, 2, 2, 0, 1, 0, 2, 2, 0, 1]
Available demos: [(19, 1), (4, 0), (21, 2), (2, 1), (10, 2), (0, 2), (20, 0), (1, 0), (15, 2), (24, 1), (9, 1), (18, 0), (14, 1), (8, 0), (13, 0), (22, 2), (6, 0), (17, 2)]
Learned policy
[2, 0, 1, 2, 0, 2, 0, 2, 0, 1, 2, 2, 2, 0, 1, 0, 2, 2, 0, 1, 0, 2, 2, 0, 1]
Policy accuracy: 96.0

Using 19 demos:
True policy
[2, 0, 1, 2, 0, 2, 0, 2, 0, 1, 2, 2, 2, 0, 1, 2, 2, 2, 0, 1, 0, 2, 2, 0, 1]
Available demos: [(19, 1), (4, 0), (21, 2), (2, 1), (10, 2), (0, 2), (20, 0), (1, 0), (15, 2), (24, 1), (9, 1), (18, 0), (14, 1), (8, 0), (13, 0), (22, 2), (6, 0), (17, 2), (7, 2)]
Learned policy
[0, 0, 0, 0, 0, 0, 0, 0, 0, 0, 0, 0, 0, 0, 0, 0, 0, 0, 0, 0, 0, 0, 0, 0, 0]
Policy accuracy: 32.0

Using 20 demos:
True policy
[2, 0, 1, 2, 0, 2, 0, 2, 0, 1, 2, 2, 2, 0, 1, 2, 2, 2, 0, 1, 0, 2, 2, 0, 1]
Available demos: [(19, 1), (4, 0), (21, 2), (2, 1), (10, 2), (0, 2), (20, 0), (1, 0), (15, 2), (24, 1), (9, 1), (18, 0), (14, 1), (8, 0), (13, 0), (22, 2), (6, 0), (17, 2), (7, 2), (5, 2)]
Learned policy
[2, 0, 1, 2, 0, 2, 0, 2, 0, 1, 2, 2, 2, 0, 1, 0, 2, 2, 0, 1, 0, 2, 0, 1, 1]
Policy accuracy: 88.0

Using 21 demos:
True policy
[2, 0, 1, 2, 0, 2, 0, 2, 0, 1, 2, 2, 2, 0, 1, 2, 2, 2, 0, 1, 0, 2, 2, 0, 1]
Available demos: [(19, 1), (4, 0), (21, 2), (2, 1), (10, 2), (0, 2), (20, 0), (1, 0), (15, 2), (24, 1), (9, 1), (18, 0), (14, 1), (8, 0), (13, 0), (22, 2), (6, 0), (17, 2), (7, 2), (5, 2), (12, 2)]
Learned policy
[0, 0, 0, 0, 0, 0, 0, 0, 0, 0, 0, 0, 0, 0, 0, 0, 0, 0, 0, 0, 0, 0, 0, 0, 0]
Policy accuracy: 32.0

Using 22 demos:
True policy
[2, 0, 1, 2, 0, 2, 0, 2, 0, 1, 2, 2, 2, 0, 1, 2, 2, 2, 0, 1, 0, 2, 2, 0, 1]
Available demos: [(19, 1), (4, 0), (21, 2), (2, 1), (10, 2), (0, 2), (20, 0), (1, 0), (15, 2), (24, 1), (9, 1), (18, 0), (14, 1), (8, 0), (13, 0), (22, 2), (6, 0), (17, 2), (7, 2), (5, 2), (12, 2), (11, 2)]
Learned policy
[2, 0, 1, 2, 0, 2, 0, 2, 0, 1, 2, 2, 2, 0, 1, 2, 2, 2, 0, 1, 0, 2, 2, 0, 1]
Policy accuracy: 100.0

Using 23 demos:
True policy
[2, 0, 1, 2, 0, 2, 0, 2, 0, 1, 2, 2, 2, 0, 1, 2, 2, 2, 0, 1, 0, 2, 2, 0, 1]
Available demos: [(19, 1), (4, 0), (21, 2), (2, 1), (10, 2), (0, 2), (20, 0), (1, 0), (15, 2), (24, 1), (9, 1), (18, 0), (14, 1), (8, 0), (13, 0), (22, 2), (6, 0), (17, 2), (7, 2), (5, 2), (12, 2), (11, 2), (16, 2)]
Learned policy
[2, 0, 1, 2, 0, 2, 0, 2, 0, 1, 2, 2, 2, 0, 1, 0, 2, 2, 0, 1, 0, 1, 2, 0, 1]
Policy accuracy: 92.0

Using 24 demos:
True policy
[2, 0, 1, 2, 0, 2, 0, 2, 0, 1, 2, 2, 2, 0, 1, 2, 2, 2, 0, 1, 0, 2, 2, 0, 1]
Available demos: [(19, 1), (4, 0), (21, 2), (2, 1), (10, 2), (0, 2), (20, 0), (1, 0), (15, 2), (24, 1), (9, 1), (18, 0), (14, 1), (8, 0), (13, 0), (22, 2), (6, 0), (17, 2), (7, 2), (5, 2), (12, 2), (11, 2), (16, 2), (3, 2)]
Learned policy
[2, 0, 1, 2, 0, 2, 0, 2, 0, 1, 2, 2, 2, 0, 1, 2, 2, 2, 0, 1, 0, 2, 2, 0, 1]
Policy accuracy: 100.0

Using 25 demos:
True policy
[2, 0, 1, 2, 0, 2, 0, 2, 0, 1, 2, 2, 2, 0, 1, 2, 2, 2, 0, 1, 0, 2, 2, 0, 1]
Available demos: [(19, 1), (4, 0), (21, 2), (2, 1), (10, 2), (0, 2), (20, 0), (1, 0), (15, 2), (24, 1), (9, 1), (18, 0), (14, 1), (8, 0), (13, 0), (22, 2), (6, 0), (17, 2), (7, 2), (5, 2), (12, 2), (11, 2), (16, 2), (3, 2), (23, 0)]
Learned policy
[2, 0, 1, 2, 0, 2, 0, 2, 0, 1, 2, 2, 2, 0, 1, 2, 2, 2, 0, 1, 0, 2, 0, 1, 1]
Policy accuracy: 92.0

