Accuracy
0.9
Bound errors
0.20421597733413324
1.162571775179876
1.1516046317124329
1.1819919026160135
0.6624080453740178
-0.060337813980421956
1.119093391970623
0.8070175396504656
0.2730616822124661
0.2572706414537509
1.3252951256662506
0.2708693884162316
2.118948243071709
-0.2823554073465706
0.19342271936750582
2.0112852491351263
1.0545387107185369
0.8064891746617868
0.21013762453293844
0.3910310141508616
Policy loss bounds
0.3066315386872893
1.162571775179876
1.1555752465823392
1.3447922876081104
0.6624080453740178
0.22973968604002762
1.2977771849011532
0.8070175396504656
0.6299949026499715
0.2572706414537509
1.3357033311718496
0.49747870578086056
2.81161283730096
1.2457894127100668
0.4693919539858322
2.0112852491351263
1.3707098353855867
0.806493433578815
0.6778596525447849
0.4623746313365289
True EVDs
0.10241556135315608
0.0
0.00397061486990636
0.16280038499209692
0.0
0.2900775000204496
0.1786837929305303
0.0
0.3569332204375054
0.0
0.010408205505599013
0.22660931736462897
0.6926645942292506
1.5281448200566374
0.2759692346183264
0.0
0.3161711246670498
4.2589170282095775e-06
0.4677220280118464
0.07134361718566731
Num demos
14
3
3
3
6
4
2
4
5
10
2
6
2
2
5
2
4
6
5
6
Percent states
0.56
0.12
0.12
0.12
0.24
0.16
0.08
0.16
0.2
0.4
0.08
0.24
0.08
0.08
0.2
0.08
0.16
0.24
0.2
0.24
Policy accuracies
0.92
1.0
0.88
0.84
1.0
0.84
0.8
1.0
0.56
1.0
0.84
0.8
0.64
0.36
0.84
1.0
0.76
0.96
0.64
0.92
**************************************************
