Done with 1 demonstrations
Done with 2 demonstrations
Done with 3 demonstrations
Done with 4 demonstrations
Done with 5 demonstrations
Done with 6 demonstrations
Done with 7 demonstrations
Done with 8 demonstrations
Done with 9 demonstrations
Random Norm: True, Alpha: 0.95
Accuracies: [0.8, 0.8, 0.85, 0.8, 0.85, 0.95, 0.95, 1.0, 1.0]
Bound errors: [[2.0008489719954623, 0.34276617592576514, 1.0271210846095327, 0.8818938792587697, 0.6925883683386261, 1.967431010032095, 0.5380974043914877, 1.3552117380572246, 0.7556621077452612, 1.6513012652062096, 1.100237797986082, -1.126807367824458, 0.814467445443188, 0.5300456161351059, -0.2635888334577754, 0.04204898726279027, 1.7988088925345824, 0.5182642124682937, -0.2284051533358884, -0.2888138098769941], [0.7659709348131887, 0.32547275516319996, 1.2532121695243947, 0.32030997671730455, 0.438467383348873, 2.3730614883679055, -0.6959811047015737, 0.5189555259487398, 0.4878020255885438, 0.30896870044454927, 1.0072892616110143, -0.22703372027590407, 0.30871054796100017, 0.05896667789673182, 0.9911660758690621, 1.1673368952085317, 0.5974567800016619, 0.0653947781546762, -0.32830635447222145, -0.939660864769229], [0.2020553182020839, 0.5120435874472642, 1.448452339219129, 0.13348523586074396, -0.014869930540153786, 0.7072395908103378, 0.2732656644187267, 0.3531900765182164, -0.21119169883141825, 0.10240741815517246, 1.4112495366508948, 0.32591367973934426, 0.07603088366293093, 0.541248448545306, 0.146903599537304, 0.4448233767160714, 0.7425878432941543, 0.018596727070393726, 0.19375347550699007, -0.19749295014276447], [-0.9280513771045702, 0.33740409000293753, 0.5596945341122769, 0.42784762567668494, 0.4317847435914149, 1.0972763381786754, 0.11859716131172258, 0.6536159831658059, 0.5698221515935442, -0.15541090694828205, 0.5424083542003689, 0.6501725570112157, 0.35719697284015595, 0.37243968995731913, 0.19182860329471663, 0.9380844353033121, 0.3505461249039298, -0.5237906587148577, 0.41284337269480054, -0.43386376844704666], [1.6480893702978854, 0.09640909868618064, 0.44165023340483944, 0.2181358303752926, -0.4839225039577172, 0.24462455021029172, 0.4175351236030316, 0.45520331278373183, 0.06366528962797194, -0.03655726823546554, 0.5963337933436356, 0.10418651273818132, 0.22492041475014568, 0.09884161905598943, 0.2857295503395377, 0.03805892272559532, 0.41139289405317075, 0.8610800130456789, 0.9640945068995271, -0.5802894374108971], [1.4192291285581018, 0.2340694727731119, 0.6177649039036223, 0.33372334187437824, 0.15891685637291245, 0.048473911570704624, -0.7224153260114281, 0.23085679809235232, 0.3257481353720428, 0.7957577690294664, 0.8428516386763236, 0.4382840486059405, 0.3079859953243055, 0.17847653855297546, 0.10403721943510467, 0.024736202540476624, 0.7431691417640658, 0.7059835582830367, 0.5868649046797821, 0.6262713692581698], [1.3913004554170856, 0.18788033663360354, 0.19502355472875577, 0.07062186786132807, 0.006065850065997801, 0.21246170056193747, -4.793603965960799e-09, 0.3819411731193603, 0.07266448006999142, 0.0267210155888786, 0.03756387045882849, 0.39564076084982913, 0.44446144732251347, 0.17607473443865618, 0.004612827150576023, 0.5496593353152638, 0.40323043879467124, 0.2329796836367407, 0.13138251723223354, 0.45577076011971385], [0.1520424953257012, 0.47826616870462524, 0.09647569099866304, 0.3332012783363373, 0.1775556480056419, 0.030139508214419887, 0.1642592720781536, 0.41498870839181445, 0.31606800735182183, 0.1884893877671941, 0.29175980282406627, 0.27637700137141885, 0.060147772952813094, 0.49754618752348156, 0.8163065327036456, 0.005904589761612396, 0.4629017762763999, 0.011126801251261188, 0.23107030260918554, 0.0005223522824509782], [0.11129133031602086, 0.23434519115899158, 0.06102875350199737, 0.5084261697358079, 0.5761301191222131, 0.12148519978003819, 1.1109821038000163, 0.6845515258484489, 0.11650446555809005, 0.08000495482834627, 0.08721128926120908, 0.6981526713103895, 0.054939143433839877, 0.5589522799466528, 0.4772891108762574, 0.3798067311345125, 0.502777244042938, 0.10380192648294212, 0.025019435617307795, 0.3942799365758141]]
Policy loss bounds: [[2.0008490274253505, 0.7542471156770554, 2.742423091269992, 1.0361514514831793, 1.4419541372671172, 2.033625618279018, 1.6173510599205365, 1.477391321446661, 2.09446911783427, 1.652353211671955, 1.1119645967313248, 0.5073374719653324, 0.8181744694674628, 1.740034869392734, 1.2461423277949633, 1.0713728336221158, 1.8015203833003255, 1.5501571963856937, 1.1675810114725769, 1.5149778126338957], [0.7661772218446378, 0.7415502742067668, 1.9136776216335152, 1.411152251622359, 0.9237071036373773, 2.389205754550525, 0.026478485437342554, 0.5218739271732824, 0.7100757511663532, 0.5583307723731072, 1.0146045639345216, 0.9554835157999209, 0.30871056975991606, 0.9802908104822279, 0.9953113700922799, 1.174109884962753, 0.5988563542955224, 1.1148406985854373, 0.2322731032357689, 0.8641307577416608], [1.7732252268359352, 0.9078327565111276, 2.1089177913282495, 0.39054406325315744, 0.47036978974835053, 0.7233838569929575, 0.27326571629777957, 0.35344148402792197, 0.009408964612674004, 0.3513153056224798, 1.4171191576957731, 0.46222232340567476, 0.30709933024453767, 0.5438906782878825, 0.1480603119495316, 0.45959575878568765, 0.7439874175880148, 1.0680426475011549, 0.5267756830075772, 0.6801736749805912], [0.6431185315292811, 0.354968808635206, 1.2091871740665923, 0.684554018895577, 0.9170244638799192, 1.113420604361295, 0.11859721319077549, 0.6553758357337468, 0.7942708579451867, 0.09448187197224461, 0.5437817980426162, 0.6501725570112157, 0.3684062142384736, 0.5039421906046361, 0.22331334222135474, 0.9431908849918256, 0.35817588873613676, 0.5256552617159034, 0.523709293818404, 0.44380285667630903], [1.7363088685199193, 0.09758679901309332, 0.44388871893979037, 0.4751946577677061, 0.0013172163307871286, 0.3030793633685971, 0.5787189356293668, 0.600487107272144, 0.2881139959796144, 0.21333551068506112, 0.5999249122672993, 0.10418651273818132, 0.23612965614846335, 0.10010841422868473, 0.28688626275176526, 0.038619777555400914, 0.4127924683470313, 0.8614581901301217, 0.9640945068995271, 0.2973771877124586], [1.504767615959846, 0.23441994301260066, 0.6183388745536097, 0.46151793620329445, 0.1603872674752296, 0.04921830746550301, 0.004785116443756924, 0.35303638148178895, 0.3263058227499489, 0.7972085177692741, 0.8437190940710506, 0.4382840486059405, 0.3079860171232214, 0.18111876829555199, 0.10519393184733226, 0.026445474402740678, 0.7960978811157255, 0.7063617353674795, 0.5868649046797821, 0.6366738104226646], [1.4108108796529584, 0.260994066035161, 0.19617149602873016, 0.32768069525374155, 0.006065850065997801, 0.2618839793569501, 4.708544894133086e-08, 0.504120756508797, 0.07690113971605993, 0.27661379450940526, 0.03831567135126524, 0.39564076084982913, 0.4556706887208311, 0.3075772350859731, 0.004612827150576023, 0.5520362914987247, 0.4059419295604143, 0.23335786072118345, 0.136477174461436, 0.4661732012842085], [0.17155291956157392, 0.4794438690315379, 0.09704966164865046, 0.42340383082641353, 0.17902605910795905, 0.08285748682811228, 0.16425932395720652, 0.536163290261202, 0.3187326074325225, 0.42660525815116845, 0.5575319546343999, 0.27637700137141885, 0.29121621953441984, 0.49801562932233245, 0.8163065327036456, 0.008281545945073318, 0.46829788921897963, 0.013017510564343181, 0.283551496132471, 0.002627002020136466], [0.13080175455189358, 0.2355300142025231, 0.06102875350199737, 0.5084261697358079, 0.5761301191222131, 0.12550507695633928, 1.110982155679069, 0.8067311092378855, 0.11650446555809005, 0.32989773374887293, 0.35298344107154267, 0.6981526713103895, 0.2860075900154466, 0.5594217217455036, 0.4772891108762574, 0.38004709749014354, 0.5054887348086811, 0.103801970510225, 0.025019435617307795, 0.3969872115303136]]
True EVDs: [[5.542988818575265e-08, 0.41148093975129024, 1.7153020066604594, 0.15425757222440964, 0.749365768928491, 0.06619460824692297, 1.0792536555290488, 0.12217958338943638, 1.3388070100890088, 0.0010519464657454936, 0.011726798745242689, 1.6341448397897902, 0.0037070240242747317, 1.2099892532576282, 1.5097311612527387, 1.0293238463593255, 0.002711490765743047, 1.0318929839174, 1.3959861648084653, 1.8037916225108899], [0.00020628703144908727, 0.4160775190435668, 0.6604654521091204, 1.0908422749050544, 0.4852397202885043, 0.01614426618261969, 0.7224595901389163, 0.0029184012245425596, 0.22227372557780944, 0.249362071928558, 0.007315302323507282, 1.182517236075825, 2.1798915891712087e-08, 0.9213241325854961, 0.0041452942232177445, 0.006772989754221251, 0.0013995742938605613, 1.0494459204307611, 0.5605794577079903, 1.8037916225108899], [1.5711699086338513, 0.39578916906386347, 0.6604654521091204, 0.2570588273924135, 0.4852397202885043, 0.01614426618261969, 5.187905290729166e-08, 0.0002514075097055667, 0.22060066344409227, 0.24890788746730735, 0.005869621044878226, 0.13630864366633047, 0.23106844658160675, 0.0026422297425765322, 0.0011567124122275935, 0.014772382069616254, 0.0013995742938605613, 1.0494459204307611, 0.3330222075005871, 0.8776666251233557], [1.5711699086338513, 0.01756471863226851, 0.6494926399543154, 0.25670639321889205, 0.4852397202885043, 0.01614426618261969, 5.187905290729166e-08, 0.0017598525679408332, 0.22444870635164246, 0.24989277892052666, 0.0013734438422471908, 0.0, 0.011209241398317651, 0.13150250064731694, 0.031484738926638126, 0.005106449688513516, 0.007629763832207003, 1.0494459204307611, 0.11086592112360347, 0.8776666251233557], [0.08821949822203401, 0.0011777003269126875, 0.002238485534950948, 0.2570588273924135, 0.4852397202885043, 0.058454813158305356, 0.16118381202633528, 0.14528379448841222, 0.22444870635164246, 0.24989277892052666, 0.0035911189236637387, 0.0, 0.011209241398317651, 0.001266795172695308, 0.0011567124122275935, 0.0005608548298055921, 0.0013995742938605613, 0.000378177084442748, 0.0, 0.8776666251233557], [0.0855384874017442, 0.00035047023948875876, 0.0005739706499874116, 0.12779459432891624, 0.0014704111023171463, 0.0007443958947983828, 0.727200442455185, 0.12217958338943662, 0.0005576873779061199, 0.0014507487398078137, 0.0008674553947270213, 0.0, 2.1798915891712087e-08, 0.0026422297425765322, 0.0011567124122275935, 0.0017092718622640525, 0.05292873935165972, 0.000378177084442748, 0.0, 0.010402441164494708], [0.019510424235872723, 0.07311372940155746, 0.0011479412999743947, 0.2570588273924135, 0.0, 0.04942227879501265, 5.187905290729166e-08, 0.12217958338943662, 0.004236659646068512, 0.24989277892052666, 0.0007518008924367511, 0.0, 0.011209241398317651, 0.13150250064731694, 0.0, 0.0023769561834609217, 0.002711490765743047, 0.000378177084442748, 0.005094657229202473, 0.010402441164494708], [0.019510424235872723, 0.0011777003269126875, 0.0005739706499874116, 0.09020255249007623, 0.0014704111023171463, 0.052717978613692394, 5.187905290729166e-08, 0.1211745818693876, 0.002664600080700699, 0.23811587038397436, 0.2657721518103336, 0.0, 0.23106844658160675, 0.00046944179885089935, 0.0, 0.0023769561834609217, 0.005396112942579771, 0.001890709313081994, 0.052481193523285445, 0.002104649737685488], [0.019510424235872723, 0.0011848230435314998, 0.0, 0.0, 0.0, 0.004019877176301086, 5.187905290729166e-08, 0.12217958338943662, 0.0, 0.24989277892052666, 0.2657721518103336, 0.0, 0.23106844658160675, 0.00046944179885089935, 0.0, 0.000240366355631037, 0.002711490765743047, 4.402728287493035e-08, 0.0, 0.002707274954499446]]
**************************************************
