Done with 1 demonstrations
Done with 2 demonstrations
Done with 3 demonstrations
Done with 4 demonstrations
Done with 5 demonstrations
Done with 6 demonstrations
Done with 7 demonstrations
Done with 8 demonstrations
Done with 9 demonstrations
Random Norm: True, Alpha: 0.95
Accuracies: [1.0, 0.95, 0.9, 0.9, 0.95, 0.95, 0.9, 1.0, 0.95]
Bound errors: [[0.6858300931810274, 0.4931692618387391, 0.704792543792627, 0.7787441098688237, 1.0446830502617326, 0.696818935659503, 0.7483073008176562, 0.16395320347082598, 0.25339564045253216, 1.0408293474520027, 1.1016317231141362, 1.3458986130466821, 0.9421157179017066, 0.4359647860163673, 0.36641241924461954, 0.9742621024717995, 0.7487465841591414, 0.6742257129824787, 1.339820229084989, 0.7770391713505687], [0.5459572666395579, 1.2436308472039441, 0.4444238169196438, 0.724972247949639, 0.6366834296689807, 0.887598809207422, 0.6332347544091694, 0.29116205795275796, 0.6489691901409846, 0.5459874415285199, 0.43541330652972127, 0.40521625051389476, -0.16393374993625734, 0.5486421831857401, 0.9686194904023084, 0.44394258414958243, 0.022849611684718097, 0.6865232134690002, 0.8611484656847641, 0.45662590608327547], [0.2566609609753566, 0.7977522064026509, 0.7590309369947273, 0.2771514159460773, 0.3230602374196814, 1.0807854889419417, 0.39147694753070006, 0.4291270719074392, 0.4086500337786744, 0.8323743826040877, -0.10991927167687363, 0.9723151810454739, -0.1266115110976167, 0.23963979482535674, 0.3560325134286198, 0.36626682179023085, 0.19593093143196683, 0.6255821647496327, 0.7992658288408105, 0.44147101273381667], [0.425887353419288, 0.34771053670637664, 0.31056688904496926, 1.0395208213353482, 0.17185638456581878, 0.6841331306680876, -0.1995171003770343, 0.46469921285067334, 1.1711470487106888, 0.08577156099512187, -0.10149217098164959, 1.8556551891623405, 0.2794464287916352, 0.26503488584946167, 0.39663297098628464, 0.10416276702235407, 0.46467802965561544, 0.22991381764830054, 0.4550824344995815, 0.28281492364677174], [0.5572403400382329, 1.168582758121668, 0.3344846246664994, 0.23802585533793472, 0.6039457944569506, 0.5744853480363146, -0.21493036946380112, 0.22335791742343064, 0.08781673319496179, 0.4526861210964698, 0.5183187777267988, 1.6860693129659243, 0.2908947009240439, 0.18278166435646562, 0.20529622157999267, 0.34684728047964763, 0.04542482834953879, 0.5569695096509469, 0.42297001800182454, 0.19680302771495756], [0.23993265979093037, 0.8427971971131677, 0.17263472949987113, 0.09355178967806421, 0.08676516924317257, 0.6985355478275812, 0.47235050337548995, -0.24390323714347362, 0.11335335222660838, 0.2457644579186647, 0.49308177642545953, 0.7363596997877985, 1.4025488481767434, 0.13685868873480386, 1.005714476993124, 0.31544141767297057, 0.05006541808794688, 0.5261836122781492, 0.44552371691522374, 0.8178132175730742], [0.1168862702426639, 0.19355680945016074, 0.4141966472588402, 0.44143207592166206, 0.4502246432197617, 0.4681612266525968, 1.1251373899908654, -0.4607081066524722, 0.14819130161139127, 0.27073007395693904, -0.0336018920241644, 0.10599014028941825, 0.2983624974598939, 0.2788895598525153, 0.4547144913881243, 0.15048378468571744, 0.008465876228798547, 0.7456912837551861, 0.21100548931455623, 0.16500782391578966], [0.3645010505002423, 1.13494409427617, 1.4319382366100986, 0.8047479753119148, 0.18775264776812395, 0.16262872303689815, 0.774236889459015, 0.5651641338446903, 0.2791157702162403, 0.005324601874913536, 0.06980606226376826, 0.6711533746291762, 0.7671123745258863, 0.22599922552207966, 0.37246225635730607, 0.06358067173916325, 0.0, 0.624896554649346, 0.17555618135434747, 0.388076145083504], [0.4043682734697632, 0.3605885239155376, 0.2337361533947776, 0.43897438554563956, 0.26868457686604386, 0.09772092124776953, 0.07852080717350107, 0.22423876281731356, 0.4661891654494603, 0.0024930090274727437, 0.07096860427964302, 0.021927977789800993, 0.4535558613986358, 0.013765744768058641, 0.14778728745910877, -0.15857959206717137, 0.007236645298129684, 0.36980589000468556, 0.5591297115394562, 0.8159848989036891]]
Policy loss bounds: [[1.1434158494117284, 1.5348879449859372, 0.7628834812531907, 1.1290454597955082, 1.1873491476118818, 1.269899135800005, 1.0620444079250695, 0.9705353544077528, 0.6248067508883296, 1.052236046690077, 1.453735731878568, 1.3482400459038786, 1.4011853175168463, 0.44293934827148196, 1.0432067817008985, 1.3125891065351019, 0.7487465841591414, 0.801151009686833, 2.025790003503706, 0.9802054248996641], [1.0035430228702589, 1.2475142762155005, 0.49356186921359674, 1.0595441459157429, 0.6414726242657739, 1.042699907696155, 0.930718018292181, 1.0951435788141808, 0.7618057365124752, 0.5588784334029978, 0.7741718463136736, 0.6002892723100128, 0.0964911715895099, 0.5538085255969362, 1.174471216039076, 0.4677958366368514, 0.022849611684718097, 1.0353332001357263, 0.9230151008048649, 0.6639127300175804], [0.2859084418088241, 1.1711439874693952, 0.8217895250860834, 0.6038240936863275, 0.3309626220638204, 1.2472825594538899, 0.39147694753070006, 0.9287037733987, 0.5214865801501649, 0.8452653744785656, 0.23104632341713185, 1.0221424906143928, 0.32711893363078465, 0.44494851948468156, 0.356032570006254, 0.39012007427749984, 0.19593093143196683, 0.7479992457212368, 0.8611324639609114, 0.8496732286442975], [0.45365916752376745, 0.351593965717933, 0.3597049413389222, 1.374092719301452, 0.17529653014209534, 0.8439768330949624, 0.2962883394279845, 0.9642759143419342, 1.1726155156232698, 0.09866255286959978, 0.23726636880230279, 1.8577033508656453, 0.2815552782320172, 0.467050067221649, 0.3966330275639188, 0.12801601950962307, 0.46467802965561544, 0.34489159873087827, 0.513393143896341, 0.6836001128638757], [0.5850121541427122, 1.1724661871332243, 0.5801757728378848, 0.29916323734578204, 0.6073859400332272, 0.5744853480363146, 0.28087507034121767, 0.7013132210252326, 0.2006532795664523, 0.46557711297094767, 0.6511497165640242, 1.6884989447864696, 0.2908947009240439, 0.211118837136675, 0.2309752516238685, 0.3686083348201747, 0.048391724626546395, 0.6719472907335247, 0.4812807273985841, 0.5927808848159837], [0.2677044738954098, 1.0512607834963785, 0.2217727817938241, 0.42812368764416814, 0.09155436383996574, 0.8519733042950459, 0.47235050337548995, 0.2556734643477872, 0.22618989859809888, 0.2586554497931426, 0.625912715262685, 0.7371035665164173, 1.6585384074330785, 0.3388738701069912, 1.0057145335707582, 0.34505661892795386, 0.05006541808794688, 0.641161393360727, 0.5038344263119833, 1.015902585026726], [0.3760407575718678, 0.1974402384617171, 0.6598877954302256, 0.49759711074145896, 0.45501383781655486, 0.6280049290794716, 1.1251373899908654, 0.038868594838788614, 0.26102784798288176, 0.28362106583141694, 0.09922904681306106, 0.3015611213996523, 0.2989499626611431, 0.3072267326327247, 0.45736138609880694, 0.17433703717298646, 0.008465876228798547, 0.8606690648377638, 0.26931619871131574, 0.5609856810168158], [0.3922728646047217, 1.1388275232877263, 1.4810762889040514, 0.8658853573197621, 0.1911927933444005, 0.16757508637264515, 0.774236889459015, 0.5651641338446903, 0.2791157973444375, 0.018215593749391447, 0.20263700110099372, 0.6711533746291762, 0.7671123745258863, 0.428014406894267, 0.37246231293494025, 0.08743392422643226, 0.0, 0.6815507743413347, 0.17555621168341234, 0.38827702288978294], [0.4043682734697632, 0.36447195292709395, 0.28287420568873056, 0.7735462835117435, 0.2721247224423204, 0.10266728458351654, 0.07852080717350107, 0.22423876281731356, 0.4661891925776575, 0.015384000901950655, 0.07371538295638111, 0.021927977789800993, 0.46045481171074243, 0.215780926140246, 0.14778734403674293, 0.3544387693591959, 0.007236645298129684, 0.4264601096966743, 0.5605165529006241, 0.8161857767099681]]
True EVDs: [[0.45758575623070097, 1.041718683147198, 0.05809093746056373, 0.35030134992668444, 0.1426660973501492, 0.5730802001405019, 0.31373710710741326, 0.8065821509369269, 0.37141111043579744, 0.011406699238074277, 0.3521040087644319, 0.002341432857196487, 0.4590695996151397, 0.006974562255114674, 0.676794362456279, 0.33832700406330235, 0.0, 0.12692529670435432, 0.685969774418717, 0.20316625354909543], [0.45758575623070097, 0.003883429011556372, 0.04913805229395295, 0.3345718979661039, 0.004789194596793163, 0.15510109848873302, 0.29748326388301155, 0.8039815208614228, 0.1128365463714905, 0.012890991874477911, 0.3387585397839524, 0.19507302179611805, 0.26042492152576724, 0.0051663424111960485, 0.2058517256367676, 0.02385325248726901, 0.0, 0.34880998666672597, 0.06186663512010081, 0.207286823934305], [0.029247480833467433, 0.3733917810667443, 0.06275858809135601, 0.3266726777402502, 0.007902384644139001, 0.1664970705119483, 0.0, 0.4995767014912608, 0.1128365463714905, 0.012890991874477911, 0.3409655950940055, 0.04982730956891893, 0.45373044472840135, 0.20530872465932481, 5.65776341610797e-08, 0.02385325248726901, 0.0, 0.12241708097160413, 0.06186663512010081, 0.40820221591048084], [0.027771814104479424, 0.003883429011556372, 0.04913805229395295, 0.3345718979661039, 0.003440145576276557, 0.1598437024268748, 0.4958054398050188, 0.4995767014912608, 0.001468466912580966, 0.012890991874477911, 0.3387585397839524, 0.0020481617033048603, 0.0021088494403819595, 0.20201518137218735, 5.65776341610797e-08, 0.02385325248726901, 0.0, 0.11497778108257772, 0.0583107093967595, 0.40078518921710393], [0.027771814104479424, 0.003883429011556372, 0.24569114817138538, 0.061137382007847324, 0.003440145576276557, 0.0, 0.4958054398050188, 0.477955303601802, 0.1128365463714905, 0.012890991874477911, 0.13283093883722547, 0.0024296318205451646, 0.0, 0.02833717278020939, 0.025679030043875832, 0.021761054340527056, 0.0029668962770076097, 0.11497778108257772, 0.0583107093967595, 0.3959778571010261], [0.027771814104479424, 0.20846358638321086, 0.04913805229395295, 0.3345718979661039, 0.004789194596793163, 0.15343775646746474, 0.0, 0.4995767014912608, 0.1128365463714905, 0.012890991874477911, 0.13283093883722547, 0.0007438667286188057, 0.25598955925633515, 0.20201518137218735, 5.65776341610797e-08, 0.02961520125498327, 0.0, 0.11497778108257772, 0.0583107093967595, 0.19808936745365183], [0.2591544873292039, 0.003883429011556372, 0.24569114817138538, 0.05616503481979692, 0.004789194596793163, 0.1598437024268748, 0.0, 0.4995767014912608, 0.1128365463714905, 0.012890991874477911, 0.13283093883722547, 0.19557098111023405, 0.0005874652012492125, 0.02833717278020939, 0.0026468947106826333, 0.02385325248726901, 0.0, 0.11497778108257772, 0.0583107093967595, 0.3959778571010261], [0.027771814104479424, 0.003883429011556372, 0.04913805229395295, 0.061137382007847324, 0.003440145576276557, 0.004946363335747008, 0.0, 0.0, 2.7128197205085625e-08, 0.012890991874477911, 0.13283093883722547, 0.0, 0.0, 0.20201518137218735, 5.65776341610797e-08, 0.02385325248726901, 0.0, 0.05665421969198873, 3.032906487110528e-08, 0.00020087780627894332], [0.0, 0.003883429011556372, 0.04913805229395295, 0.3345718979661039, 0.003440145576276557, 0.004946363335747008, 0.0, 0.0, 2.7128197205085625e-08, 0.012890991874477911, 0.0027467786767380905, 0.0, 0.00689895031210666, 0.20201518137218735, 5.65776341610797e-08, 0.5130183614263673, 0.0, 0.05665421969198873, 0.0013868413611678619, 0.00020087780627894332]]
**************************************************
