Done with 1 demonstrations
Done with 2 demonstrations
Done with 3 demonstrations
Done with 4 demonstrations
Done with 5 demonstrations
Done with 6 demonstrations
Done with 7 demonstrations
Done with 8 demonstrations
Done with 9 demonstrations
Random Norm: True, Alpha: 0.95
Accuracies: [0.95, 0.95, 0.9, 0.95, 0.95, 0.9, 0.95, 0.9, 0.9]
Bound errors: [[0.030230111199330056, 1.782137552611339, 1.5591636721065132, 1.2675166293508107, 1.2514928131573717, 0.8835598222715042, 1.3343308152578555, 1.058828527702484, 0.4936996746121762, 0.8800201589520845, -1.3369226745719076, 0.7281627770588714, 0.17931247692467378, 0.42539803116984554, 1.5223217186256905, 1.3763854611435091, 0.5753685884476084, 1.5913980649509145, 0.6615943000257299, 0.5965959936791281], [-0.26490046981106097, 2.002612304710423, 0.783975590707068, 1.080427603650454, 0.9742824445071905, 0.4794142066155127, 0.6195436335564996, 0.7304820635834494, 0.22578767252556442, 0.20689242144162534, 0.8843131868733153, 0.6913546966569591, 0.6543484608945329, 1.4618344278437048, 0.5268185380493753, 0.5959807056485147, 0.6723558000945296, 0.56080478911249, 0.31666561163514917, 0.26925425738147074], [0.3736987209427968, 2.5113238690125, 0.3869093617792032, 0.46198995747019667, 0.28945692648229693, 0.011201464797045615, 0.0637282596832369, -0.7380369866605015, 0.23411039421014507, 0.6101973385408844, 0.017881761692347037, -0.7883298792683494, 0.6054249361134889, 1.2550061975210418, 0.1620165388668766, 1.229758147667866, 0.5949504369071582, 0.6522005803560198, 0.16331093319569961, 0.010988933339662887], [0.9477114134078604, 0.5629996248352828, 0.3573404470122747, 1.2318733005030997, 0.2957330529367318, 0.36989730371557206, 0.04487303994696526, 0.23139008687469986, 0.505662941760599, 1.0408692154137646, 0.042212922536436374, 0.16237169537279603, 0.6464620478557727, 0.4717546724681092, 0.3411711669406095, -0.20786929016377675, 0.1905301749762324, 0.010237593942265087, 0.6534992416896426, 0.2483640370331568], [0.2488163064061429, 1.1465198773733405, 0.5341401410607566, 0.27741186464659334, 0.09946535033923853, 0.17403439893255795, 0.27958669133418074, 0.23820287086040448, 0.352021462953373, 0.428566236466114, 0.6560308474274008, 0.255148774299814, 0.30769863654809354, 0.6842272050844818, 0.15424646418225404, -0.1354226270280744, 0.4835799594017889, 0.30062403554441913, 1.2364698969326189, 0.7884230801939514], [0.3970779191648636, 0.46488548840984695, 0.1377940877309727, 0.46807827208446634, 0.37248508969169275, 0.41838008400623067, -0.00969682104427021, 0.0015969071526251155, 0.12538063255030435, 0.5239883353747221, 0.014273087428563811, 0.09548030644684297, 0.45771348646993437, 0.44446211910560807, 0.003301486619156982, -0.2652206204261215, 0.28238935004003174, 0.13462649279913108, 0.7457044661966427, 0.015380453490828276], [0.966078440371663, 0.9714111303033629, 0.3356747203338011, 0.7467555088440825, 0.43776661558055185, 0.3189851908244032, 0.04778746057058628, 0.25893853347460355, 0.0029328538408726064, 0.473258562727897, 0.23376664659182023, 0.19433972916521783, 0.2044170910346953, -6.251279718649978e-05, 0.1770890920540798, 0.1231428081733591, 0.13160369824162818, 0.2588902553888641, 1.3045810021385047, 0.8120702789079026], [0.6636348158990685, 0.08529133493584082, 0.15168373539717203, 0.46158820426340197, 0.6779907971096892, 0.10581856353989523, 0.01216890333477875, 0.08407522338637774, -0.03564069043500295, 0.19480909237057453, -0.003053680921509252, 0.02811678023541489, 0.27494861921801705, 0.11613753497436219, 0.024997191406666498, 0.2074107560642397, 0.43532259761612835, 0.0009731611476778715, 0.723090142093372, 0.9222881313141692], [0.20480045135221098, 0.025202409795530584, 0.7689564105710498, 0.29994940785174534, 0.11281317129521795, 0.11022767956260753, 0.023042658791236643, -0.2492256527511073, -0.007806824611170687, 0.19376686929142986, 0.24880694299783657, 0.13825180592415853, 0.15407616590296339, 0.17963743432812035, 0.005325114333167334, 0.048858778450823453, 0.8480019484123884, 0.06423815839568663, 0.5679538325053587, 0.03437724892136265]]
Policy loss bounds: [[0.9020184564786288, 1.9219546821173292, 1.5731191461545284, 1.2925055907551077, 1.510648050330473, 2.2867941689040796, 1.3535736714940414, 1.4180869099901672, 0.6880835028888667, 1.2004782407057544, 0.4634461669293527, 0.9451752069201217, 0.6414010614994654, 0.9302092208799737, 1.5548976110005452, 1.382691744892413, 1.244540058159667, 1.5913980649509145, 1.4183358986045216, 1.1437528134621922], [0.6016962904030395, 2.1424294342164134, 0.7921536409447519, 1.080427603650454, 1.2974820161125717, 1.882648553248088, 0.6387864897926855, 0.7503449751867916, 0.42199791587587665, 0.5109215939042849, 0.8947925161354718, 0.7086908450827645, 1.1206550680170162, 1.5530019962372952, 0.55939443042423, 0.6917828030995107, 1.0262816421393053, 0.5620010089961144, 1.8290597820969285, 0.6637135625323451], [0.38290878479180807, 2.5123421129505354, 0.3957577440035827, 0.46198995747019667, 0.5960748776555758, 0.03791797610885977, 0.08297111591942284, 0.2545070772083039, 0.40755828741434685, 0.637427344152779, 0.0283610909545036, 0.773056867513816, 0.6073422190897125, 1.3601969074600488, 0.1620165388668766, 1.2340496442765452, 0.6152142110928922, 0.6533968002396442, 0.6421092960513695, 0.41095538868293563], [0.9522033167101666, 0.5842654219236552, 0.3661888292366542, 1.2336231556792765, 0.6185153373216629, 0.41887138983329864, 0.0641158961831512, 0.5638744726390561, 0.5163031141466418, 1.0491956351734626, 0.05269225179859294, 0.3729609075284876, 0.6483793308319963, 0.5740101077115524, 0.3411711669406095, 0.7322499743455618, 0.3778353075630518, 0.011433813825889455, 0.6534992416896426, 0.654582322599155], [0.25330820970844914, 1.1481354142244915, 0.542988523285136, 0.3345181416471388, 0.4276717265030378, 0.5701822792738719, 0.29882954757036667, 0.23820288571968562, 0.3584869723139945, 0.43706207573897815, 0.6665101766895574, 0.2618624943222761, 0.7675072089349436, 0.7056337483225895, 0.15424646418225404, 0.4677623774613816, 0.5015805765747109, 0.30062403554441913, 1.2751686859150073, 0.790036685488146], [0.4015698224671698, 0.47193242171252164, 0.1377940877309727, 0.5292102128402308, 0.701231176480255, 0.4332177958394742, 0.029286298213673703, 0.3288092517322764, 0.3019264910023838, 0.5295404908941577, 0.024752416690720373, 0.10271619640486276, 0.4591644033168063, 0.9492733088157362, 0.003301486619156982, 0.5726380089167744, 0.2964619753225918, 0.1586289832531339, 0.7457044661966427, 0.0765516056695954], [0.9907509336129479, 0.9730266671545139, 0.3356747203338011, 0.8038617858446279, 0.7513521634556931, 0.34335727591592785, 0.05109495401943722, 0.5861508780542548, 0.0029328538408726064, 0.4757817202308358, 0.24424597585397678, 0.19790977304503735, 0.2044170910346953, 0.012812021527912889, 0.1770890920540798, 0.7308409358569187, 0.3111858075222264, 0.2701314439126087, 1.3045810021385047, 0.8128933046587424], [0.6883073091403533, 0.09150935213639606, 0.15168373539717203, 0.576733828342655, 0.6802634070665904, 0.10581802835031288, 0.01216890333477875, 0.416559609150734, 0.13300852546514164, 0.19480909237057453, 0.007425648340647309, 0.035352670193434695, 0.276399536064889, 0.11792420244960883, 0.024997191406666498, 0.2147607814025077, 0.4493952228986884, 0.0009731611476778715, 0.723090142093372, 0.9223039587324547], [0.2092923546545172, 0.031420426996085826, 0.7689564105710498, 0.3570556848522908, 0.4550265466632859, 0.11022714437302518, 0.023042658791236643, 0.07798669182854395, 0.1608423912889739, 0.19376686929142986, 0.2592862722599931, 0.14182184980397805, 0.15407616590296339, 0.17963861117409974, 0.005325114333167334, 0.050269129448980966, 0.8480019804946571, 0.06423815839568663, 0.5679538325053587, 0.03437724892136265]]
True EVDs: [[0.8717883452792987, 0.13981712950599023, 0.013955474048015176, 0.02498896140429713, 0.25915523717310124, 1.4032343466325754, 0.01924285623618593, 0.35925838228768325, 0.19438382827669048, 0.32045808175366985, 1.8003688415012602, 0.21701242986125024, 0.4620885845747916, 0.5048111897101282, 0.03257589237485465, 0.006306283748903955, 0.6691714697120587, 0.0, 0.7567415985787916, 0.5471568197830641], [0.8665967602141005, 0.13981712950599023, 0.008178050237683922, 0.0, 0.3231995716053812, 1.4032343466325754, 0.01924285623618593, 0.019862911603342172, 0.19621024335031223, 0.3040291724626596, 0.010479329262156561, 0.017336148425805345, 0.4663066071224833, 0.09116756839359043, 0.03257589237485465, 0.09580209745099594, 0.3539258420447758, 0.0011962198836243689, 1.5123941704617794, 0.3944593051508744], [0.009210063849011229, 0.0010182439380353532, 0.008848382224379482, 0.0, 0.30661795117327884, 0.026716511311814153, 0.01924285623618593, 0.9925440638688054, 0.1734478932042018, 0.027230005611894596, 0.010479329262156561, 1.5613867467821654, 0.0019172829762236182, 0.105190709939007, 0.0, 0.004291496608679036, 0.020263774185733982, 0.0011962198836243689, 0.47879836285566985, 0.39996645534327274], [0.004491903302306225, 0.021265797088372434, 0.008848382224379482, 0.001749855176176689, 0.32278228438493106, 0.0489740861177266, 0.01924285623618593, 0.33248438576435624, 0.0106401723860428, 0.008326419759698044, 0.010479329262156561, 0.21058921215569157, 0.0019172829762236182, 0.10225543524344319, 0.0, 0.9401192645093386, 0.18730513258681938, 0.0011962198836243689, 0.0, 0.40621828556599826], [0.004491903302306225, 0.0016155368511510337, 0.008848382224379482, 0.05710627700054543, 0.3282063761637993, 0.39614788034131393, 0.01924285623618593, 1.4859281126213932e-08, 0.006465509360621514, 0.008495839272864148, 0.010479329262156561, 0.0067137200224621245, 0.4598085723868501, 0.02140654323810772, 0.0, 0.603185004489456, 0.01800061717292199, 0.0, 0.03869878898238848, 0.0016136052941946217], [0.004491903302306225, 0.00704693330267467, 0.0, 0.061131940755764516, 0.32874608678856226, 0.014837711833243505, 0.03898311925794391, 0.32721234457965126, 0.17654585845207943, 0.005552155519435531, 0.010479329262156561, 0.007235889958019804, 0.0014509168468719246, 0.5048111897101282, 0.0, 0.8378586293428959, 0.014072625282560024, 0.024002490454002823, 0.0, 0.061171152178767126], [0.024672493241284826, 0.0016155368511510337, 0.0, 0.05710627700054543, 0.31358554787514126, 0.024372085091524682, 0.003307493448850938, 0.32721234457965126, 0.0, 0.0025231575029388063, 0.010479329262156561, 0.0035700438798195065, 0.0, 0.012874534325099388, 0.0, 0.6076981276835596, 0.17958210928059823, 0.011241188523744545, 0.0, 0.0008230257508397661], [0.024672493241284826, 0.006218017200555242, 0.0, 0.11514562407925302, 0.002272609956901114, -5.351895823481959e-07, 0.0, 0.33248438576435624, 0.1686492159001446, 0.0, 0.010479329262156561, 0.007235889958019804, 0.0014509168468719246, 0.0017866674752466337, 0.0, 0.0073500253382679966, 0.014072625282560024, 0.0, 0.0, 1.5827418285491943e-05], [0.004491903302306225, 0.006218017200555242, 0.0, 0.05710627700054543, 0.34221337536806795, -5.351895823481959e-07, 0.0, 0.32721234457965126, 0.1686492159001446, 0.0, 0.010479329262156561, 0.0035700438798195065, 0.0, 1.1768459793906257e-06, 0.0, 0.0014103509981575127, 3.208226877537166e-08, 0.0, 0.0, 0.0]]
**************************************************
