Done with 1 demonstrations
Done with 2 demonstrations
Done with 3 demonstrations
Done with 4 demonstrations
Done with 5 demonstrations
Done with 6 demonstrations
Done with 7 demonstrations
Done with 8 demonstrations
Done with 9 demonstrations
Random Norm: False, Alpha: 0.95
Accuracies: [0.94, 0.98, 0.98, 0.94, 0.98, 0.98, 1.0, 0.98, 0.96]
Bound errors: [[9.600965917789466, 2.0395907309682997, 3.996022544633642, 3.0003291287389224, 0.12338455808296445, 3.213609004815586, 5.902548295891515, 22.989817138882408, 2.4996405657605125, 1.3386429592669202, 25.668323235365158, 1.5748905601328502, 3.3209685264329103, 5.214324982643998, 4.0095190913110335, -0.007407999516749086, 3.4702837887126137, -3.45263334068477, 17.038998293881843, 1.6165489036044773, 0.0, 2.6106443165623894, 4.7951105459447, 19.494350396985098, 0.08300859013838213, 23.114750830440773, 26.140946082246263, 0.0883957533285944, 24.77387393064255, -19.129533618944375, 0.07159112937931766, 3.874998483255256, 9.920976790262415, 2.477597017437894, 25.41351151088059, 0.9026923567342635, 24.71533085240376, 1.3205645121472003, 1.797396640538576, 25.481219169183326, 21.473771575464514, 0.6195785574190289, 25.44538613812898, 25.581071606164294, 11.823091682102183, 2.2935838618573747, 26.123709915275466, 4.434146854358012, 26.060853770727615, 11.983660047688845], [2.001327757595666, 0.10413979239939586, 0.0, 3.2101313449874604, 0.0, 0.0011244319158425498, 2.461617445634568, 17.96800187138416, 9.852852639696065, 0.09948901358765383, 0.6923038723948984, 0.0060781548419655, 0.0, 5.155734361915103, 15.35336465839256, 16.219643988224238, 0.0, 0.044311871665313696, 13.84238981656715, -0.01521718616709844, 0.0, 4.685676529649907, 1.8251944666090374, 3.1757112555506453, 0.9015543285505565, 5.287619154253268, 0.05583479875771147, 7.3583277991680465, 0.0012473752676669392, 4.680479016878978, 1.8274415659667334, 0.05917633379940668, 0.17712902708828349, 0.06804282501446668, 22.67398833450763, 1.2424658868918108, 1.9336193418701733, 4.20691440041805, 0.08826328325230648, 4.855159288768205, 0.6948782024015925, 0.054390188583951726, 0.1056639370822765, 0.008709571016861872, 1.6742240717032555, 2.309673492826141, 8.214330190201215, 3.533663513854722, 0.5977201369524461, 0.10949937995937731], [0.0, 0.4124262612066465, 1.87315489413177, 0.027748278309744023, 0.0, 0.0, 2.984397695775095, 0.057659276892529476, 0.06993244518243458, 0.9875169506413091, 0.305184010076049, 0.0385434659677113, 0.9238241710836697, 0.0, 0.012624766797495468, 1.534572899985402, 0.0, 0.08395773581784027, 16.44434455377803, -0.0600467295834628, 0.0, 0.13088359504951086, 0.04786772298281328, 1.1149813938858824, 0.3497254035433137, 3.4096063527872715, 0.0968974926331363, 0.7887504121066531, 0.8878899271167349, 2.468717361391782, 7.284114497294453, 1.1064068346690163, 0.5925810665310944, 6.326265273494247, 25.769917280984476, 1.7484359827226204, 0.36766513379719257, 5.194428657025959, 0.0011460773990599193, 2.4063392707570337, 1.2020803431922467, 0.3146125094514929, 2.4402768335079035, 0.035661936092604485, 0.31366934997126705, 0.11303477634981185, 25.613520573224797, 2.145448557474684, 2.4103539086889025, 1.6639795885823192], [0.0, 0.02034510109033505, 0.025089185522300994, 0.05398757572222834, 0.0, 1.4562647925360785, 0.05925069316802922, 0.9661642839116196, 0.14380690070408697, 0.2214728241608821, 0.25764779127625914, -0.015603772330067045, 0.0, 0.0, 0.018048842399823073, 15.581635190826653, 0.02366219736207409, 0.09362522115526062, 21.56049081251029, -0.08393473494583237, 0.0, 0.0, 0.10908173163183577, 0.3524996570349028, 0.9819890505501416, 0.06335765013182204, 0.08343059760027849, 0.03049799621561533, 0.0030427512212636287, 0.0010641335425916054, 7.694178271896777, 0.05548328446148609, 0.2561365986422981, 0.15375154861479245, 0.044922829180554125, 0.9785216681604005, 0.2841397035803741, 2.0641220246542957, 0.01642365606111973, -0.020238747657687073, 0.05667243183312287, 0.529735707769455, 0.04454294460585473, 0.18972903886620252, 0.21983293169367535, 0.07912629590908793, 0.0, 0.012807910739660144, 0.0, 0.0], [0.0037143861855852833, 0.013609411240588898, 0.012193828418006092, 0.03853742709572572, 0.0, 0.0, 0.05454357310749991, 0.06268560656610411, 0.09109788804002861, 0.22124957125320144, 0.31034634496189106, 0.033300508759712244, 0.00039117753000539324, 0.04634930555140215, 0.012086508029228948, 4.006758585157305, 2.1609559028242273, 0.0, 0.05685572354433788, -0.07483662275701075, 0.0, 1.0731682545430665, 0.07060794531977521, 0.31614713980862064, 0.6842403418023011, 0.024975179855339036, 0.0, 0.09122909872736562, 0.024202206118083325, 0.5186709514620549, 0.23328365916393834, 0.04504435956479824, 0.24655335643372034, 0.07299587659934925, 0.9297617967231009, 2.659848977492313, 0.1029351228892974, 0.0, 0.0, 0.37120716093159767, 0.4451153634860088, 0.027239437706910508, 0.009099435160393021, 0.03473047822696529, 0.15815718215142383, 0.13962885209010345, 0.011414139136626922, 0.03289328209532982, 0.0, 0.0], [0.01753569275957645, 0.011055251014774115, 0.04340342601135205, 0.05274581580811777, 0.0, 0.0, 0.04526984190304173, 0.06786248407719597, 0.0711371376998784, 0.07083878455231485, 0.2038210275890382, 0.010148284273633124, 0.005446018394426488, 0.0, 0.023033258226647035, 3.238192203033334, 0.0, 0.0, 0.6297588836014354, 0.6972929213717256, 0.0, 0.0, 0.03198157462931306, 0.3097088706547275, 4.962582896143427, -0.003155935419150935, 0.1154050827958173, 4.550047333635327, 0.007394029859955964, 0.0053722206967243835, 0.04637056916718407, 0.044705096255501786, 0.17130992275872625, 0.12134975026240014, 0.017672923941386642, 3.6186233378311012, 0.11852693786710855, 0.0, 0.0, 0.007217992534233941, 0.06541241925132724, 0.6507654536415677, 0.01914553088590676, 0.016452240722972813, 0.13599669944206472, 0.07399477252905662, 0.023104740665907286, 0.0, 0.0, 0.0], [0.014488778385480572, 0.013872950174974363, 0.017412407449238998, 0.0409843366897924, 0.0, 0.0, 0.0030692273291705874, 0.06449343346088376, 0.09717992693953192, 0.04857245711230895, 0.25139468257601294, 0.0, 0.00874832930838565, 0.0, 0.01165713570326199, 1.895115827763167, 0.0, 0.0, 0.05084815332963899, 1.2586616635914947, 0.0, 0.0, 0.37371938935313676, 0.30319558847007144, 0.003120929903207781, 0.03587976753472455, 0.07593673498656273, 0.04494887870117914, 0.02727603328419903, 0.4090898227603028, 0.03691690372397005, 0.056573816922127484, 0.04394977886045215, 0.06264115526278324, 0.010567776301318332, 2.012047745662424, 0.009720321739614235, 0.0, 0.0, 0.05367180629796309, 0.04298731468806921, 0.0, 0.015210738901158649, 0.058970997038894524, 0.03878118680071463, 0.05501200039120224, 0.0, 0.021997534282522935, 0.0, 0.10492586459124464], [0.004160634047931211, 0.03679580359577095, 0.0, 0.06933425250355718, 0.0, 0.0, 0.0, 0.0514638312526805, 0.05195469650444906, 0.05325227654463305, 0.04562861128655005, 0.011512886824554869, 0.0, 0.0, 0.022242557576703348, 4.3752832357908495, 0.0, 0.0, 0.0, 1.0787474509046326, 0.0, 0.0, 0.07920820904729986, 0.07680815420495435, 0.017751920074443817, -0.004724947613831687, 0.15755330368049236, 0.031949223998942955, 0.024413847406920874, 1.2035200222524027, 0.060477409683745265, 0.05545174766478311, 0.015665598008318682, 0.16926496377017797, 0.03780121388911617, 0.21568500580624494, 0.0812197649998545, 0.061314723220414535, 0.0, 0.06492018517802922, 0.04589441818294837, 0.011336999706607287, 0.009326921297640123, 0.00703518305231654, 0.05228054916969427, 0.033496130030707505, 0.01959975297979355, 0.007207325261504138, 0.0016487947518861734, 0.0], [0.0, 0.023883222178169516, 0.005553249444403718, 0.06385725016950872, 0.0, 0.0, 0.0, 0.05406163941175812, 0.09979981482080014, 0.04885992220910573, 0.04625113006768089, 0.02916756690456701, 0.020883742749358447, 0.0, 0.0229870799719194, 1.0188883093832146, 0.0, 0.0, 0.020465203086146744, 1.2485972135557342, 0.0, 0.006196619601304576, 0.030035278929066322, 0.10116258811123657, 0.02725551291490369, 0.06110240614281892, 0.06422935747660752, 0.02077523648922508, 0.06029542791744891, 0.5845626917045355, 0.06254980761474727, 0.054922282599561, 0.07044478643442909, 0.05075904026974065, 5.580996580789588e-05, 1.8253369040350975, 0.04073213483378346, 0.019712568362566074, 0.025919739270634068, -0.003605856017468101, 0.04346501313748696, 0.0, 0.019141212806147223, 0.003437384385343023, 0.02242394053039165, -0.0022414518655988758, 0.0, 0.014421860570361211, 0.009289697107695005, 0.0]]
Policy loss bounds: [[9.600965917789466, 2.0395907309682997, 4.076830881331352, 3.0252413700531484, 0.12338455808296445, 3.213609004815586, 5.930318938684945, 22.989817138882408, 2.4996405657605125, 1.4021833986882442, 25.668323235365158, 1.5748905601328502, 18.43159015208982, 5.214324982643998, 4.0095190913110335, 0.09257996188374129, 26.249763343908338, 4.878252229066781, 17.045624467964103, 1.7131842636443064, 0.0, 17.4145864333793, 4.888082918523741, 19.494350396985098, 0.6190552047526285, 23.17393188623948, 26.140946082246263, 0.12267065026247437, 24.77387393064255, 0.7231704303158466, 0.07159112937931766, 3.874998483255256, 17.2297409971326, 2.477597017437894, 25.41351151088059, 1.8122010833940152, 24.732242139376012, 1.3205645121472003, 1.8181304255952426, 25.969781503195485, 24.344704492154946, 0.6195785574190289, 25.44538613812898, 25.671884310830915, 11.831305466265862, 2.2985691555053673, 26.123709915275466, 19.68213812195739, 26.060853770727615, 22.551495202414223], [2.001327757595666, 0.10413979239939586, 0.0, 3.2350435863016864, 0.0, 0.0011244319158425498, 2.4893880884279973, 17.96800187138416, 9.852852639696065, 0.16302945300897775, 0.6923038723948984, 0.09339738510542972, 0.0, 5.155734361915103, 15.35336465839256, 16.219652265493252, 0.0, 0.044311871665313696, 21.119369586206886, 0.08141817387273065, 0.0, 19.489618646466816, 1.9181668391880784, 3.220337494649705, 1.437600943164803, 5.346800210051974, 0.05583479875771147, 7.3583277991680465, 0.0012473752676669392, 4.680479016878978, 1.8305297026695193, 0.06520146358976575, 0.17712902708828349, 0.09342188667445228, 22.67398833450763, 1.2424658868918108, 1.9336193418701733, 4.20691440041805, 0.10899706830897316, 4.9123884328765115, 0.6948782024015925, 0.054390188583951726, 0.1056639370822765, 0.09952227568348349, 1.832088841672574, 2.357667653526045, 13.90305354273886, 3.533663513854722, 0.5977201369524461, 0.10949937995937731], [0.0, 0.4124262612066465, 1.87315489413177, 0.052660519623970004, 0.0, 0.0, 2.9887310773070688, 0.057659276892529476, 0.06993244518243458, 0.9875169506413091, 0.305184010076049, 0.12586269623117552, 0.9238241710836697, 0.0, 0.012624766797495468, 1.6345608613858924, 0.0, 0.08395773581784027, 23.721324323417765, 0.1403785740446395, 0.0, 0.13088359504951086, 0.14084009556185428, 1.159607632984942, 0.8857720181575601, 22.064447956246276, 0.0968974926331363, 0.8249650497195535, 0.8878899271167349, 2.468717361391782, 7.287202633997239, 1.1124319644593754, 0.8204876263504755, 6.326265273494247, 25.769917280984476, 1.7484359827226204, 0.36766513379719257, 5.194428657025959, 0.0011460773990599193, 2.46356841486534, 1.2020803431922467, 0.3146125094514929, 2.4402768335079035, 0.035661936092604485, 0.3218831341349464, 0.11802006999780446, 25.613520573224797, 2.145448557474684, 2.4103539086889025, 1.6639795885823192], [0.0, 0.02034510109033505, 0.025089185522300994, 0.05398757572222834, 0.0, 1.4562647925360785, 0.06358407470000316, 0.9661642839116196, 0.14380690070408697, 0.2214728241608821, 0.25764779127625914, 0.07171545793339718, 0.0, 0.0, 0.018048842399823073, 15.581643468095667, 0.02366219736207409, 0.09362522115526062, 21.567116986592552, 0.11649056868226992, 0.0, 0.0, 0.10908173163183577, 0.39712589613396254, 0.9819890505501416, 0.06335765013182204, 0.08343059760027849, 0.06671263382851578, 0.0030427512212636287, 0.0010641335425916054, 7.697266408599563, 0.05548328446148609, 0.2561365986422981, 0.15375154861479245, 0.044922829180554125, 0.9785216681604005, 0.2841397035803741, 2.0641220246542957, 0.01642365606111973, 0.0369903964506193, 0.05667243183312287, 0.529735707769455, 0.04454294460585473, 0.18972903886620252, 0.3776977016629939, 0.12712045660899207, 0.0, 0.012807910739660144, 0.0, 0.0], [0.0037143861855852833, 0.013609411240588898, 0.012193828418006092, 0.0634496684099517, 0.0, 0.0, 0.08231421590092936, 0.06268560656610411, 0.09109788804002861, 0.22124957125320144, 0.31034634496189106, 0.12061973902317646, 0.00039117753000539324, 0.04634930555140215, 0.012086508029228948, 4.0067668624263195, 2.1609559028242273, 0.0, 0.06348189762659828, 0.021798737282818337, 0.0, 1.0731682545430665, 0.07060794531977521, 0.36077337890768035, 0.6842403418023011, 0.024975179855339036, 0.0, 0.09122909872736562, 0.024202206118083325, 0.5186709514620549, 0.2363717958667243, 0.051069489355157316, 0.24655335643372034, 0.09837493825933485, 0.9297617967231009, 2.659848977492313, 0.11984640986154815, 0.0, 0.0, 0.42843630503990404, 0.4451153634860088, 0.027239437706910508, 0.009099435160393021, 0.03473047822696529, 0.16637096631510317, 0.14461414573809606, 0.011414139136626922, 0.03289328209532982, 0.0, 0.0], [0.01753569275957645, 0.011055251014774115, 0.04340342601135205, 0.05274581580811777, 0.0, 0.0, 0.049603223435015664, 0.06786248407719597, 0.0711371376998784, 0.07083878455231485, 0.2038210275890382, 0.010148284273633124, 0.005446018394426488, 0.0, 0.023033258226647035, 3.238200480302348, 0.0, 0.0, 0.6363850576836958, 0.6972929213717256, 0.0, 0.0, 0.03198157462931306, 0.35433510975378724, 4.962582896143427, 0.056025120379555204, 0.1154050827958173, 4.586261971248227, 0.007394029859955964, 0.0053722206967243835, 0.04637056916718407, 0.044705096255501786, 0.17130992275872625, 0.12134975026240014, 0.017672923941386642, 3.6186233378311012, 0.1354382248393593, 0.0, 0.0, 0.06444713664254031, 0.06541241925132724, 0.6507654536415677, 0.01914553088590676, 0.016452240722972813, 0.14421048360574407, 0.12198893322896076, 0.023104740665907286, 0.0, 0.0, 0.0], [0.014488778385480572, 0.013872950174974363, 0.017412407449238998, 0.06589657800401838, 0.0, 0.0, 0.0030692273291705874, 0.06449343346088376, 0.09717992693953192, 0.04857245711230895, 0.25139468257601294, 0.0, 0.00874832930838565, 0.0, 0.01165713570326199, 1.8951241050321812, 0.0, 0.0, 0.057474327411899395, 1.2586616635914947, 0.0, 0.0, 0.37371938935313676, 0.34782182756913116, 0.003120929903207781, 0.03587976753472455, 0.07593673498656273, 0.04494887870117914, 0.02727603328419903, 0.4090898227603028, 0.03691690372397005, 0.056573816922127484, 0.04394977886045215, 0.06264115526278324, 0.010567776301318332, 2.012047745662424, 0.009720321739614235, 0.0, 0.0, 0.05367180629796309, 0.04298731468806921, 0.0, 0.015210738901158649, 0.058970997038894524, 0.03878118680071463, 0.10300616109110639, 0.0, 0.021997534282522935, 0.0, 0.10492586459124464], [0.004160634047931211, 0.03679580359577095, 0.0, 0.06933425250355718, 0.0, 0.0, 0.0, 0.0514638312526805, 0.05195469650444906, 0.05325227654463305, 0.04562861128655005, 0.011512886824554869, 0.0, 0.0, 0.022242557576703348, 4.375291513059864, 0.0, 0.0, 0.0, 1.0787474509046326, 0.0, 0.0, 0.07920820904729986, 0.07680815420495435, 0.017751920074443817, 0.05445610818487445, 0.15755330368049236, 0.0681638616118434, 0.024413847406920874, 1.2035200222524027, 0.060477409683745265, 0.05545174766478311, 0.015665598008318682, 0.16926496377017797, 0.03780121388911617, 0.21958907387346294, 0.0812197649998545, 0.061314723220414535, 0.0, 0.06492018517802922, 0.04589441818294837, 0.011336999706607287, 0.009326921297640123, 0.00703518305231654, 0.05228054916969427, 0.08149029073061165, 0.01959975297979355, 0.007207325261504138, 0.0016487947518861734, 0.0], [0.0, 0.023883222178169516, 0.005553249444403718, 0.06385725016950872, 0.0, 0.0, 0.0, 0.05406163941175812, 0.09979981482080014, 0.04885992220910573, 0.04625113006768089, 0.02916756690456701, 0.020883742749358447, 0.0, 0.0229870799719194, 1.0188965866522288, 0.0, 0.0, 0.020465203086146744, 1.2485972135557342, 0.0, 0.006196619601304576, 0.030035278929066322, 0.10116258811123657, 0.02725551291490369, 0.06110240614281892, 0.06422935747660752, 0.056989874102125526, 0.06029542791744891, 0.5845626917045355, 0.06563794431753323, 0.054922282599561, 0.07044478643442909, 0.05075904026974065, 5.580996580789588e-05, 1.8253369040350975, 0.04073213483378346, 0.019712568362566074, 0.025919739270634068, 0.05362328809083827, 0.04346501313748696, 0.0, 0.019141212806147223, 0.003437384385343023, 0.02242394053039165, 0.04575270883430527, 0.0, 0.014421860570361211, 0.009289697107695005, 0.0]]
True EVDs: [[0.0, 0.0, 0.08080833669770993, 0.02491224131422598, 0.0, 0.0, 0.027770642793429445, 0.0, 0.0, 0.06354043942132392, 0.0, 0.0, 15.110621625656911, 0.0, 0.0, 0.09998796140049038, 22.779479555195724, 8.330885569751551, 0.006626174082260405, 0.09663536003982909, 0.0, 14.80394211681691, 0.09297237257904101, 0.0, 0.5360466146142464, 0.05918105579870614, 0.0, 0.03427489693387997, 0.0, 19.852704049260222, 0.0, 0.0, 7.308764206870183, 0.0, 0.0, 0.9095087266597517, 0.01691128697225075, 0.0, 0.020733785056666676, 0.4885623340121592, 2.870932916690432, 0.0, 0.0, 0.09081270466662161, 0.00821378416367935, 0.004985293647992606, 0.0, 15.247991267599378, 0.0, 10.567835154725378], [0.0, 0.0, 0.0, 0.02491224131422598, 0.0, 0.0, 0.027770642793429445, 0.0, 0.0, 0.06354043942132392, 0.0, 0.08731923026346422, 0.0, 0.0, 0.0, 8.277269014200783e-06, 0.0, 0.0, 7.276979769639736, 0.09663536003982909, 0.0, 14.80394211681691, 0.09297237257904101, 0.04462623909905972, 0.5360466146142464, 0.05918105579870614, 0.0, 0.0, 0.0, 0.0, 0.0030881367027859596, 0.006025129790359074, 0.0, 0.025379061659985602, 0.0, 0.0, 0.0, 0.0, 0.020733785056666676, 0.05722914410830637, 0.0, 0.0, 0.0, 0.09081270466662161, 0.15786476996931853, 0.04799416069990414, 5.688723352537645, 0.0, 0.0, 0.0], [0.0, 0.0, 0.0, 0.02491224131422598, 0.0, 0.0, 0.004333381531973934, 0.0, 0.0, 0.0, 0.0, 0.08731923026346422, 0.0, 0.0, 0.0, 0.09998796140049038, 0.0, 0.0, 7.276979769639736, 0.2004253036281023, 0.0, 0.0, 0.09297237257904101, 0.04462623909905972, 0.5360466146142464, 18.654841603459005, 0.0, 0.03621463761290045, 0.0, 0.0, 0.0030881367027859596, 0.006025129790359074, 0.22790655981938102, 0.0, 0.0, 0.0, 0.0, 0.0, 0.0, 0.05722914410830637, 0.0, 0.0, 0.0, 0.0, 0.00821378416367935, 0.004985293647992606, 0.0, 0.0, 0.0, 0.0], [0.0, 0.0, 0.0, 0.0, 0.0, 0.0, 0.004333381531973934, 0.0, 0.0, 0.0, 0.0, 0.08731923026346422, 0.0, 0.0, 0.0, 8.277269014200783e-06, 0.0, 0.0, 0.006626174082260405, 0.2004253036281023, 0.0, 0.0, 0.0, 0.04462623909905972, 0.0, 0.0, 0.0, 0.03621463761290045, 0.0, 0.0, 0.0030881367027859596, 0.0, 0.0, 0.0, 0.0, 0.0, 0.0, 0.0, 0.0, 0.05722914410830637, 0.0, 0.0, 0.0, 0.0, 0.15786476996931853, 0.04799416069990414, 0.0, 0.0, 0.0, 0.0], [0.0, 0.0, 0.0, 0.02491224131422598, 0.0, 0.0, 0.027770642793429445, 0.0, 0.0, 0.0, 0.0, 0.08731923026346422, 0.0, 0.0, 0.0, 8.277269014200783e-06, 0.0, 0.0, 0.006626174082260405, 0.09663536003982909, 0.0, 0.0, 0.0, 0.04462623909905972, 0.0, 0.0, 0.0, 0.0, 0.0, 0.0, 0.0030881367027859596, 0.006025129790359074, 0.0, 0.025379061659985602, 0.0, 0.0, 0.01691128697225075, 0.0, 0.0, 0.05722914410830637, 0.0, 0.0, 0.0, 0.0, 0.00821378416367935, 0.004985293647992606, 0.0, 0.0, 0.0, 0.0], [0.0, 0.0, 0.0, 0.0, 0.0, 0.0, 0.004333381531973934, 0.0, 0.0, 0.0, 0.0, 0.0, 0.0, 0.0, 0.0, 8.277269014200783e-06, 0.0, 0.0, 0.006626174082260405, 0.0, 0.0, 0.0, 0.0, 0.04462623909905972, 0.0, 0.05918105579870614, 0.0, 0.03621463761290045, 0.0, 0.0, 0.0, 0.0, 0.0, 0.0, 0.0, 0.0, 0.01691128697225075, 0.0, 0.0, 0.05722914410830637, 0.0, 0.0, 0.0, 0.0, 0.00821378416367935, 0.04799416069990414, 0.0, 0.0, 0.0, 0.0], [0.0, 0.0, 0.0, 0.02491224131422598, 0.0, 0.0, 0.0, 0.0, 0.0, 0.0, 0.0, 0.0, 0.0, 0.0, 0.0, 8.277269014200783e-06, 0.0, 0.0, 0.006626174082260405, 0.0, 0.0, 0.0, 0.0, 0.04462623909905972, 0.0, 0.0, 0.0, 0.0, 0.0, 0.0, 0.0, 0.0, 0.0, 0.0, 0.0, 0.0, 0.0, 0.0, 0.0, 0.0, 0.0, 0.0, 0.0, 0.0, 0.0, 0.04799416069990414, 0.0, 0.0, 0.0, 0.0], [0.0, 0.0, 0.0, 0.0, 0.0, 0.0, 0.0, 0.0, 0.0, 0.0, 0.0, 0.0, 0.0, 0.0, 0.0, 8.277269014200783e-06, 0.0, 0.0, 0.0, 0.0, 0.0, 0.0, 0.0, 0.0, 0.0, 0.05918105579870614, 0.0, 0.03621463761290045, 0.0, 0.0, 0.0, 0.0, 0.0, 0.0, 0.0, 0.0039040680672179917, 0.0, 0.0, 0.0, 0.0, 0.0, 0.0, 0.0, 0.0, 0.0, 0.04799416069990414, 0.0, 0.0, 0.0, 0.0], [0.0, 0.0, 0.0, 0.0, 0.0, 0.0, 0.0, 0.0, 0.0, 0.0, 0.0, 0.0, 0.0, 0.0, 0.0, 8.277269014200783e-06, 0.0, 0.0, 0.0, 0.0, 0.0, 0.0, 0.0, 0.0, 0.0, 0.0, 0.0, 0.03621463761290045, 0.0, 0.0, 0.0030881367027859596, 0.0, 0.0, 0.0, 0.0, 0.0, 0.0, 0.0, 0.0, 0.05722914410830637, 0.0, 0.0, 0.0, 0.0, 0.0, 0.04799416069990414, 0.0, 0.0, 0.0, 0.0]]
**************************************************
