Done with 1 demonstrations
Done with 2 demonstrations
Done with 3 demonstrations
Done with 4 demonstrations
Done with 5 demonstrations
Done with 6 demonstrations
Done with 7 demonstrations
Done with 8 demonstrations
Done with 9 demonstrations
Random Norm: False, Alpha: 0.9
Accuracies: [0.98, 0.98, 0.98, 0.98, 0.96, 1.0, 0.98, 0.96, 1.0]
Bound errors: [[0.06250024725763481, 0.4267217161129899, 0.12837529843370632, 12.86029751044893, 8.407965057424025, 0.858238693791527, 1.501427414726769, 2.237740144007965, 3.753919461294304, 0.5074492109836015, 8.512552171288831, 8.242356742183306, 1.7714991113902758, 25.424745417177807, 4.599881156296279, 22.69196740858719, 3.1367802052261666, 5.519469930739183, 24.917025579741328, 22.544285471013275, 1.491164950094308, 1.8284906498726876, 0.047772229916921205, 8.071564076398532, 1.9655744504216592, 0.12711764305725248, 26.013492479600924, 25.224748862008692, 6.476602829710734, -0.5062051025375034, 0.27270085125400545, 24.604917758767805, 1.1570770023676005, 24.947126328392365, 3.2080619826871093, 13.979544285804318, 0.7824290893032018, 3.365048939437986, 11.670905409233875, 5.0412823030499325, 4.1475136376515565, 1.9820476865041687, 1.6368716477884124, 7.702710135742656, 5.478603532920659, 1.5628866161882566, 4.460956599319603, 1.4282806877649765, 19.28251659780869, 24.772260787276192], [0.03504889865548577, 2.27967284008958, 0.07196672487782219, 0.3397122038633018, 0.3919294940693643, 0.034810054351792186, 0.06670840253331001, 0.990802290281307, 0.0, 1.4268127178481205, 3.9886693191182734, 0.16226868836665886, 2.3715744973250303, 0.006902892564247587, 1.6290311649790765, 3.47423845360224, 0.11280509360677549, 11.241977738624415, 20.221148518367055, 0.5806682372523042, 0.2177902254798152, 0.24843482778706516, 0.6347078082877076, 2.617121053902311, 0.6792416726756141, 4.864254746339682, 20.729511431975787, 1.4832175417289442, 11.720084820434254, -25.045850765081482, 1.148794987509044, 3.0305255812065024, 0.17447172227399044, 1.4273850697475599, 2.5449633172984236, 25.383262772062306, 4.1833687214636655, 1.4487284588852438, 16.849596274015482, 0.0, 0.8505192042876466, 2.5661242187225692, 0.26559501378435435, 0.14774376235837927, 0.8285835027615285, 1.8635826184537496, 1.2179828060823397, 2.747639120824651, 0.3202408527347913, 0.38666297576309283], [0.028692346587554596, 0.13335825715939986, 0.0945741910736686, 0.7540369346437585, 0.06406138685816742, 0.04487639156698853, 0.06632617452357081, 0.0037024268908787406, 0.8866401128378572, 0.6149301358737675, 2.334751295237046, 0.47042308049772785, 0.6701246767648572, 2.9955717623788516, 0.34438578254308716, 2.5398384970234615, 0.08498527481052776, 0.7706331992024733, 0.2197074330853912, 0.019704627091053695, 0.23238734775069858, -0.004343929745838082, 0.8462650549617496, 2.4566968890301304, 0.0, 5.6331607428309525, 6.064423802296181, 0.0, 4.373058675132688, 0.690860883807602, 0.03223447322671191, 0.012671936038562315, 0.33334134207867017, 6.336958398308727, 0.3371655399293765, 0.05299239211739959, 0.12327182735545117, 0.0, 3.148947013038221, 0.0, 0.1360548924411642, 0.05296399710435473, 0.1935931022504498, 0.06862012588271149, 0.0, 0.3297540973651465, 0.05052210080042663, 1.262890879589344, 0.43386003564588993, 19.029324036459673], [0.07900146689833676, 0.006609448266639006, 0.04515476862311818, 0.2987045785822353, 0.0528188507054006, -0.03726336877162817, 0.002862860109239529, 0.025069537792504093, 0.0, 0.0578132108210756, 0.14083411112191158, 0.11299443112299201, 0.08584429423682344, 2.107290609876957, 2.0223640772502893, 0.0, 0.05396081702300215, 0.40878296420807914, 0.14886045907050516, 2.303386157287937, 0.2374801749832205, 0.1568038899015658, 0.186285931145445, 0.10663999320748374, 0.0, 0.1258875224793301, 1.8600087717049405, 0.8029542095426532, 2.888575085934896, 0.1934254432118836, 0.11490740645918329, 0.006460608531854373, 0.006974621678732973, 0.06934597997457459, 0.04990170456476406, 0.11378671639011184, 0.23874967625860766, 0.0, 0.011893473991873904, 0.0, 0.08154242739434636, 0.05665017950735063, 0.29663376471054015, 0.07184774054560972, 0.029461596608090446, 0.3227029122279159, 0.037415893957932767, 0.012412565918872076, 0.079179545889561, 0.23410276416985099], [0.06684645062399674, -0.010292156551354736, 0.015425404397637621, 0.06398447080235314, 0.21879022129794556, 0.039208061943794004, 0.005574348822833253, 0.002381388699028264, 0.0, 0.062317241126809364, 0.10760922585230404, 0.03749221291740845, 0.4053374445428979, 0.025502686252295348, 0.0, 0.0, 0.022800270735473305, 0.002985765008670427, 0.08758506929948418, 0.0, 0.2247940898395715, 0.0515516463734933, 0.10477785676253326, 0.02196161572656763, 0.0, 0.2604315179018162, 1.6971322657267756, 0.0, 2.4909133411779605, 0.0003630204747819832, 0.05184448854138779, 0.014329526416181793, 0.0006713453109306045, 0.03248498996386573, 0.05361800283912421, -0.0065109511582583934, 0.1407815385272606, 1.3893180713096696, 0.01188014478403332, 0.0, 0.7860420790283698, 0.05880962007463175, 0.22437938081723008, 0.05331800640166939, 0.046892166354677745, 0.11290179434669945, 0.8022904956200605, 0.011732925137557082, 0.10133579536138093, 0.0703826658395812], [0.056528749082186636, 0.029336558373689314, 0.031061596792209656, 0.09082366414600784, 0.05478511071487269, 0.03620035107115527, 0.0632981367181511, 0.010720700030051766, 0.0, 0.05739641879436164, 0.12722653200171763, 0.06285321260846377, 0.4046200419192756, 0.011666927330388432, 2.4617685411051795, 0.0, 0.05224001220553376, 0.005318350624342827, 0.0052465791392428685, 0.0, 0.19609762672765463, 0.03833822167260337, 0.1164774129072228, 0.0, 0.0, 0.29218390762781254, 0.19899153641696188, 0.0, 0.0, 0.0, 0.05699400146313671, 0.004175852295606575, 0.00724576069385563, 0.04639804418285132, 0.03563347996357891, 0.01748710328950942, 0.0422302326604935, 0.0, 0.019001576266084896, 0.0, 0.12852294109904605, 0.04988737217955297, 0.10718448146385029, 0.05304502658566079, 0.0, 0.01346649879084616, 0.011672044765909106, 0.0022898725515005935, 0.06335361517555604, 0.0], [0.05603998927469789, 0.009859134859986796, 0.0, 0.8289794001981952, 0.056131875577491996, 0.052825538657574, 0.016164275549897855, 0.016955694192240856, 0.0, 0.06339442349370339, 0.13352100428651603, 0.033796297497900696, 0.17066880367130288, 0.23113575055803093, 0.2387631742535632, 0.0, 0.040080286601018145, 0.010282855228144427, 0.0, 0.0, 0.22653169787618666, 0.042436133644333296, 0.0780557592258262, 0.017120462024752925, 0.0, 0.2065653970133816, 0.0, 0.0, 0.0, 0.0, 0.031087841086044676, 0.03158650305705635, 0.018924116252640455, 0.048286649969836226, 0.03717836548515585, -0.0027668195623009595, 0.04920055059065653, 0.0, 0.006356492496792043, 0.29001931266592607, 0.08606851231424884, 0.04727227219489549, 0.08268937565928791, 0.07469723760410396, 0.0, 0.04901866964071644, 0.01725593547127957, 0.010546284245574356, 0.093537608479771, 0.0], [0.046653790831228115, 0.023532629266370897, 0.0, 0.0, 0.0038267004972887264, 0.0, 0.0, 0.00586251016037842, 0.0, -0.0025233268442264034, 0.05582791673762166, 0.028082319633636388, 0.2898335117222892, 0.007758062483953054, 1.418751134820167, 0.0, 0.08571538083372765, 0.007034194798190008, 0.042962724737757946, 0.0, 0.2260040220511783, 0.003915667260201872, 0.16335273259151606, 0.1043679954932113, 0.0, 0.26554926020959435, 0.004572327257348796, 0.0, 0.0, 0.0, 0.06599122085846076, 0.01131397786937427, 0.037828933940041054, 0.02453255820005218, 0.01699625782774916, -0.00023235589598513684, 0.13614351765470545, 0.0, 0.010878471072636842, 0.0, 0.08088885559717163, 0.04750846352667981, 0.09296738974544505, 0.12328738211373746, 0.0, 0.044302773925448236, 0.0062465092705572545, 0.013175856865792923, 1.4797590847904178, 0.0], [0.0596754653033269, 0.04882840616934292, 0.0, 0.0, 0.007261209808365143, 0.0, 0.009894490855668181, 0.0, 0.0, 0.0012215081529944882, 0.023455027542171436, 0.03392837443283003, 0.31072777000824026, 0.01598393233622275, 1.5309084552115433, 0.0, 0.05333241725371762, 0.0056023988223685706, 0.06427141737948716, 0.030072703265878964, 0.2476626783891831, 0.0, 0.10552132618990484, 0.0, 0.0, 0.0, 0.023440489204260118, 0.0, 0.0, 0.04657739367684144, 0.05086641583544704, 0.02845943663804107, 0.032879249161272384, 0.029903097981218707, 0.05233383744993425, 0.02679922572100324, 0.018460266510118117, 0.0, 0.005403662780363305, 0.0, 0.09325517511183357, 0.0591489580858493, 0.0751228373039119, 0.07381038806565776, 0.0, 0.0, 0.0, 0.005942296341439501, 0.008704787036396766, 0.0]]
Policy loss bounds: [[0.06250024725763481, 0.4267217161129899, 0.12837529843370632, 12.86029751044893, 8.407965057424025, 0.9422504550109245, 1.501427414726769, 2.2643087161411373, 3.753919461294304, 22.57198662543251, 8.512552171288831, 8.242356742183306, 2.0309330101957332, 25.46962961996998, 4.599881156296279, 22.69196740858719, 3.2525183520484635, 18.699913315507033, 25.09802395929799, 24.588283949165774, 1.491164950094308, 2.007804451500494, 0.46954404210510425, 8.071564076398532, 1.9655744504216592, 0.3865185977912695, 26.013492479600924, 25.88996013034408, 19.514050620707756, 24.883353666923053, 0.3051397426483424, 24.604917758767805, 1.1570770023676005, 24.969298657016253, 23.48418772451658, 14.021357809564355, 0.7824290893032018, 3.365048939437986, 19.51019645439728, 5.0412823030499325, 4.178095955381622, 1.9820476865041687, 1.6566475153229607, 7.702710135742656, 5.478603532920659, 1.5628866161882566, 4.462347054026434, 1.4683633006014132, 19.334489628117723, 24.983782120368268], [0.041010247421887414, 2.4021709330238306, 0.07196672487782219, 0.3397122038633018, 0.3919294940693643, 0.11882181557118976, 0.06670840253331001, 0.990802290281307, 0.0, 1.4938099109561183, 3.9886693191182734, 0.16226868836665886, 2.631008396130488, 0.05178709535641968, 1.6290311649790765, 3.47423845360224, 0.22854324042907237, 11.241977738624415, 20.402146897923718, 0.5806682372523042, 0.2177902254798152, 0.24843482778706516, 0.6347078082877076, 2.617121053902311, 0.6792416726756141, 4.864254746339682, 20.729511431975787, 1.4832175417289442, 24.757532611431277, 0.19462243508380261, 1.181233878903381, 3.0305255812065024, 0.17447172227399044, 1.4495573983714483, 2.616883109636705, 25.425076295822343, 4.1833687214636655, 1.4487284588852438, 24.68888731917889, 0.0, 0.8811015220177119, 2.5661242187225692, 0.26559501378435435, 0.14774376235837927, 0.8285835027615285, 1.8635826184537496, 1.2193732607891707, 2.747639120824651, 0.3213334818916316, 0.5981843088551688], [0.03465369535395624, 0.13335825715939986, 0.0945741910736686, 0.7540369346437585, 0.06406138685816742, 0.1288881527863861, 0.06632617452357081, 0.0037024268908787406, 0.8866401128378572, 0.6819273289817653, 2.334751295237046, 0.47042308049772785, 0.8420651491384632, 3.0404559651710237, 0.34438578254308716, 2.5398384970234615, 0.20072342163282464, 0.7706331992024733, 0.2197074330853912, 0.019704627091053695, 0.23238734775069858, 0.17496987188196833, 0.8462650549617496, 2.4566968890301304, 0.0, 5.892561697564969, 6.064423802296181, 0.0, 4.373058675132688, 23.996556187595402, 0.06467336462104889, 0.012671936038562315, 0.33334134207867017, 6.359130726932616, 0.409085332267658, 0.09480591587743703, 0.48006657553376364, 0.0, 3.148947013038221, 0.0, 0.1360548924411642, 0.05296399710435473, 0.1935931022504498, 0.18738552396737518, 0.0, 0.3297540973651465, 0.05191255550725771, 1.262890879589344, 0.43386003564588993, 19.029324036459673], [0.07900146689833676, 0.12910754120088974, 0.04515476862311818, 0.2987045785822353, 0.05948044040893041, 0.046748392447769405, 0.05451293916327593, 0.025069537792504093, 0.0, 0.0578132108210756, 0.14083411112191158, 0.11299443112299201, 0.25778476661042937, 2.152174812669129, 2.0223640772502893, 0.0, 0.05396081702300215, 0.40878296420807914, 0.32985883862716747, 2.303386157287937, 0.2374801749832205, 0.1568038899015658, 0.186285931145445, 0.10663999320748374, 0.0, 0.38528847721334714, 1.8600087717049405, 0.8029542095426532, 2.888575085934896, 0.1934254432118836, 0.14734629785352027, 0.006460608531854373, 0.006974621678732973, 0.06934597997457459, 0.04990170456476406, 0.15560024015014928, 0.23874967625860766, 0.0, 0.011893473991873904, 0.0, 0.08154242739434636, 0.05665017950735063, 0.29663376471054015, 0.1906131386302734, 0.029461596608090446, 0.3227029122279159, 0.038806348664763846, 0.012412565918872076, 0.079179545889561, 0.23410276416985099], [0.07280779939039839, 0.112205936382896, 0.015425404397637621, 0.06398447080235314, 0.22545181100147538, 0.12321982316319158, 0.057224427876869655, 0.002381388699028264, 0.0, 0.062317241126809364, 0.10760922585230404, 0.03749221291740845, 0.4053374445428979, 0.07038688904446744, 0.0, 0.0, 0.022800270735473305, 0.002985765008670427, 0.2685834488561465, 0.0, 0.2247940898395715, 0.0515516463734933, 0.10477785676253326, 0.02196161572656763, 0.0, 0.2604315179018162, 1.6971322657267756, 0.0, 2.4909133411779605, 0.0003630204747819832, 0.05184448854138779, 0.014329526416181793, 0.0006713453109306045, 0.05465731858775413, 0.05361800283912421, 0.03530257260177905, 0.1407815385272606, 1.3893180713096696, 0.01188014478403332, 0.0, 0.816624396758435, 0.05880962007463175, 0.2702723596233918, 0.17208340448633308, 0.046892166354677745, 0.11290179434669945, 0.8022904956200605, 0.011732925137557082, 0.10133579536138093, 0.0703826658395812], [0.056528749082186636, 0.029336558373689314, 0.031061596792209656, 0.09082366414600784, 0.0614467004184025, 0.03620035107115527, 0.0632981367181511, 0.010720700030051766, 0.0, 0.05739641879436164, 0.13853423679152677, 0.06306034404921412, 0.4046200419192756, 0.011666927330388432, 2.4617685411051795, 0.0, 0.05224001220553376, 0.005318350624342827, 0.0052465791392428685, 0.0, 0.19609762672765463, 0.03833822167260337, 0.1164774129072228, 0.0, 0.0, 0.29218390762781254, 0.19899153641696188, 0.0, 0.0, 0.0, 0.05699400146313671, 0.004175852295606575, 0.00724576069385563, 0.04639804418285132, 0.03563347996357891, 0.05930062704954686, 0.0422302326604935, 0.0, 0.019001576266084896, 0.0, 0.12852294109904605, 0.06176460444133447, 0.10718448146385029, 0.17181042467032448, 0.0, 0.01346649879084616, 0.011672044765909106, 0.0022898725515005935, 0.06335361517555604, 0.0], [0.05603998927469789, 0.009859134859986796, 0.0, 0.8289794001981952, 0.06279346528102181, 0.052825538657574, 0.016164275549897855, 0.016955694192240856, 0.0, 0.06339442349370339, 0.13352100428651603, 0.033796297497900696, 0.17066880367130288, 0.23113575055803093, 0.2387631742535632, 0.0, 0.040080286601018145, 0.010282855228144427, 0.0, 0.0, 0.22653169787618666, 0.042436133644333296, 0.0780557592258262, 0.017120462024752925, 0.0, 0.2065653970133816, 0.0, 0.0, 0.0, 0.0, 0.06352673248038165, 0.03158650305705635, 0.018924116252640455, 0.048286649969836226, 0.03717836548515585, 0.03904670419773648, 0.04920055059065653, 0.0, 0.006356492496792043, 0.29001931266592607, 0.11665083004431409, 0.04727227219489549, 0.08268937565928791, 0.19346263568876765, 0.0, 0.04901866964071644, 0.01725593547127957, 0.010546284245574356, 0.093537608479771, 0.0], [0.046653790831228115, 0.023532629266370897, 0.0, 0.0, 0.0038267004972887264, 0.0, 0.0, 0.00586251016037842, 0.0, 0.06447386626377138, 0.05582791673762166, 0.028082319633636388, 0.2898335117222892, 0.007758062483953054, 1.418751134820167, 0.0, 0.08571538083372765, 0.007034194798190008, 0.042962724737757946, 0.0, 0.2260040220511783, 0.003915667260201872, 0.16335273259151606, 0.1043679954932113, 0.0, 0.26554926020959435, 0.004572327257348796, 0.0, 0.0, 0.0, 0.06599122085846076, 0.01131397786937427, 0.037828933940041054, 0.04670488682394058, 0.01699625782774916, 0.041581167864052304, 0.13614351765470545, 0.0, 0.010878471072636842, 0.0, 0.11147117332723688, 0.04750846352667981, 0.09296738974544505, 0.12328738211373746, 0.0, 0.044302773925448236, 0.0062465092705572545, 0.013175856865792923, 1.4797590847904178, 0.0], [0.0596754653033269, 0.04882840616934292, 0.0, 0.0, 0.007261209808365143, 0.0, 0.009894490855668181, 0.0, 0.0, 0.0012215081529944882, 0.023455027542171436, 0.03392837443283003, 0.31072777000824026, 0.01598393233622275, 1.5309084552115433, 0.0, 0.05333241725371762, 0.0056023988223685706, 0.06427141737948716, 0.030072703265878964, 0.2476626783891831, 0.0, 0.10552132618990484, 0.0, 0.0, 0.0, 0.023440489204260118, 0.0, 0.0, 0.04657739367684144, 0.05086641583544704, 0.02845943663804107, 0.032879249161272384, 0.05207542660510711, 0.05233383744993425, 0.06861274948104068, 0.018460266510118117, 0.0, 0.005403662780363305, 0.0, 0.12383749284189882, 0.0591489580858493, 0.0751228373039119, 0.19257578615032145, 0.0, 0.0, 0.0, 0.005942296341439501, 0.008704787036396766, 0.0]]
True EVDs: [[0.0, 0.0, 0.0, 0.0, 0.0, 0.08401176121939757, 0.0, 0.026568572133172097, 0.0, 22.064537414448907, 0.0, 0.0, 0.2594338988054575, 0.04488420279217209, 0.0, 0.0, 0.11573814682229688, 13.18044338476785, 0.18099837955666231, 2.043998478152501, 0.0, 0.1793138016278064, 0.42177181218818305, 0.0, 0.0, 0.25940095473401703, 0.0, 0.665211268335387, 13.037447790997023, 25.389558769460557, 0.03243889139433698, 0.0, 0.0, 0.022172328623888404, 20.27612574182947, 0.04181352376003744, 0.0, 0.0, 7.839291045163407, 0.0, 0.030582317730065256, 0.0, 0.019775867534548297, 0.0, 0.0, 0.0, 0.001390454706831079, 0.04008261283643666, 0.051973030309032, 0.211521333092076], [0.005961348766401642, 0.12249809293425074, 0.0, 0.0, 0.0, 0.08401176121939757, 0.0, 0.0, 0.0, 0.06699719310799779, 0.0, 0.0, 0.2594338988054575, 0.04488420279217209, 0.0, 0.0, 0.11573814682229688, 0.0, 0.18099837955666231, 0.0, 0.0, 0.0, 0.0, 0.0, 0.0, 0.0, 0.0, 0.0, 13.037447790997023, 25.240473200165283, 0.03243889139433698, 0.0, 0.0, 0.022172328623888404, 0.0719197923382815, 0.04181352376003744, 0.0, 0.0, 7.839291045163407, 0.0, 0.030582317730065256, 0.0, 0.0, 0.0, 0.0, 0.0, 0.001390454706831079, 0.0, 0.0010926291568402746, 0.211521333092076], [0.005961348766401642, 0.0, 0.0, 0.0, 0.0, 0.08401176121939757, 0.0, 0.0, 0.0, 0.06699719310799779, 0.0, 0.0, 0.17194047237360593, 0.04488420279217209, 0.0, 0.0, 0.11573814682229688, 0.0, 0.0, 0.0, 0.0, 0.1793138016278064, 0.0, 0.0, 0.0, 0.25940095473401703, 0.0, 0.0, 0.0, 23.3056953037878, 0.03243889139433698, 0.0, 0.0, 0.022172328623888404, 0.0719197923382815, 0.04181352376003744, 0.35679474817831247, 0.0, 0.0, 0.0, 0.0, 0.0, 0.0, 0.11876539808466369, 0.0, 0.0, 0.001390454706831079, 0.0, 0.0, 0.0], [0.0, 0.12249809293425074, 0.0, 0.0, 0.006661589703529813, 0.08401176121939757, 0.0516500790540364, 0.0, 0.0, 0.0, 0.0, 0.0, 0.17194047237360593, 0.04488420279217209, 0.0, 0.0, 0.0, 0.0, 0.18099837955666231, 0.0, 0.0, 0.0, 0.0, 0.0, 0.0, 0.25940095473401703, 0.0, 0.0, 0.0, 0.0, 0.03243889139433698, 0.0, 0.0, 0.0, 0.0, 0.04181352376003744, 0.0, 0.0, 0.0, 0.0, 0.0, 0.0, 0.0, 0.11876539808466369, 0.0, 0.0, 0.001390454706831079, 0.0, 0.0, 0.0], [0.005961348766401642, 0.12249809293425074, 0.0, 0.0, 0.006661589703529813, 0.08401176121939757, 0.0516500790540364, 0.0, 0.0, 0.0, 0.0, 0.0, 0.0, 0.04488420279217209, 0.0, 0.0, 0.0, 0.0, 0.18099837955666231, 0.0, 0.0, 0.0, 0.0, 0.0, 0.0, 0.0, 0.0, 0.0, 0.0, 0.0, 0.0, 0.0, 0.0, 0.022172328623888404, 0.0, 0.04181352376003744, 0.0, 0.0, 0.0, 0.0, 0.030582317730065256, 0.0, 0.04589297880616172, 0.11876539808466369, 0.0, 0.0, 0.0, 0.0, 0.0, 0.0], [0.0, 0.0, 0.0, 0.0, 0.006661589703529813, 0.0, 0.0, 0.0, 0.0, 0.0, 0.011307704789809137, 0.00020713144075035217, 0.0, 0.0, 0.0, 0.0, 0.0, 0.0, 0.0, 0.0, 0.0, 0.0, 0.0, 0.0, 0.0, 0.0, 0.0, 0.0, 0.0, 0.0, 0.0, 0.0, 0.0, 0.0, 0.0, 0.04181352376003744, 0.0, 0.0, 0.0, 0.0, 0.0, 0.0118772322617815, 0.0, 0.11876539808466369, 0.0, 0.0, 0.0, 0.0, 0.0, 0.0], [0.0, 0.0, 0.0, 0.0, 0.006661589703529813, 0.0, 0.0, 0.0, 0.0, 0.0, 0.0, 0.0, 0.0, 0.0, 0.0, 0.0, 0.0, 0.0, 0.0, 0.0, 0.0, 0.0, 0.0, 0.0, 0.0, 0.0, 0.0, 0.0, 0.0, 0.0, 0.03243889139433698, 0.0, 0.0, 0.0, 0.0, 0.04181352376003744, 0.0, 0.0, 0.0, 0.0, 0.030582317730065256, 0.0, 0.0, 0.11876539808466369, 0.0, 0.0, 0.0, 0.0, 0.0, 0.0], [0.0, 0.0, 0.0, 0.0, 0.0, 0.0, 0.0, 0.0, 0.0, 0.06699719310799779, 0.0, 0.0, 0.0, 0.0, 0.0, 0.0, 0.0, 0.0, 0.0, 0.0, 0.0, 0.0, 0.0, 0.0, 0.0, 0.0, 0.0, 0.0, 0.0, 0.0, 0.0, 0.0, 0.0, 0.022172328623888404, 0.0, 0.04181352376003744, 0.0, 0.0, 0.0, 0.0, 0.030582317730065256, 0.0, 0.0, 0.0, 0.0, 0.0, 0.0, 0.0, 0.0, 0.0], [0.0, 0.0, 0.0, 0.0, 0.0, 0.0, 0.0, 0.0, 0.0, 0.0, 0.0, 0.0, 0.0, 0.0, 0.0, 0.0, 0.0, 0.0, 0.0, 0.0, 0.0, 0.0, 0.0, 0.0, 0.0, 0.0, 0.0, 0.0, 0.0, 0.0, 0.0, 0.0, 0.0, 0.022172328623888404, 0.0, 0.04181352376003744, 0.0, 0.0, 0.0, 0.0, 0.030582317730065256, 0.0, 0.0, 0.11876539808466369, 0.0, 0.0, 0.0, 0.0, 0.0, 0.0]]
**************************************************
