Done with 1 demonstrations
Done with 2 demonstrations
Done with 3 demonstrations
Done with 4 demonstrations
Done with 5 demonstrations
Done with 6 demonstrations
Done with 7 demonstrations
Done with 8 demonstrations
Done with 9 demonstrations
Random Norm: True, Alpha: 0.99
Accuracies: [0.98, 0.97, 0.98, 0.96, 1.0, 0.95, 0.98, 0.95, 0.97]
Bound errors: [[0.004846646775226818, 0.40938590196821695, 0.0013216353391176834, 2.955667220207993, 0.5102473871028855, 0.0063498772567164245, 0.6993070754875724, 4.708957784177955, 1.4118854369431544, 0.018762869025776965, 0.9068994329558818, 2.9692070035845997, 0.0, 1.0833611497148175, 0.2970437263510395, 0.23767537992920912, 2.0879886697370362, 0.43901785492638296, 0.4307546480046229, 1.7422936725061002, -0.9149154829782074, 6.370736389344668, 3.7223568402094402, 1.782346343981754, 0.032394618142217245, 1.165662542685927, 0.006559959433771494, 0.3585175835114233, 0.016704560012414254, 1.2772820666661857, -0.507168222162518, 0.450075207588375, 0.4720935467098049, 1.0173011461563177, 1.0113691899152657, 0.0, 0.047262252021231084, 2.8572843900659337, 4.864150400731171, 0.12060554957135915, 0.9722204562400193, 1.0561154824055694, 1.5246661462628293, 0.25175943094211095, 0.4220376699962082, 0.04732710096801741, 0.0054526663454721735, 0.33956821672215215, 0.4976149802596387, 0.29427448337571666, 0.015714078573873233, 0.17037757380247018, 5.038598950417274, 0.023722539936750546, 0.5376358516360832, 0.9180020099627404, 1.850715093250322, 0.02267756335451392, 0.8182046542637124, 1.2543671419633227, 0.47150443724979735, 0.5737867202781712, 5.087541870750025, 0.9704731800243139, 0.6670845436498491, 0.27385364122398037, 2.1103642948520323, 0.003200166486095458, 0.5257230627966243, 1.2582642970765148, 7.2895130367708845, 0.02764408193754006, 0.19178604497318263, 2.7118871727585976, 0.6683710066196474, 0.01032488939606698, 0.9573804304862624, 0.4660522882814693, 1.5303284053286301, 5.294372345961675, 0.3903049534033246, 3.1104237786052487, 3.9853313103319756, 0.09408829216057123, 1.357549192135749, 1.4892217841488928, 0.8684151899911856, 0.3570567476996257, 1.4502490837458448, 1.2911044214738308, 3.3951597216935823, 0.7162049016403309, 3.3187472062050505, 0.9108457178516658, 2.339383734228789, 1.3888519184658943, 0.47113390885865, 0.538128399395739, 7.110902237787812, 0.007677958065155206], [0.004595851024061512, 0.07375632276586792, -0.00014896634005672794, 0.0034994965179874354, 0.3138300267528658, 0.00351042164654251, 0.0460374609580978, 0.006793490233746558, 0.16811488470701125, 0.2754004813690995, 0.2971712360174141, 2.155193775284649, 0.6829113644406426, 1.188543308861098, 0.004323907744973521, 0.0, 2.8557901766019222, 0.2526646568507389, 0.7543552256510306, 0.04230547506751848, 1.1297207885153109, 0.01223173147228699, 1.6712964644424706, 0.1374250227640026, 0.39822972212640595, 5.287395875097968, 0.009114820513004416, -0.0007459242396660529, 0.0017539138258850027, 0.010523670271536492, 1.0453633694874203, 0.33251029966396667, 0.009906638524813584, 0.0166852661595563, 0.6024022587558154, 1.9306404936773511, 0.201460105883004, 0.18167600138745751, 3.600328884514561, 0.009810256425460507, 0.1951236557020108, 0.0, 0.6126570654007991, 1.368690580070646, 0.014233732164630631, 0.0, 0.02381549001869598, 0.0051320745007077916, 0.5732572885792308, 0.41043055858390404, 0.034054977031851515, 0.0, 0.2817283113710892, 0.0123965180370599, 0.21779258698814175, 0.01909602041820688, 0.4031521183729655, 0.16845557988390708, 0.8727262518350788, 1.6509617815164634, 0.0, 0.011837856324967895, 4.882944364441082, 0.02627018076082456, 0.004672998603095398, 0.03967968404145136, 0.04570671127615867, 0.0023946797608219977, 0.0022397407983826417, 0.06899308550260583, 0.011125713152382363, 0.7391089717285259, 1.183407860483446, 5.467506076538317, 0.18356345215738476, 0.011928076705391998, 0.16562897397349483, 0.5648593594503463, 0.04170334247407674, 0.1541142803149396, 0.16727973445854644, 0.0, 0.05267040038293768, 0.024531552185804887, 0.29188492822336026, 0.48881507270128255, 0.0, -0.0056857350343735855, 0.0, 2.0269134003159395, 0.017492370686755274, 0.36490604598281773, 0.6895478999020007, 0.2917978809034235, 0.01006569013061143, 0.3335338627163437, 0.003005199843529243, 0.005597589945649366, 0.16267542715034683, 0.20908111991947265], [0.14295056285519875, 0.0, 0.004043169232258447, 0.0012720094884098483, 0.007007170266522156, 0.39967928971104816, 0.048944790970314456, 0.7574889711289797, 0.017748610525954535, 0.011291561304081746, 0.42798700409476853, 2.819043126135902, 1.2327321816732304, 0.1596430145857486, 0.0, 0.0, 0.022932293849477463, 0.010825922193287527, 0.0003412397107753807, 0.005003047900453981, 0.24966487579657082, 0.019687179025059526, 0.0003703894346512502, 0.42035546970224086, 0.0, 0.33842389279983, 0.0006545674141467159, 0.009766006091080895, 0.002824910975899657, 0.009886392803641295, 1.127548493341676, 0.2928210473548847, -0.0012196415593033402, 0.032765960506030076, 0.00911670205805781, 1.1078462099842616, 0.3344266016940362, 0.0009427536991256628, 0.00875659612039635, 0.4316060413094647, 0.4785852427519617, 0.0, 0.37065183845392946, 0.2854349470362988, 0.3575698224093723, 0.0, -0.0015707212978053851, 0.0014161248923497938, 0.0, 0.281768076646995, 0.016388455433575554, 0.0, 0.017989747374911203, 0.01086114589211108, 0.0, 0.5839751917124568, 0.005093013962916684, 0.012577065730356966, 0.5745108574621485, 0.4201080738916439, 0.08111663957465123, 0.009366477226057315, 0.700028707356182, 0.10888041090418299, 0.1052630992187611, 0.031249515418843264, 0.025622563646055724, 0.33612184475908313, 0.4212949076412387, 0.02231669700093031, 0.32665320173686874, 0.0175624573754486, 0.0, 0.0014649392444648524, 0.0, 0.3449450602005949, 0.0856848650864258, 0.006191508233500228, 0.4660960481348672, 0.022229392050076787, 0.11331332407203948, 0.0, 0.004329785949222909, 0.028949281174605424, 1.1380721023369478, 0.011289822111602267, 0.0005023543658869637, 0.5577588093439205, 0.0, 0.7860716367172708, 0.8854195000398559, 0.36195828703171723, 0.005644145492050657, 0.02566818665506706, 0.004766000588637425, 0.013860659240148931, 0.0062815121852966066, 0.007729441966545734, 0.1831168460900451, 0.010311242521214646], [0.04160058587902302, 0.0, 0.005105303392631786, 0.011807574979664984, 0.035427700658075864, 0.0004672465047514257, -0.0001379101104251254, 0.008969362317317365, 0.013810857879462585, 0.002671144064677825, 0.010483988694988794, 0.0002918880818942091, 0.0007401664227137948, 0.00710009767471412, 0.0, 0.0, 0.022094186155485227, 0.010789534702162021, 0.06557123026785261, 0.00685028519490767, 0.007304344779484596, 0.013991654872954395, 0.0007849904899276946, 0.024173116621151118, 0.0, 0.0067001717051903215, 0.0077389912817613605, 0.00874792062071166, 0.006294969683395667, 0.11199652883384391, 1.7466253564391017, 0.10853576184619701, -0.0034425163485230087, 0.0, 0.009863216146731415, 0.0, 0.12344224180152866, 0.0016318838348332114, 0.0122656980641039, 0.04124867066609792, 0.007633661716168846, 0.0, 0.16096994194155778, 0.27169416895256027, 0.26900547670547614, 0.10954845858890504, 0.01343316876643711, 0.006297567888687926, 0.0, 0.013792983421387229, 0.01595705244955027, 0.0, 0.014490452942083109, -0.0020354042812259655, 0.036187221685619636, 0.018919709601326055, 0.007314751653662379, 0.01772542919404538, 0.005280243950089377, 0.0009729075968806089, 0.0, 0.0037863074356440213, 0.0018501760692018266, 0.024211273463772064, 0.0007280078170532801, 0.008417726350913592, 0.02595387861710756, 0.0010895177617875468, -0.0030741006565846176, 0.020441905539231843, 0.011283011747721915, 0.010905302433762875, 0.0, 0.0, 0.0, 0.014125463264796764, 0.0, 0.0, 0.41683049189976806, 0.006002020781024444, 0.0, 0.0, 0.006150969681306168, 0.026466126318088177, 0.5372662863192609, 0.012013766643777074, 0.5115407951799075, 0.007853177536734413, 0.0, 0.0021950553339855974, 0.24790391507299683, 0.013826620077990093, 0.004075628690579097, 0.005270412602254806, 0.008941241869228666, 0.009308561340797307, 0.0, 0.0071426328292660875, 0.0038690642593013492, 0.0068624389153841905], [9.39872981730449e-05, 0.02365416074495854, 0.6435121103216335, 0.0035891362538248294, 0.0072042111335865345, 0.0015246757309468756, 0.0017262043257548036, 0.00511790700498271, 0.010946698963817586, 0.0026960773278827265, 0.0004663454280376942, 0.0009559377346508669, 0.0, 0.004511995502579406, 0.0, 0.0, 0.005771802818014686, 0.1109176194942917, 0.0, 0.011956178746219305, 0.0, 0.0011590856132218216, 0.0010430311994234526, 0.030767036608691765, 0.0, 0.0, 0.0008220274894408101, 0.006900059255657982, 0.0047620084809616, 0.1201709780567282, 0.04338875143126556, 0.0, 0.006326004013951332, 0.0, 0.005338357480896356, 0.010232139285899259, 0.0969646820123688, 0.0009208023284007697, 0.008243628672147311, 0.013670816843434307, 0.004598189296539837, 0.0, 0.01999537630992994, 0.0, 0.0025276226843664734, 0.0, 0.00977862332937211, 0.016567087772566963, 0.0, 0.0037871726551572506, 0.0020540892380517843, 0.0, 0.019469879984891324, 0.017841314379207357, 0.0, 0.008526189695100857, 0.004746382710265883, 0.0032670535918935257, 0.19860415383327634, 0.0, 0.00515092871386253, 0.007024006734908814, 0.5782554306511645, 0.016336486671109447, 0.04044614989398924, 0.006430864139622462, 0.18545026984005145, 0.0037953073283566547, 0.03685590829975977, 0.0045983735227567765, 0.007128967475132004, 0.003903961296564858, 0.0, 0.0015779962950571878, 0.007310582579134793, 0.012956265809862368, 0.0009746289871725343, 0.0, 0.7031645044826486, 0.001441393011180209, 0.0, 0.0, 0.015525590543063995, 0.014372619281507784, 0.1501932928722244, 0.018274590243075567, 0.0, 0.008157081940439402, 0.0, 0.002567104694848441, 0.03231112016816651, 0.009722349756085496, 0.0012471350043353376, 0.0008220416157410211, 0.012610940861201533, 0.013098829637597962, 0.0, 0.004983302915756374, 0.004494185348797502, 0.006443596249887032], [0.002096338169146024, 0.0, 0.000665095436671206, 0.0024780493444961408, 0.0013714509493949387, 0.001535387699996991, 0.004788558276296824, -0.0005124332290792014, 0.01317028590551955, 0.0804592052928585, 0.0033369649877730725, 0.0, 0.0, 0.00856573247382446, 0.0, 0.0, 0.0013610046764247563, 0.24194062090479826, 0.0, 0.0028709957465239615, 0.0, 0.004388451208504409, 0.00038976827315825526, 0.016666301000282602, 0.0, 0.0006412478092128344, 0.0009388212710169391, 0.0066596876192527125, 0.002240470293509638, -0.0003024899230419202, 0.0, 0.0, -0.002063530949213901, 0.001497515493730581, 0.0015676391988819443, 0.0, 0.002976008721889641, 0.0025719848830642526, 0.009763224411179201, 0.03744989598536368, 0.004002692856623071, 0.0, 0.024718118784148736, 0.0, 0.0007994071945549821, 0.0, -0.0008002194180357601, 0.005336570287547752, 0.0, 0.010216158979753585, 0.0009720133983368054, 0.0, 0.006574786899504156, 0.006969763855921822, 0.0, 0.018407576824544702, 0.004885457378274978, 0.0022912683410465902, 0.011182220978762829, 0.0043782538443752645, 0.0, 0.007199099568308083, 0.005007362462805234, 0.021823118596089066, 0.0038379372870286635, 0.004515910207361165, 0.0, 0.07412096823086875, -0.0033694994731820003, 0.0052686687511583445, 0.006977402727496991, 0.002020738689264269, 0.0, 0.0011326339450750552, 0.0, 0.007128621491292398, 0.0, 0.0, 0.6211954107787424, 0.0013030999764125951, 0.0, 0.0, 0.010410481979503193, 0.016144600328620747, 0.00540184804428274, 0.0, 0.0033216766514481432, 0.0022155765597937165, 0.0, 0.0017341184636777188, 0.00768708842631441, 0.00623079135907577, 0.0037120244256458827, 0.0028164381098834436, 0.004141361035681794, 0.015610511548995664, 0.0, 0.0010675721044164825, 0.001983028308108803, 0.00492271057642428], [0.0027641511594948794, 0.0, 0.0014473501882944586, 0.0029097939551711374, 0.00043026012345125244, 0.0010391321103776665, 0.0010846201526423412, 0.009004400967379785, 0.004941039166144146, 0.0011092880196722646, 0.002207513956080097, 0.00010306147422883184, 0.0012594057486390211, 0.001522538261160452, 0.0, 0.0, 0.0010577844575272058, 0.39322465349530866, 0.0, 0.005963674299454174, 0.0, 0.0031791173448625196, 0.0, 0.018371667540577966, 0.0, 0.10576765072379805, 0.0, 0.000514452573881024, 0.0031704639551368478, 0.001193312879830986, 0.030629580216428965, 0.0, -0.0024818747074741698, 0.010964713148858836, 0.003495315987106448, 0.0, 0.0012274253660061669, 0.0007765477921235199, 0.008044716504688139, 0.009934217279737067, 0.005607898429815035, 0.0, 0.5826427148291574, 0.0, 0.00042837730806426265, 0.0, 0.0008134235702314725, 0.010291802910531783, 0.0, 0.004628052536574974, 0.02001511455978523, 0.0, 0.00159086311214167, 0.01799852323087762, 0.0, 0.017312343913229687, 0.002151403594050383, 0.006061887109896562, 0.003251696733162721, 0.0014717749167516279, 0.0, 0.005667715529703522, 0.0012099495610057413, 0.011008563988767667, 0.0005067643019807751, 0.0005993509984020777, 0.005180530280884921, 0.000909466912261028, -0.0014001111549547048, 0.0003417990315488465, 0.008131465062977149, 0.004808263336330291, 0.0, 0.001656325680266812, 0.0, 0.013130071932155929, 0.003682549387837471, 0.03507637626623658, 0.13420226453988654, 0.0, 0.0, 0.0, 0.0021577043826268676, 0.0168316504035126, 0.0072384279384473185, 0.0014599778840166488, 0.0, 0.0009605394367628008, 0.0, 0.00858146193356387, 0.009482993464575951, 0.005224057393072854, 0.002329117478365783, 0.0, 0.0022680026854458037, 0.03935445220667706, 0.0, 0.0013705088601055216, 6.209735369517502e-05, 0.01292787622499407], [0.003866104014571754, 0.0, 0.0017279349238248068, 0.005186259467093656, 0.0007601998548178409, 0.0015114812760034005, 0.0012117978579630172, 0.0057935884149536675, 0.002697470797818265, 0.025011229443195438, 2.3604024654743077e-05, 0.0, 0.0, 0.0014613698383349188, 0.0, 0.0, 0.0017260476422452284, 0.0, 0.0, 0.004944181341214182, 0.0, 0.0, 0.0014211713809314179, 0.003728716139087936, 0.0, 0.0, 0.0006532972559143724, 0.0007678547003747573, 0.004883217355769541, 0.4612872144117798, 0.0, 0.0, -0.0035753909904510635, 0.005054574781407944, 0.0, 0.0, 0.0005884777048619133, 0.0006435950853195665, 0.00988231143124981, 0.01153357404893943, 0.005763826493696849, 0.0, 0.013331468193975743, 0.0, 0.0012063038989118897, 0.0, 0.0009619602829870297, 0.0003465737191856881, 0.0, 0.00533517863067106, 0.0032888740244462777, 0.0, 0.002655785255925347, 0.00014476591662054112, 0.0, 0.011135742374177582, -0.0028105164891288822, 0.004089246144924454, 0.0, 0.007637314812312634, 0.0, 0.00651920124643153, 0.004433390805333567, 4.3692536214647026e-05, 0.0019565280730388175, 0.0, 0.0012000024698212905, 0.13987959995868451, -0.0039660122718661855, 0.005863695905937761, -0.0012187927662638248, 0.005177688247080596, 0.006788739956503802, 0.0017937418185415954, 0.0, 0.003350613137833046, 0.0035808448246314154, 0.0, 0.0008320376461337258, 0.0008620535676850953, 0.0, 0.0, 0.005207187846453748, 0.01875025719371352, 0.12470548019349502, 0.001522922884878933, 0.24480858651638004, 0.0014096143045041894, 0.0, 0.0013191667052942617, 0.006217462353015419, 0.00905787033017676, -0.0001785894057095578, 0.0013294501701514277, 0.0015927133175034306, 0.01677559533427352, 0.0, 0.0015109724113069128, 0.00012688853470568383, 0.010836773199098816], [0.0036471308428365984, 0.0, 0.0021684821382639296, 0.0007997660602830255, 0.0035973044054602604, 0.002573013705550671, 0.01588307589248602, 0.0018800949804009918, 0.008463017137767155, 2.666439727623558e-05, 0.0007896100887461979, 0.0013827342454203137, 0.0, 0.00018364436249985338, 0.0, 0.0, 0.0, 0.0, 0.0, 0.006891226864520446, 0.0, 0.0, 0.0028210580939486327, 0.002494572320235648, 0.0, 0.0, 0.0012708217942969462, 0.005143066125365031, 0.0036118005261811478, -0.0006800554533399512, 0.06039352770616924, 0.0, -0.001816801793967416, 0.00401142379762739, 0.023474048245240763, 0.0, 0.00040080889287530126, 0.0007536858773382204, 0.008833678720084767, 0.0016989855579500463, 0.0027324334346478314, 0.0, 0.0028551215388978933, 0.0, 0.0013039130453391657, 0.0, 0.002421450004261317, 0.01575238165030973, 0.0, 0.00280401565169297, 0.0013336233091552972, 0.0, 0.0011185155018774897, 0.0025197531060481898, 0.0, 0.016967355654821617, 0.005866026101361769, 0.0032807283648269175, 0.0, 0.0, 0.0, 0.006289685492210871, 0.00036555099410997264, 0.0023702403745542574, 0.0, 0.0, 0.0, 0.0027565570028052497, -0.0019597811812549237, 0.0013501019934426981, 0.044026549121044506, 0.003749532922630253, 0.0, 0.00047707556718405323, 0.0, 0.003935373679037636, 0.0017636263702076381, 0.0, 0.006004010634736961, 0.002691824391965786, 0.0, 0.0, 0.004377134147849234, 0.011134536403334476, 0.10799983374804709, 0.0011005574132603212, 0.0015582241659076574, 0.0009768051638855374, 0.0, 0.004153915947816966, 0.004997420486525772, 0.0036102426788299897, 0.017078231392308154, 0.003992057839523509, 0.0034358027826545995, 0.013389386056203679, 0.0, 0.0026857457521783225, 0.0007216212750888903, 0.014473778980714625]]
Policy loss bounds: [[0.007740586833804689, 0.40938590196821695, 0.012979455293289864, 2.955667220207993, 0.5102473871028855, 0.014693424343613582, 0.6993070754875724, 4.708957784177955, 1.4118854369431544, 0.018762869025776965, 0.9068994329558818, 2.9722986408664744, 0.0, 1.0833611497148175, 0.2970437263510395, 0.23767537992920912, 2.0879886697370362, 0.43901785492638296, 0.4307546480046229, 1.744710293279252, 2.979785452150912, 6.378742403001118, 3.7223568402094402, 1.782346343981754, 0.032394618142217245, 1.6185415176302755, 0.006559959433771494, 0.3672297196354195, 0.01705490107450701, 1.2772820666661857, 1.1595838454910572, 0.450075207588375, 0.4720935467098049, 1.0184108959153522, 1.0113691899152657, 0.0, 0.047262252021231084, 2.8572843900659337, 4.864150400731171, 0.12882834881899735, 0.9767567114272163, 1.0561154824055694, 3.2171073683915328, 0.25175943094211095, 1.2004706631831905, 0.04732710096801741, 0.02012458147054501, 0.35542812880676156, 0.4976149802596387, 0.2999817741790199, 0.0200085556673744, 0.17037757380247018, 5.038598950417274, 0.0379555656393608, 0.5376358516360832, 0.9207809884590183, 1.850715093250322, 0.02447620080722496, 0.8182046542637124, 1.2543671419633227, 0.47150443724979735, 0.5852988899397892, 5.087541870750025, 0.9704731800243139, 2.633117955107387, 0.27385364122398037, 2.1103642948520323, 0.00958817703559841, 0.5301302432261783, 1.2582642970765148, 7.517070363418962, 0.02764408193754006, 0.19178604497318263, 9.325676730801437, 0.6683710066196474, 0.01032488939606698, 0.9642508902456568, 1.8671620076403685, 1.5359842227277807, 5.294372345961675, 0.3903049534033246, 3.527763364103563, 3.9899119740475277, 0.09408829216057123, 1.3581206409197795, 1.4892217841488928, 0.8684151899911856, 0.3570567476996257, 1.4502490837458448, 1.2911044214738308, 3.397831176270193, 0.7176713327350043, 4.012997790166675, 0.9130138513019551, 2.339383734228789, 1.3888519184658943, 0.47113390885865, 0.538128399395739, 7.130799086939174, 0.008112628501148902], [0.004595851024061512, 0.07375632276586792, 0.011508853614115452, 0.009412939094169575, 0.31435856209483837, 0.011853968733439668, 0.0460374609580978, 0.015451902367746576, 0.16811488470701125, 0.2754004813690995, 0.2971712360174141, 2.158285412566524, 0.6829113644406426, 1.188543308861098, 0.004323907744973521, 0.0, 2.8557901766019222, 0.2526646568507389, 0.7543552256510306, 0.04472209584067023, 1.1297207885153109, 0.020237745128737515, 1.6712964644424706, 0.16309995143227202, 0.39822972212640595, 5.287395875097968, 0.009114820513004416, 0.007966211884330127, 0.0017539138258850027, 0.01903656191594711, 2.0095887451915924, 0.33251029966396667, 0.009906638524813584, 0.017795015918590826, 0.6029342017645083, 1.9306404936773511, 0.201460105883004, 0.18167600138745751, 3.600328884514561, 0.018033055673098708, 0.1996599108892078, 0.0, 0.6126570654007991, 1.368690580070646, 0.015383830525217797, 0.0, 0.03848740514376882, 0.0051320745007077916, 0.5732572885792308, 0.41043055858390404, 0.034054977031851515, 0.0, 0.2860143793467122, 0.026629543739670154, 0.21779258698814175, 0.01909602041820688, 0.41287244736456824, 0.16845557988390708, 0.8727262518350788, 1.6509617815164634, 0.0, 0.023350025986585813, 4.882944364441082, 0.027673767990628987, 0.006651870341714626, 0.03967968404145136, 0.04570671127615867, 0.008782690310324949, 0.006646921227936711, 0.06899308550260583, 0.016648212450072933, 0.7446691090928282, 1.183407860483446, 11.694061649162856, 0.18356345215738476, 0.011928076705391998, 0.1724994337328892, 0.5648593594503463, 0.076729094532876, 0.1565983657489047, 0.16727973445854644, 0.0, 0.057251064098489984, 0.024531552185804887, 0.2924563770073908, 0.48881507270128255, 0.0, 0.006677155912645192, 0.0, 2.0269134003159395, 0.017492370686755274, 0.36490604598281773, 0.6895478999020007, 0.2939660143537129, 0.01006569013061143, 0.33665144404468156, 0.003005199843529243, 0.005597589945649366, 0.16267542715034683, 0.20908111991947265], [0.14295056285519875, 0.0, 0.004043169232258447, 0.007185452064591988, 0.007007170266522156, 0.4080228367979453, 0.06635527018656162, 0.7661473832629797, 0.024937422941853832, 0.011291561304081746, 0.42798700409476853, 2.819043126135902, 1.2327321816732304, 0.1596430145857486, 0.0, 0.0, 0.022932293849477463, 0.010825922193287527, 0.0003412397107753807, 0.005003047900453981, 0.24966487579657082, 0.02769319268151005, 0.0003703894346512502, 0.4460303983705103, 0.0, 0.33842389279983, 0.0006545674141467159, 0.009766006091080895, 0.002824910975899657, 0.018399284448051913, 2.091773869045848, 0.2928210473548847, 0.00810786942450558, 0.032765960506030076, 0.00964864506675072, 1.1078462099842616, 0.3381213931602436, 0.0009427536991256628, 0.00875659612039635, 0.4398288405571029, 0.4831214979391587, 0.0, 0.37065183845392946, 0.2854349470362988, 0.3575698224093723, 0.0, 0.028370957202892073, 0.0014161248923497938, 0.0, 0.281768076646995, 0.02068293252707672, 0.0, 0.017989747374911203, 0.025094171594721333, 0.0, 0.5839751917124568, 0.01481334295451945, 0.014375703183068007, 0.5745108574621485, 0.4201080738916439, 0.08111663957465123, 0.020878646887675233, 0.700028707356182, 0.11028399813398741, 0.10724197095738033, 0.031249515418843264, 0.027659659027509227, 0.33612184475908313, 0.4257020880707928, 0.02231669700093031, 0.3321757010345593, 0.0175624573754486, 0.0, 0.0014649392444648524, 0.0, 0.3449450602005949, 0.0856848650864258, 0.006191508233500228, 0.4660960481348672, 0.022229392050076787, 0.11331332407203948, 0.0, 0.008910449664775215, 0.029582969796781208, 1.1386435511209783, 0.011289822111602267, 0.0005023543658869637, 0.5701217002909393, 0.0, 0.7860716367172708, 0.8854195000398559, 0.3634247181263906, 0.01377599708233488, 0.027836320105356437, 0.004766000588637425, 0.016978240568486777, 0.0062815121852966066, 0.007729441966545734, 0.1831168460900451, 0.010311242521214646], [0.04160058587902302, 0.0, 0.005105303392631786, 0.011807574979664984, 0.035956236000048415, 0.008810793591648583, 0.017272569105822044, 0.008969362317317365, 0.020999670295361882, 0.002671144064677825, 0.010483988694988794, 0.0002918880818942091, 0.0007401664227137948, 0.00710009767471412, 0.0, 0.0, 0.022094186155485227, 0.010789534702162021, 0.06557123026785261, 0.00685028519490767, 0.007304344779484596, 0.02199766852940492, 0.0007849904899276946, 0.04984804528942053, 0.0, 0.0067001717051903215, 0.0077389912817613605, 0.00874792062071166, 0.006294969683395667, 0.12050942047825453, 2.7108507321432738, 0.10853576184619701, 0.005884994635285912, 0.0, 0.009863216146731415, 0.0, 0.12344224180152866, 0.0016318838348332114, 0.0122656980641039, 0.04124867066609792, 0.008629472872492458, 0.0, 0.16096994194155778, 0.27169416895256027, 0.26900547670547614, 0.10954845858890504, 0.02810508389150995, 0.006297567888687926, 0.0, 0.013792983421387229, 0.020251529543051438, 0.0, 0.014490452942083109, 0.012197621421384287, 0.036187221685619636, 0.018919709601326055, 0.007314751653662379, 0.019524066646756422, 0.005280243950089377, 0.0009729075968806089, 0.0, 0.0037863074356440213, 0.0018501760692018266, 0.027216761082179828, 0.0007280078170532801, 0.008417726350913592, 0.02595387861710756, 0.0010895177617875468, 0.001333079772969452, 0.020441905539231843, 0.016805511045412485, 0.010905302433762875, 0.0, 0.0, 0.0, 0.014125463264796764, 0.0, 0.0, 0.41683049189976806, 0.006002020781024444, 0.0, 0.0, 0.010731633396858474, 0.02709981494026396, 0.5373074204094732, 0.013651699300720894, 0.5115407951799075, 0.007853177536734413, 0.0, 0.0021950553339855974, 0.24790391507299683, 0.013826620077990093, 0.01220748028086332, 0.005270412602254806, 0.008941241869228666, 0.012426142669135153, 0.0, 0.0071426328292660875, 0.0038690642593013492, 0.007297109351377886], [9.39872981730449e-05, 0.02365416074495854, 0.6435121103216335, 0.0035891362538248294, 0.007732746475559089, 0.009868222817844033, 0.019136683542001973, 0.013776319138982729, 0.018135511379716883, 0.0026960773278827265, 0.0033342844357039337, 0.0009559377346508669, 0.0, 0.005694409510123209, 0.0, 0.0, 0.005771802818014686, 0.1109176194942917, 0.0, 0.014372799519371057, 0.0, 0.0011590856132218216, 0.0010430311994234526, 0.030767036608691765, 0.0, 0.0, 0.0008220274894408101, 0.006900059255657982, 0.0047620084809616, 0.12868386970113882, 0.04338875143126556, 0.0, 0.006326004013951332, 0.0, 0.005870300489589268, 0.010232139285899259, 0.10065947347857619, 0.0009208023284007697, 0.010869807220295097, 0.02189361609107251, 0.005594000452863448, 0.0, 0.01999537630992994, 0.0, 0.0025276226843664734, 0.0, 0.024450538454444948, 0.016567087772566963, 0.0, 0.0037871726551572506, 0.0020540892380517843, 0.0, 0.019469879984891324, 0.03207434008181761, 0.0, 0.008526189695100857, 0.014466711701868648, 0.0032670535918935257, 0.19860415383327634, 0.0, 0.00515092871386253, 0.007024006734908814, 0.5782554306511645, 0.01934197428951721, 0.04044614989398924, 0.006430864139622462, 0.18545026984005145, 0.0037953073283566547, 0.04126308872931384, 0.0045983735227567765, 0.012651466772822573, 0.003903961296564858, 0.0, 0.0015779962950571878, 0.007310582579134793, 0.012956265809862368, 0.0009746289871725343, 0.0, 0.7031645044826486, 0.001441393011180209, 0.0, 0.0, 0.015525590543063995, 0.014372619281507784, 0.15023442696243677, 0.018274590243075567, 0.0, 0.008157081940439402, 0.0, 0.002567104694848441, 0.03231112016816651, 0.009722349756085496, 0.00937898659461956, 0.0008220416157410211, 0.01358304329580493, 0.016216410965935808, 0.0, 0.00924409913078013, 0.004494185348797502, 0.006443596249887032], [0.002096338169146024, 0.0, 0.000665095436671206, 0.0024780493444961408, 0.0013714509493949387, 0.001535387699996991, 0.022199037492543993, 0.008145978904920817, 0.01317028590551955, 0.0804592052928585, 0.0033369649877730725, 0.0, 0.0, 0.00856573247382446, 0.0, 0.0, 0.0013610046764247563, 0.24194062090479826, 0.0, 0.005287616519675713, 0.0, 0.004388451208504409, 0.00038976827315825526, 0.04234122966855201, 0.0, 0.0006412478092128344, 0.0009388212710169391, 0.0066596876192527125, 0.002240470293509638, 0.008210401721368698, 0.0, 0.0, 0.007263980034595019, 0.001497515493730581, 0.0015676391988819443, 0.0, 0.002976008721889641, 0.0025719848830642526, 0.009763224411179201, 0.03744989598536368, 0.004998504012946682, 0.0, 0.024718118784148736, 0.0, 0.0007994071945549821, 0.0, 0.013871695707037078, 0.005336570287547752, 0.0, 0.010216158979753585, 0.0009720133983368054, 0.0, 0.006574786899504156, 0.021202789558532074, 0.0, 0.018407576824544702, 0.014605786369877744, 0.0022912683410465902, 0.011182220978762829, 0.0043782538443752645, 0.0, 0.007199099568308083, 0.005007362462805234, 0.02482860621449683, 0.0038379372870286635, 0.004515910207361165, 0.0, 0.07412096823086875, 0.001037680956372069, 0.0052686687511583445, 0.01249990202518756, 0.002020738689264269, 0.0, 0.0011326339450750552, 0.0, 0.007128621491292398, 0.0, 0.0, 0.6211954107787424, 0.0013030999764125951, 0.0, 0.0, 0.010410481979503193, 0.016144600328620747, 0.005442982134495103, 0.0, 0.0033216766514481432, 0.0022155765597937165, 0.0, 0.0017341184636777188, 0.00768708842631441, 0.00623079135907577, 0.011843876015930106, 0.0028164381098834436, 0.0051134634702851905, 0.01872809287733351, 0.0, 0.0010675721044164825, 0.001983028308108803, 0.005357381012417976], [0.0027641511594948794, 0.0, 0.0014473501882944586, 0.0029097939551711374, 0.00043026012345125244, 0.0010391321103776665, 0.01849509936888951, 0.009004400967379785, 0.004941039166144146, 0.0011092880196722646, 0.0050754529637463365, 0.00010306147422883184, 0.0012594057486390211, 0.001522538261160452, 0.0, 0.0, 0.0010577844575272058, 0.39322465349530866, 0.0, 0.005963674299454174, 0.0, 0.0031791173448625196, 0.0, 0.04404659620884738, 0.0, 0.10576765072379805, 0.0, 0.000514452573881024, 0.0031704639551368478, 0.009706204524241605, 0.030629580216428965, 0.0, 0.006845636276334751, 0.010964713148858836, 0.003495315987106448, 0.0, 0.0012274253660061669, 0.0007765477921235199, 0.010670895052835925, 0.009934217279737067, 0.0066037095861386464, 0.0, 0.5826427148291574, 0.0, 0.00042837730806426265, 0.0, 0.0008134235702314725, 0.010291802910531783, 0.0, 0.010335343339878211, 0.02001511455978523, 0.0, 0.00159086311214167, 0.01799852323087762, 0.0, 0.017312343913229687, 0.011871732585653149, 0.006061887109896562, 0.003251696733162721, 0.0014717749167516279, 0.0, 0.005667715529703522, 0.0012099495610057413, 0.014014051607175431, 0.0005067643019807751, 0.0005993509984020777, 0.005180530280884921, 0.000909466912261028, 0.0030070692745993647, 0.0003417990315488465, 0.013653964360667719, 0.004808263336330291, 0.0, 0.001656325680266812, 0.0, 0.013130071932155929, 0.003682549387837471, 0.03507637626623658, 0.13420226453988654, 0.0, 0.0, 0.0, 0.006738368098179174, 0.0168316504035126, 0.007279562028659682, 0.0014599778840166488, 0.0, 0.0009605394367628008, 0.0, 0.00858146193356387, 0.009482993464575951, 0.006690488487746227, 0.010460969068650006, 0.0, 0.0032401051200492007, 0.03935445220667706, 0.0, 0.0013705088601055216, 6.209735369517502e-05, 0.013362546660987766], [0.003866104014571754, 0.0, 0.0017279349238248068, 0.005186259467093656, 0.0007601998548178409, 0.0015114812760034005, 0.018622277074210186, 0.014452000548953686, 0.002697470797818265, 0.025011229443195438, 0.0028915430323209826, 0.0, 0.0, 0.0014613698383349188, 0.0, 0.0, 0.0017260476422452284, 0.0, 0.0, 0.004944181341214182, 0.0, 0.0, 0.0014211713809314179, 0.003728716139087936, 0.0, 0.0, 0.0006532972559143724, 0.0007678547003747573, 0.004883217355769541, 0.4698001060561904, 0.0, 0.0, 0.005752119993357857, 0.005054574781407944, 0.0, 0.0, 0.0005884777048619133, 0.0006435950853195665, 0.00988231143124981, 0.01153357404893943, 0.00675963765002046, 0.0, 0.013331468193975743, 0.0, 0.0012063038989118897, 0.0, 0.0009619602829870297, 0.0003465737191856881, 0.0, 0.00533517863067106, 0.0032888740244462777, 0.0, 0.002655785255925347, 0.00014476591662054112, 0.0, 0.013914720870455576, 0.006909812502473883, 0.004089246144924454, 0.0, 0.007637314812312634, 0.0, 0.00651920124643153, 0.004433390805333567, 0.03428917907082434, 0.0019565280730388175, 0.0, 0.0012000024698212905, 0.13987959995868451, 0.0004411681576878836, 0.005863695905937761, 0.004303706531426745, 0.005177688247080596, 0.006788739956503802, 0.0017937418185415954, 0.0, 0.004712640731414052, 0.0035808448246314154, 0.0, 0.0008320376461337258, 0.0008620535676850953, 0.0, 0.0, 0.005207187846453748, 0.01875025719371352, 0.12474661428370738, 0.001522922884878933, 0.24480858651638004, 0.0014096143045041894, 0.0, 0.0013191667052942617, 0.006217462353015419, 0.00905787033017676, 0.007953262184574665, 0.0013294501701514277, 0.0025648157521068276, 0.019893176662611367, 0.0, 0.0015109724113069128, 0.00012688853470568383, 0.011271443635092512], [0.0036471308428365984, 0.0, 0.0021684821382639296, 0.006713208636465165, 0.0035973044054602604, 0.002573013705550671, 0.01588307589248602, 0.01053850711440101, 0.008463017137767155, 2.666439727623558e-05, 0.0036575490964124375, 0.0013827342454203137, 0.0, 0.00018364436249985338, 0.0, 0.0, 0.0, 0.0, 0.0, 0.006891226864520446, 0.0, 0.0, 0.0028210580939486327, 0.002494572320235648, 0.0, 0.0, 0.0012708217942969462, 0.005143066125365031, 0.0036118005261811478, 0.007832836191070667, 0.06039352770616924, 0.0, 0.0075107091898415045, 0.00401142379762739, 0.023474048245240763, 0.0, 0.00040080889287530126, 0.0007536858773382204, 0.011459857268232553, 0.0016989855579500463, 0.0037282445909714427, 0.0, 0.0028551215388978933, 0.0, 0.0013039130453391657, 0.0, 0.002421450004261317, 0.01575238165030973, 0.0, 0.00280401565169297, 0.0013336233091552972, 0.0, 0.0011185155018774897, 0.0025197531060481898, 0.0, 0.016967355654821617, 0.005866026101361769, 0.0032807283648269175, 0.0, 0.0, 0.0, 0.006289685492210871, 0.00036555099410997264, 0.0023702403745542574, 0.0, 0.0, 0.0, 0.0027565570028052497, 0.002447399248299146, 0.0013501019934426981, 0.044026549121044506, 0.003749532922630253, 0.0, 0.00047707556718405323, 0.0, 0.005297401272618642, 0.0017636263702076381, 0.0, 0.006004010634736961, 0.002691824391965786, 0.0, 0.0, 0.004377134147849234, 0.011134536403334476, 0.10799983374804709, 0.0011005574132603212, 0.0015582241659076574, 0.0009768051638855374, 0.0, 0.004153915947816966, 0.004997420486525772, 0.0036102426788299897, 0.017078231392308154, 0.003992057839523509, 0.0044079052172579965, 0.016506967384541524, 0.0, 0.0026857457521783225, 0.0007216212750888903, 0.014908449416708321]]
True EVDs: [[0.0028939400585778706, 0.0, 0.01165781995417218, 0.0, 0.0, 0.008343547086897158, 0.0, 0.0, 0.0, 0.0, 0.0, 0.0030916372818747635, 0.0, 0.0, 0.0, 0.0, 0.0, 0.0, 0.0, 0.002416620773151752, 3.8947009351291193, 0.008006013656450525, 0.0, 0.0, 0.0, 0.4528789749443486, 0.0, 0.00871213612399618, 0.00035034106209275476, 0.0, 1.6667520676535752, 0.0, 0.0, 0.0011097497590345277, 0.0, 0.0, 0.0, 0.0, 0.0, 0.008222799247638201, 0.004536255187197009, 0.0, 1.6924412221287035, 0.0, 0.7784329931869823, 0.0, 0.014671915125072838, 0.015859912084609427, 0.0, 0.005707290803303237, 0.004294477093501167, 0.0, 0.0, 0.014233025702610253, 0.0, 0.002778978496277995, 0.0, 0.0017986374527110412, 0.0, 0.0, 0.0, 0.011512169661617918, 0.0, 0.0, 1.9660334114575377, 0.0, 0.0, 0.006388010549502951, 0.0044071804295540695, 0.0, 0.2275573266480776, 0.0, 0.0, 6.613789558042839, 0.0, 0.0, 0.006870459759394365, 1.4011097193588993, 0.005655817399150658, 0.0, 0.0, 0.4173395854983144, 0.004580663715552306, 0.0, 0.0005714487840305291, 0.0, 0.0, 0.0, 0.0, 0.0, 0.002671454576610753, 0.001466431094673373, 0.6942505839616243, 0.002168133450289378, 0.0, 0.0, 0.0, 0.0, 0.019896849151361848, 0.0004346704359936957], [0.0, 0.0, 0.01165781995417218, 0.00591344257618214, 0.0005285353419725541, 0.008343547086897158, 0.0, 0.008658412134000018, 0.0, 0.0, 0.0, 0.0030916372818747635, 0.0, 0.0, 0.0, 0.0, 0.0, 0.0, 0.0, 0.002416620773151752, 0.0, 0.008006013656450525, 0.0, 0.02567492866826941, 0.0, 0.0, 0.0, 0.00871213612399618, 0.0, 0.008512891644410618, 0.9642253757041722, 0.0, 0.0, 0.0011097497590345277, 0.0005319430086929117, 0.0, 0.0, 0.0, 0.0, 0.008222799247638201, 0.004536255187197009, 0.0, 0.0, 0.0, 0.001150098360587166, 0.0, 0.014671915125072838, 0.0, 0.0, 0.0, 0.0, 0.0, 0.004286067975622984, 0.014233025702610253, 0.0, 0.0, 0.009720328991602765, 0.0, 0.0, 0.0, 0.0, 0.011512169661617918, 0.0, 0.001403587229804426, 0.0019788717386192284, 0.0, 0.0, 0.006388010549502951, 0.0044071804295540695, 0.0, 0.005522499297690569, 0.005560137364302355, 0.0, 6.226555572624539, 0.0, 0.0, 0.006870459759394365, 0.0, 0.035025752058799264, 0.0024840854339651143, 0.0, 0.0, 0.004580663715552306, 0.0, 0.0005714487840305291, 0.0, 0.0, 0.012362890947018777, 0.0, 0.0, 0.0, 0.0, 0.0, 0.002168133450289378, 0.0, 0.0031175813283378464, 0.0, 0.0, 0.0, 0.0], [0.0, 0.0, 0.0, 0.00591344257618214, 0.0, 0.008343547086897158, 0.01741047921624717, 0.008658412134000018, 0.007188812415899297, 0.0, 0.0, 0.0, 0.0, 0.0, 0.0, 0.0, 0.0, 0.0, 0.0, 0.0, 0.0, 0.008006013656450525, 0.0, 0.02567492866826941, 0.0, 0.0, 0.0, 0.0, 0.0, 0.008512891644410618, 0.9642253757041722, 0.0, 0.00932751098380892, 0.0, 0.0005319430086929117, 0.0, 0.003694791466207396, 0.0, 0.0, 0.008222799247638201, 0.004536255187197009, 0.0, 0.0, 0.0, 0.0, 0.0, 0.02994167850069746, 0.0, 0.0, 0.0, 0.004294477093501167, 0.0, 0.0, 0.014233025702610253, 0.0, 0.0, 0.009720328991602765, 0.0017986374527110412, 0.0, 0.0, 0.0, 0.011512169661617918, 0.0, 0.001403587229804426, 0.0019788717386192284, 0.0, 0.002037095381453504, 0.0, 0.0044071804295540695, 0.0, 0.005522499297690569, 0.0, 0.0, 0.0, 0.0, 0.0, 0.0, 0.0, 0.0, 0.0, 0.0, 0.0, 0.004580663715552306, 0.0006336886221757826, 0.0005714487840305291, 0.0, 0.0, 0.012362890947018777, 0.0, 0.0, 0.0, 0.001466431094673373, 0.008131851590284223, 0.002168133450289378, 0.0, 0.0031175813283378464, 0.0, 0.0, 0.0, 0.0], [0.0, 0.0, 0.0, 0.0, 0.0005285353419725541, 0.008343547086897158, 0.01741047921624717, 0.0, 0.007188812415899297, 0.0, 0.0, 0.0, 0.0, 0.0, 0.0, 0.0, 0.0, 0.0, 0.0, 0.0, 0.0, 0.008006013656450525, 0.0, 0.02567492866826941, 0.0, 0.0, 0.0, 0.0, 0.0, 0.008512891644410618, 0.9642253757041722, 0.0, 0.00932751098380892, 0.0, 0.0, 0.0, 0.0, 0.0, 0.0, 0.0, 0.0009958111563236113, 0.0, 0.0, 0.0, 0.0, 0.0, 0.014671915125072838, 0.0, 0.0, 0.0, 0.004294477093501167, 0.0, 0.0, 0.014233025702610253, 0.0, 0.0, 0.0, 0.0017986374527110412, 0.0, 0.0, 0.0, 0.0, 0.0, 0.0030054876184077636, 0.0, 0.0, 0.0, 0.0, 0.0044071804295540695, 0.0, 0.005522499297690569, 0.0, 0.0, 0.0, 0.0, 0.0, 0.0, 0.0, 0.0, 0.0, 0.0, 0.0, 0.004580663715552306, 0.0006336886221757826, 4.113409021236335e-05, 0.0016379326569438207, 0.0, 0.0, 0.0, 0.0, 0.0, 0.0, 0.008131851590284223, 0.0, 0.0, 0.0031175813283378464, 0.0, 0.0, 0.0, 0.0004346704359936957], [0.0, 0.0, 0.0, 0.0, 0.0005285353419725541, 0.008343547086897158, 0.01741047921624717, 0.008658412134000018, 0.007188812415899297, 0.0, 0.0028679390076662395, 0.0, 0.0, 0.0011824140075438036, 0.0, 0.0, 0.0, 0.0, 0.0, 0.002416620773151752, 0.0, 0.0, 0.0, 0.0, 0.0, 0.0, 0.0, 0.0, 0.0, 0.008512891644410618, 0.0, 0.0, 0.0, 0.0, 0.0005319430086929117, 0.0, 0.003694791466207396, 0.0, 0.002626178548147786, 0.008222799247638201, 0.0009958111563236113, 0.0, 0.0, 0.0, 0.0, 0.0, 0.014671915125072838, 0.0, 0.0, 0.0, 0.0, 0.0, 0.0, 0.014233025702610253, 0.0, 0.0, 0.009720328991602765, 0.0, 0.0, 0.0, 0.0, 0.0, 0.0, 0.0030054876184077636, 0.0, 0.0, 0.0, 0.0, 0.0044071804295540695, 0.0, 0.005522499297690569, 0.0, 0.0, 0.0, 0.0, 0.0, 0.0, 0.0, 0.0, 0.0, 0.0, 0.0, 0.0, 0.0, 4.113409021236335e-05, 0.0, 0.0, 0.0, 0.0, 0.0, 0.0, 0.0, 0.008131851590284223, 0.0, 0.0009721024346033969, 0.0031175813283378464, 0.0, 0.0042607962150237565, 0.0, 0.0], [0.0, 0.0, 0.0, 0.0, 0.0, 0.0, 0.01741047921624717, 0.008658412134000018, 0.0, 0.0, 0.0, 0.0, 0.0, 0.0, 0.0, 0.0, 0.0, 0.0, 0.0, 0.002416620773151752, 0.0, 0.0, 0.0, 0.02567492866826941, 0.0, 0.0, 0.0, 0.0, 0.0, 0.008512891644410618, 0.0, 0.0, 0.00932751098380892, 0.0, 0.0, 0.0, 0.0, 0.0, 0.0, 0.0, 0.0009958111563236113, 0.0, 0.0, 0.0, 0.0, 0.0, 0.014671915125072838, 0.0, 0.0, 0.0, 0.0, 0.0, 0.0, 0.014233025702610253, 0.0, 0.0, 0.009720328991602765, 0.0, 0.0, 0.0, 0.0, 0.0, 0.0, 0.0030054876184077636, 0.0, 0.0, 0.0, 0.0, 0.0044071804295540695, 0.0, 0.005522499297690569, 0.0, 0.0, 0.0, 0.0, 0.0, 0.0, 0.0, 0.0, 0.0, 0.0, 0.0, 0.0, 0.0, 4.113409021236335e-05, 0.0, 0.0, 0.0, 0.0, 0.0, 0.0, 0.0, 0.008131851590284223, 0.0, 0.0009721024346033969, 0.0031175813283378464, 0.0, 0.0, 0.0, 0.0004346704359936957], [0.0, 0.0, 0.0, 0.0, 0.0, 0.0, 0.01741047921624717, 0.0, 0.0, 0.0, 0.0028679390076662395, 0.0, 0.0, 0.0, 0.0, 0.0, 0.0, 0.0, 0.0, 0.0, 0.0, 0.0, 0.0, 0.02567492866826941, 0.0, 0.0, 0.0, 0.0, 0.0, 0.008512891644410618, 0.0, 0.0, 0.00932751098380892, 0.0, 0.0, 0.0, 0.0, 0.0, 0.002626178548147786, 0.0, 0.0009958111563236113, 0.0, 0.0, 0.0, 0.0, 0.0, 0.0, 0.0, 0.0, 0.005707290803303237, 0.0, 0.0, 0.0, 0.0, 0.0, 0.0, 0.009720328991602765, 0.0, 0.0, 0.0, 0.0, 0.0, 0.0, 0.0030054876184077636, 0.0, 0.0, 0.0, 0.0, 0.0044071804295540695, 0.0, 0.005522499297690569, 0.0, 0.0, 0.0, 0.0, 0.0, 0.0, 0.0, 0.0, 0.0, 0.0, 0.0, 0.004580663715552306, 0.0, 4.113409021236335e-05, 0.0, 0.0, 0.0, 0.0, 0.0, 0.0, 0.001466431094673373, 0.008131851590284223, 0.0, 0.0009721024346033969, 0.0, 0.0, 0.0, 0.0, 0.0004346704359936957], [0.0, 0.0, 0.0, 0.0, 0.0, 0.0, 0.01741047921624717, 0.008658412134000018, 0.0, 0.0, 0.0028679390076662395, 0.0, 0.0, 0.0, 0.0, 0.0, 0.0, 0.0, 0.0, 0.0, 0.0, 0.0, 0.0, 0.0, 0.0, 0.0, 0.0, 0.0, 0.0, 0.008512891644410618, 0.0, 0.0, 0.00932751098380892, 0.0, 0.0, 0.0, 0.0, 0.0, 0.0, 0.0, 0.0009958111563236113, 0.0, 0.0, 0.0, 0.0, 0.0, 0.0, 0.0, 0.0, 0.0, 0.0, 0.0, 0.0, 0.0, 0.0, 0.002778978496277995, 0.009720328991602765, 0.0, 0.0, 0.0, 0.0, 0.0, 0.0, 0.034245486534609695, 0.0, 0.0, 0.0, 0.0, 0.0044071804295540695, 0.0, 0.005522499297690569, 0.0, 0.0, 0.0, 0.0, 0.0013620275935810064, 0.0, 0.0, 0.0, 0.0, 0.0, 0.0, 0.0, 0.0, 4.113409021236335e-05, 0.0, 0.0, 0.0, 0.0, 0.0, 0.0, 0.0, 0.008131851590284223, 0.0, 0.0009721024346033969, 0.0031175813283378464, 0.0, 0.0, 0.0, 0.0004346704359936957], [0.0, 0.0, 0.0, 0.00591344257618214, 0.0, 0.0, 0.0, 0.008658412134000018, 0.0, 0.0, 0.0028679390076662395, 0.0, 0.0, 0.0, 0.0, 0.0, 0.0, 0.0, 0.0, 0.0, 0.0, 0.0, 0.0, 0.0, 0.0, 0.0, 0.0, 0.0, 0.0, 0.008512891644410618, 0.0, 0.0, 0.00932751098380892, 0.0, 0.0, 0.0, 0.0, 0.0, 0.002626178548147786, 0.0, 0.0009958111563236113, 0.0, 0.0, 0.0, 0.0, 0.0, 0.0, 0.0, 0.0, 0.0, 0.0, 0.0, 0.0, 0.0, 0.0, 0.0, 0.0, 0.0, 0.0, 0.0, 0.0, 0.0, 0.0, 0.0, 0.0, 0.0, 0.0, 0.0, 0.0044071804295540695, 0.0, 0.0, 0.0, 0.0, 0.0, 0.0, 0.0013620275935810064, 0.0, 0.0, 0.0, 0.0, 0.0, 0.0, 0.0, 0.0, 0.0, 0.0, 0.0, 0.0, 0.0, 0.0, 0.0, 0.0, 0.0, 0.0, 0.0009721024346033969, 0.0031175813283378464, 0.0, 0.0, 0.0, 0.0004346704359936957]]
**************************************************
