Done with 1 demonstrations
Done with 2 demonstrations
Done with 3 demonstrations
Done with 4 demonstrations
Done with 5 demonstrations
Done with 6 demonstrations
Done with 7 demonstrations
Done with 8 demonstrations
Done with 9 demonstrations
Random Norm: True, Alpha: 0.9
Accuracies: [0.95, 0.98, 0.96, 0.95, 0.94, 0.98, 0.98, 0.95, 0.95]
Bound errors: [[0.05039870466517089, 2.882953700664075, 0.7724923895119243, -0.5886984676964927, 0.3120315548749253, 1.0452001721762063, 1.1863492138740022, 0.03923313296805381, 1.7698175132256926, 0.7941609289528976, 2.6420628162667508, 5.150328151538006, 2.4105531336634747, 1.2806566231374727, 2.833375040888937, 0.7443814117809368, 0.5383486410876265, 0.0, 0.049012835498988716, 2.799576080967853, 0.10529082876016199, 3.3509193511655893, 0.01604422269156391, 0.2546236351128228, 0.013603207559264311, 2.9117087702732403, 0.0, 4.469482575746378, 2.322249805532132, -0.8445685077905609, 1.0151638080834917, 0.5277271414125607, 0.0, 2.921875739487907, 1.5593681867468527, 1.3037009051567872, 0.5168884327436377, 0.20237566493567394, 4.326473017926949, 0.3768702275851101, 1.9865349065475875, 2.443703099651941, 0.5676407105696701, 2.7057115218921166, 2.306393707315255, 1.3680215684279335, 0.8360485315015007, 0.8022496040748733, 0.38126288832108013, 0.013193510944954655, 0.9306071309679067, 0.4134469372748628, 0.5660465556045614, 1.557846691015737, 1.3969592201878578, 1.5031956441741579, 3.4469555480143694, 0.5636021245208989, 5.505388471368634, -0.3870186972763705, 0.34508818461649293, 2.9869810254008735, 0.32974478634786664, 1.4131856442730246, 1.2244982657560295, 0.3612563482607314, 1.067315975719289, 0.4194917583492606, -0.4240222304984709, 0.9932485765772752, 2.00117430490925, 0.028138961774189945, 0.0893737552946453, 2.85234867494123, 5.017364966665526, 1.117372313626716, 0.5027577450310153, 1.477515914848074, 0.3742361652639763, 2.9328059410333065, -0.5962351328486175, 2.2350674608673855, 3.6152344210090375, 7.4989329439559285, 2.476584457734719, 2.837556960730974, 1.2566242681056545, 3.3774941244980625, 0.5570671087085068, 0.38619514551806794, 1.4482131021532758, 7.392771136738917, 0.37077853184669046, 2.697855826675783, 1.252954421674125, 1.0144311434926594, 0.4786486535968022, 0.7387844198172792, 0.004983469749225776, 1.7243058926587378], [0.7785528678381883, 0.05834224084269345, 0.11356544852389426, 0.2615722113965051, 1.4983394770993312, 0.3714759082066635, 1.6468836987947382, 0.033541453171605326, 0.2600924795706302, 0.7560411913663251, 2.319323212448608, 0.4897210374748289, 2.470169935327341, -0.0006750599309381742, 2.6899911938614007, 0.0, 0.4940643266381019, 0.0, 0.8936966922430123, 2.150716578118345, 0.40589160665235025, 0.03626407677315678, 0.033229213289871384, 4.0409263265404265, 0.007451520121456097, 0.020496441974910604, 1.3558413889114844, 0.29221510807668977, 4.5424817444725605, 0.1749481846520224, 2.996126706040401, 0.7991376426993005, 0.3256604312860528, 0.6504392894042518, 0.8713590741852558, 0.0073989987151030084, 1.1629259242143506, 0.3890331342403805, 0.09977242822129805, 0.47513031370143916, 0.5839866156228826, 0.8990829447593228, 2.395876363543875, 1.1572876184815937, 0.6941628382775998, 0.6420407096809913, 0.20638462841380903, 2.78458325428188, 0.06644860131441403, 0.011945288385943064, 0.014047691916899674, 0.5331601843672805, 0.6691123852103684, 0.34075899735441395, 0.03723312566136442, 0.00417783537823882, 0.7489056653439249, 0.4873158776018159, 0.17634765870482436, 0.007100981952306028, 0.6306143100391518, 0.3159520678860457, 0.3624961423478691, 0.0, 0.011255871744370564, 3.223746642264737, 4.219794083881035, 0.0037939406567362014, 1.6266474443848937, 0.720234594837382, 0.008709693546878292, 0.16157673549484705, 0.16827406925317534, 1.9868213947411355, 1.2594742910933985, 0.027334344200734856, 0.0, 0.7767946015285387, 0.04199698983817199, 0.02304418450899859, 0.5186945026249762, 0.02149401995082895, 0.18761190252782517, 2.6489675845797733, 0.029799447002657378, 0.31136789807068027, 1.693391165063859, 1.706130023852633, 0.13706660565704273, 0.614403372084566, 0.008973715684982918, 0.006145686030819837, 0.44682902450806067, 3.042530580832198, 0.03055713408782479, 2.528338130171214, 0.11915355470853366, 0.4602864871417168, -0.003681590545648549, 0.3029519156572542], [0.02109929973789393, 0.5693045352138442, 0.20931283750532, 0.47623258345732855, 0.0, 0.06725853008023025, 1.750990511645382, 0.004334017265576228, 0.21140556037138458, 0.20560220150753322, 2.712288943966158, 0.05098826287847739, 0.0792126963993671, 0.001045368513530369, 0.6342228574733513, 1.7534596922626304, 0.10870893646004172, 0.0, 0.0, 0.09367271736593451, 0.0003828673843143847, 0.3687040322567077, 0.01761893201935258, 4.906274702094633, 0.3656654661859533, 0.021653383456161534, 0.1543166252080768, 0.0038374465584775667, 0.044289934659041165, 0.0, 0.025398766577527983, 0.0, 0.2662145082923584, 0.01856751920147246, -3.568680591329434, 0.006045879495357094, 0.0074989499385282946, 0.0, 0.043616316889847274, 0.6025738915037719, 0.0024011813592316827, 0.007521373632897975, 0.005550495580312003, 0.001866953235862645, 0.37233480419959997, 0.0, 0.0007714221443068763, 0.9463746634140635, 0.19480947363553594, 0.010355658984654261, 0.10310299974704987, 0.2631438721341841, 0.6212047839736257, 0.018939770090265675, 0.14208468122425139, 0.014076045333774781, 0.001224662815114257, 0.009840527964704388, 5.400089327533856, 0.06721980326966985, 0.05560278117156744, 0.02713425552233776, 0.001154574872889223, 2.3077951835352692, 0.3807765406029793, 2.7365937539687613, 4.518851674768982, 0.0077227164908851035, 0.9151904831304384, 0.12752796074289172, 0.015536798634563373, 0.011575684698251949, 0.014095799552387923, -0.4536417707433923, 0.046240103953254806, 0.041874970088424994, 0.4568483450076478, 0.0, 0.017022034996499253, 0.02325561479750341, 0.008628166986103337, 0.012161392739166147, 0.07776652632641053, 0.0, 0.020573381478321356, -0.0005381605552705667, 0.19470015617197153, 0.015481508352902539, 0.0, 1.235764718839901, 0.14929576654610172, 0.012258762793453391, 0.21167963972854656, 0.0017087155137576328, 0.47249519031493037, 0.7623833040132795, 0.0012040509160225882, 0.010889500353913681, -0.002976927300598925, 0.00876624648930727], [0.007843975004159908, 0.030533449050611457, 0.0, 0.4358459539036819, 0.0, 0.029130560141513873, 1.3368037656874596, -0.0026614384896910138, 0.0, 0.0, 0.6915709626284016, 0.005567904047097939, 0.0020550548193258864, -0.0016722187113796597, 0.013975548122928812, 0.0, 0.031784757154886115, 0.0, 0.06700138589211976, 0.0022796132224921924, 0.15278488237936294, 0.018228770344832765, 0.15784355397621488, 0.006967931456666705, 0.06224302331069273, 0.013456037597921178, 0.0, 0.0032607775344546935, 0.0034716069975018167, 0.0, 0.09050044287931669, 0.0, 0.0, 0.024704004946042704, 0.2118597283876519, 0.011669710829493746, 0.3240796323381057, 0.25526487270960074, 0.012167850282721212, 0.0, 0.00041358942716386197, 0.004056593418462366, 0.006659968389776151, 0.00038522445894771537, 0.000744271376658705, 0.0, 0.0023603158909795293, 0.06248782978216856, 0.009310831901764129, 0.0008150515513280964, 0.010400635503925308, 0.0017136116617102117, 0.0028813589491128947, 0.020403263930974844, -0.00019399559568570451, 0.003973084744451462, 0.11891587437092235, 0.008470678221410092, 5.260171597934281, 0.010011923205045166, 0.6280861107288652, 0.2303575819233382, -0.00051420771328932, 0.0, 0.0008913403613483738, 0.0016658997576965498, 3.5575532887668047, 0.00045891195338957697, 0.0, 0.018603504373875278, 0.006886450559787871, 0.16560496489946597, -0.0030698223432194856, 1.0804257076286485, 0.04447255219668783, 0.14947494924267224, 0.0, 0.1298347352406144, 0.018967063225376824, 0.0026186156733542542, 0.005571643939733647, 0.00737919109593185, 0.09249113598348829, 0.0, 0.012706744397108265, 7.981112878223916e-05, 0.007244642537411994, 1.2602593543499419, 0.0034830565741704703, 0.00921154758879141, 0.04284546247231863, 0.020919791717982125, 0.03010168777269465, 0.013233249336265985, 0.0024025193316037276, 0.4221001804446921, 0.0010276487816431236, 0.006427062439658935, 0.006861084484540002, 0.0018691330153561168], [0.018159435418494796, 0.01101276430421957, 0.0036762695082093655, 0.8666445951212864, 0.0, -0.0016702507562431981, 0.33301674436656653, -0.00039674196719903, 0.37451944144554045, 0.0, 0.0, 0.004883784393204439, 0.007267728033300737, -0.0005860792288670119, 0.01032284253908438, 0.0, 0.10894087800254774, 0.0, 0.5295113523454789, 0.0, 0.0, 0.008239535553123574, 0.0188882878391134, 0.0026179013643420823, 0.005115841557229875, 0.013681204302310186, 0.0, 0.0025119366867261458, 0.0007731130052789324, 0.0, 0.024875394596216294, 0.0, 0.0, 0.010335798185775319, 0.17318698803891447, 0.0021601425011472265, 0.20861638685607464, 0.0, 0.29413862835612026, 0.27388674123763146, 0.0007977650489789665, 0.004710983115613842, 0.006179056511158674, 0.0005506360298508508, 0.0036313185453406716, 0.12707485997462503, 0.004094658527266413, 0.04934398155577296, 0.011539671505312977, 0.012242667712047805, 0.31917205549518674, 0.0014756310104017333, 0.004794642070810392, 0.01718296451735215, -0.003068453314707658, 0.01228446453826944, 0.0011179351703944007, 0.001978396208881374, 0.0, 0.006776072420733571, 0.011481254082825281, 0.1744525770554142, 0.0003295771979205525, 0.011051519807036992, 0.3567627454874021, 0.0, 0.0, 0.001135387119060621, 0.0, 0.0, 0.02052452006919481, 0.024639598847387402, 0.015250852334443177, 0.5693321101506396, 0.08673068529487747, 0.028869588229088337, 0.0, 0.0, 0.0169225971074789, 0.003699118859634372, 0.8959079164099815, 0.005357837916331978, 0.0012078570002473016, 0.060050032259319194, 0.02841967753669653, -0.0002695637568222416, 0.005673618696497352, 0.11667781351888105, 0.0, 0.0055124036626950715, 0.002783023990477523, 0.010101485872457391, 0.02149503635822023, 0.0032480747162205023, -0.0008920223495242161, 0.28240948462205884, 5.020500929254788e-05, 0.10484901314819443, 0.18125691571085678, 0.003503338969153261], [0.01961486793120794, 0.009036206866814105, 0.0007819226996587886, 0.7586857473004045, 0.0, 0.012888754326466991, 0.0, 0.006075788321975518, 0.0, 0.0, 0.0, 0.004890349162348501, 0.0, -0.0019359566227055945, 0.013352246117838884, 0.0, 0.0, 0.0, 0.08426430951995843, 0.2815138313920807, 0.001994417499997237, 0.011598971503287024, 0.01057453928063617, 0.0061243204007324446, 0.005605967505746236, 0.01709162208005193, 0.0, 0.004641993522663352, 0.004050352136525285, 0.0, 0.026809997501100327, 0.08865643646082169, 0.0, 0.012293427501110836, 0.0, 0.0007700668455016533, 0.10003771162414987, 0.0, 0.039270344167350625, 0.0, 0.0015248358271038136, 0.000776951238177709, 0.006468989149030875, 4.601393615785367e-05, 0.004814226965024919, 0.0, 0.006799124557256396, 0.025199406448098063, 0.0006493153548214643, 0.0023075993774746384, 0.007004252259605425, 0.0013273326549376233, 0.0017148069553561821, 0.003970652503955941, -0.0016749391114844227, 0.017153398559741722, 0.001723668948290831, 0.001024096312433167, 0.0, 0.00620065668987531, 0.0057858737016679455, 0.0006192346661740115, 0.0010799340936717226, 0.0, 0.0, 0.0, 0.0, 0.018591376917723747, 0.0, 0.20150418971935127, 0.012701821758777638, 0.003452968016981058, 0.008644735246607704, 0.011559152342003307, 0.038920627941395225, 0.0679304125461546, 0.0, 0.0, 0.025702073206892346, 0.0019423650110144376, 0.0057091832748131805, 0.008278521906885246, 0.0, 0.0, 0.017712531281351713, 0.007368711430476081, 0.00488605488371021, 0.0009792960438564883, 0.0, 0.007357165598480093, 0.006620370400953928, 0.006984312855736483, 0.15449904689238517, 0.00013954849109421027, 0.0011473811691070836, 0.003371050413718127, 0.0015379622687844803, 0.011772661029226205, 0.0021511683196600608, 0.24292850446783493], [0.010485916677143098, 0.013520007101216083, 0.0006507404585645107, 0.20026601258664498, 0.0, 1.594838637356823, 0.0, 0.004894482696971552, 0.0, 0.0, 0.0, 0.0009155278918631356, 0.0, 0.0009287542010453544, 0.005711412386134399, 0.0, 0.0, 0.0, 0.0, 0.0, 0.0, 0.019533881210146965, 0.01354712088672639, 0.001916476585363278, 0.0046664584979950715, 0.012282004368553052, 0.0, 0.004568640984421312, 0.0033289196708374902, 0.0, 0.011267787359026473, 0.0, 0.0, 0.00821105541652007, 0.08001404192882883, 0.0005483575666961434, 0.2285141531283112, 0.0, 0.012284319857434733, 0.0, 0.0005479281835558342, 0.0, 0.0047654408333700875, 0.0030246076200090644, 0.004489091372918164, 0.0, 0.0006979021914938944, 0.060443711836206296, 0.011444288069898506, 0.0020337210939164415, 0.009023819865877714, 0.0008397918824153514, 0.0, 0.006050269146992075, -0.0014946439421520338, 0.001230119340921703, 0.28933707556694527, 0.002972319087537719, 0.0, 0.024347960000575333, 0.003525851591871348, 0.00010005555401572993, -0.0037709067840957173, 0.03350877956956907, 0.0, 0.0, 0.22661645626812388, 0.00021763745430839629, 0.0, 0.0, 0.008280950680788492, 0.00611479751192758, 0.007705514541063937, 0.006181296632533286, 0.030703841275448614, 0.006933945058486487, 0.0, 0.0, 0.014920638767927354, 0.004487172492779558, 0.005956989942525595, 0.01272626343308469, 0.001230087737184602, 0.0012858250551408545, 0.00040968173173718073, 0.003097339471589566, 0.00035400572093438994, 0.001316496720259273, 0.0, 0.003172654981717537, 0.0025547922006145148, 0.004794256994356087, 0.015770152054060318, 0.001591695959830897, 0.008357761726429071, 0.0018855383038274948, 0.000814217339797034, 0.0014674847441458949, 0.0006686233100574484, 0.0012519212764826205], [0.011554173292725399, 0.012081829889408488, 0.001609036664847367, 0.0, 0.0, 0.009769077955700967, 0.0, -0.0037145572169430168, 0.0, 0.0, 0.0, -0.00010669439107869206, 0.0, -0.00536986260303407, 0.4077002312778761, 0.0, 0.0, 0.0, 0.0, 0.0, 0.0, 0.01813663449038209, 0.006110108863516696, 0.001970950266966148, 0.0012308927769272985, 0.02069279721085661, 0.0, 0.0008590920979285189, 0.003717798104955085, 0.0, 0.004292381233330732, 0.0, 0.0, 0.021460656632856213, 0.02742485264265323, 0.0006974185684313775, 0.0033089547027740822, 0.0, 0.014601333550289789, 0.0, 0.0, 0.0, 0.005668086445012807, 0.0011415445356492888, 0.0006551848527583011, 0.0, 0.00725860924668334, 0.05448835997034895, 0.003885879327199173, 0.001976963652042285, 0.0025228903255563023, 0.0005743293987868068, 0.0, 0.013014263578908223, -0.002445311374855411, 0.0, 0.0009830691228857355, 0.0016351893662803316, 0.0, 0.022099455860607048, 0.002240247047933361, 4.122939681433136e-05, 0.0009958126548073338, 0.0, 0.0, 0.0, 0.19808249991594543, 0.0009354785129265627, 0.0, 7.824407595499086e-05, 0.009975676285626811, 0.003966105678763345, 0.007881562839484619, 0.017846721770789317, 0.023599928428192116, 0.004057999237296726, 0.0, 0.0, 0.014437844241966384, 0.001947229305260583, 0.012074978996100902, 0.00464905704405379, 0.002209460482789449, 0.0023123411262433707, 0.0014964961499216109, 0.0020241923734757718, 0.0, 0.10554986535247546, 0.0, 0.0011259025541432946, 0.0023712223230703067, 0.09358341112030859, 0.02521485944722959, 0.0017134761696183966, -0.00456735758519473, 0.0005083922670050077, 0.005641691146804342, 0.00832064280557502, 0.0, 0.0013609569419482615], [0.00436382731269388, 0.00815828660962695, 0.003713476537989087, 0.0, 0.0, 0.00929814239405349, 0.0, 0.0064634569817134824, 0.0, 0.0, 0.0, 0.004727826652506707, 0.000946313158752775, 0.0006260049363640101, 0.009321104279468804, 0.0, 0.0, 0.0, 0.0, 0.0010122805058073207, 0.0, 0.008951213407678198, 0.0008397919080678448, 0.0035491093406071635, 0.0010416014615190693, 0.00855602844921043, 0.0, 0.0022122978417105786, -0.000802719176686055, 0.0, 0.012373215591907438, 0.0, 0.0, 0.0051803690078203015, 0.0, 0.0, 0.040224939203497026, 0.0, 0.008100633007224821, 0.0, 0.005731530790324594, 0.0007447672504167716, 0.004899015814837621, 0.0022449143877151427, 0.006204298798918993, 0.0, 0.0015973722773042832, 0.04292025104015875, 0.0029736070537409467, 0.0014298306005874708, 0.0005900065188825407, 0.002461628983529957, 0.0, 0.0042719989212521205, -0.003315893858204126, 0.004109774956871494, 0.003997180445580285, -0.0007229901292458204, 0.0, 0.023207284607132894, 0.005325574197378491, 0.0009280014164488616, -0.0006922589022178849, 0.0, 0.0, 0.0, 0.0, 0.04925454656052372, 0.0, 0.0, 0.008303987479068416, 0.0, 0.01403282866405613, 0.0004114621045666061, 0.018369643770132393, 0.0014205915151120243, 0.0, 0.0, 0.013149552922229238, 0.000106257564592298, 0.011882703834168442, 0.010273085454180682, 0.037124709764923304, 0.0, 0.0006928473547137834, 0.0013037057142327876, 0.0033901703587822653, 0.08452452349088374, 0.0, 5.789352784608099e-05, 0.005215485045843025, 0.008771320734226349, 0.020037883846095356, 0.0, -0.00018112476105560694, 0.0010420073883350587, 0.0015254627355339838, 0.0013386587967363075, 0.0, 0.0007634623813608905]]
Policy loss bounds: [[0.06654067172604786, 2.8831862538736197, 0.7724923895119243, 0.0415471297540933, 1.7532316263936323, 1.2136172306345252, 1.1863492138740022, 0.04904995757300177, 1.7698175132256926, 0.7941609289528976, 2.8137586128062835, 5.152892449628449, 2.4375618441314417, 1.2961787843129635, 5.148848749418705, 0.7443814117809368, 0.5383486410876265, 0.0, 1.5529574745209858, 2.8657434089501734, 0.11841382365187395, 3.3509193511655893, 0.01604422269156391, 1.8151743902008013, 0.020326937608152223, 2.9117087702732403, 0.0, 4.499511717860779, 2.7240781820483537, 1.1377476058499318, 1.0151638080834917, 0.5277271414125607, 0.0, 2.921875739487907, 1.5593681867468527, 1.3037009051567872, 1.4723678407203094, 0.20237566493567394, 4.326473017926949, 0.3768702275851101, 1.9865349065475875, 2.4463327288332852, 1.8171158506690641, 4.94550930552856, 2.3084493811623408, 1.3680215684279335, 1.4582985399339714, 1.4622466286920612, 0.38126288832108013, 0.014538047153345064, 2.8085449971107885, 0.54800409399626, 0.5660465556045614, 3.0889657187867092, 1.3969592201878578, 1.5077231441786654, 3.4469555480143694, 0.5664542589061815, 5.626816437303707, 1.0680244408714943, 0.34508818461649293, 2.9869810254008735, 3.1827447357467915, 1.4131856442730246, 1.8257368919743704, 1.0995219923149204, 1.067315975719289, 0.4194917583492606, 2.2769205861015185, 0.9932485765772752, 2.003735452395463, 0.028138961774189945, 0.10334101921389933, 4.093348038628626, 5.01850742023749, 1.117372313626716, 0.5027577450310153, 1.477515914848074, 1.3554247382774969, 2.9328059410333065, 1.0674290478470487, 2.2350674608673855, 3.8026808986114577, 7.5235821569866825, 2.4771846981195687, 2.8432727337538215, 1.7212402299581444, 3.3984143732832526, 0.5570671087085068, 0.38619514551806794, 1.451263697887503, 7.392771136738917, 0.37077853184669046, 2.697855826675783, 1.2650972940825733, 1.0144311434926594, 1.0009519438720502, 0.7556916483426223, 0.027552966943466026, 2.536448230986881], [0.7785528678381883, 0.05857479405223826, 0.12189574602436835, 0.2615722113965051, 1.4983394770993312, 0.396994858292982, 1.6468836987947382, 0.04335827777655329, 0.2600924795706302, 0.7560411913663251, 2.4910190089881405, 0.4897210374748289, 2.4971786457953082, 0.014847101244552534, 5.005464902391169, 0.0, 0.4940643266381019, 0.0, 0.8936966922430123, 2.150716578118345, 0.40589160665235025, 0.03626407677315678, 0.033229213289871384, 4.043549605444637, 0.014175250170344008, 0.020496441974910604, 1.3558413889114844, 0.30383812998247, 4.548726259417784, 0.1749481846520224, 2.996126706040401, 0.7991376426993005, 0.3256604312860528, 0.656608770032542, 0.8713590741852558, 0.0073989987151030084, 1.1629259242143506, 0.3890331342403805, 0.09977242822129805, 0.47513031370143916, 0.5839866156228826, 0.9017125739406671, 2.395876363543875, 1.1572876184815937, 0.6941628382775998, 0.6420407096809913, 0.20638462841380903, 2.78458325428188, 0.06644860131441403, 0.013289824594333473, 0.015015364251844368, 0.5331601843672805, 0.6691123852103684, 0.34075899735441395, 0.047252758909650874, 0.008705335382746256, 0.7489056653439249, 0.4873158776018159, 0.17634765870482436, 0.007100981952306028, 0.6306143100391518, 0.3159520678860457, 0.3705430150829516, 0.0, 0.01981920027499219, 3.223746642264737, 5.658294570091745, 0.005645740927970378, 1.6266474443848937, 0.720234594837382, 0.011270841033091134, 0.16157673549484705, 0.18224133317242938, 3.227820758428532, 1.260616744665362, 0.030423886917348115, 0.0, 0.7767946015285387, 0.045587780200020134, 0.02304418450899859, 0.5199285933343935, 0.02149401995082895, 0.18761190252782517, 2.6489675845797733, 0.0303996873875071, 0.31708367109352764, 1.693391165063859, 1.7270502726378232, 0.13706660565704273, 0.614403372084566, 0.012024311419210293, 0.006145686030819837, 0.44682902450806067, 3.042530580832198, 2.468988567785546, 3.233310023056532, 0.11915355470853366, 0.4602864871417168, 0.0188879066485917, 0.30654456689873355], [0.023047757899330095, 0.5693045352138442, 0.20931283750532, 0.47623258345732855, 0.0, 0.09277748016654876, 1.750990511645382, 0.004334017265576228, 0.21140556037138458, 0.20560220150753322, 2.883984740505691, 0.05355256096892012, 0.0792126963993671, 0.016567529689021077, 0.6342228574733513, 1.7534596922626304, 0.10870893646004172, 0.0, 0.0, 0.09367271736593451, 0.0003828673843143847, 0.3687040322567077, 0.01761893201935258, 4.906274702094633, 0.3656654661859533, 0.021653383456161534, 0.1543166252080768, 0.0050826946447208934, 0.05053444960426523, 0.0, 0.025398766577527983, 0.0, 0.2662145082923584, 0.01856751920147246, 8.026186124939661, 0.00847547733349617, 0.0074989499385282946, 0.0, 0.04515284320878839, 0.6025738915037719, 0.0024011813592316827, 0.010151002814242204, 0.005550495580312003, 0.001866953235862645, 0.3743904780466856, 0.0, 0.0007714221443068763, 0.9463746634140635, 0.19480947363553594, 0.01170019519304467, 0.10310299974704987, 0.2631438721341841, 0.6212047839736257, 0.022242798324273696, 0.6355653130087631, 0.014076045333774781, 0.001224662815114257, 0.012692662349987007, 5.521517293468929, 0.06721980326966985, 0.05560278117156744, 0.03333212861223262, 0.009201447607971737, 2.3077951835352692, 0.812006824647283, 2.7365937539687613, 6.2850178346345125, 0.0077227164908851035, 0.9151904831304384, 0.12752796074289172, 0.015536798634563373, 0.011575684698251949, 0.02806306347164196, 0.7873575929440041, 0.04738255752521835, 0.04496451280503825, 0.4568483450076478, 0.0, 0.017022034996499253, 0.02325561479750341, 0.009862257695520571, 0.012161392739166147, 0.07776652632641053, 0.0, 0.02117362186317108, 0.00517761246757683, 0.19470015617197153, 0.03640175713809281, 0.0, 1.235764718839901, 0.15234636228032908, 0.012258762793453391, 0.21167963972854656, 0.0017087155137576328, 2.9109266240126517, 1.4673551968985978, 0.0012040509160225882, 0.010889500353913681, 0.019592569893641325, 0.012358897730786628], [0.009792433165596073, 0.030766002260156265, 0.0, 0.4358459539036819, 0.0, 0.05464951022783238, 1.3368037656874596, 0.007155386115256951, 0.0, 0.0, 0.6915709626284016, 0.005567904047097939, 0.0020550548193258864, 0.013849942464111049, 0.01433152765788616, 0.0, 0.031784757154886115, 0.0, 0.06700138589211976, 0.0022796132224921924, 0.15278488237936294, 0.018228770344832765, 0.15784355397621488, 0.006967931456666705, 0.06224302331069273, 0.013456037597921178, 0.0, 0.00450602562069802, 0.009716121942725881, 0.0, 0.09050044287931669, 0.0, 0.0, 0.024704004946042704, 0.2118597283876519, 0.011669710829493746, 0.3240796323381057, 0.25526487270960074, 0.012167850282721212, 0.0, 0.00041358942716386197, 0.006686222599806596, 0.006659968389776151, 0.00038522445894771537, 0.0027999452237443567, 0.0, 0.0023603158909795293, 0.06248782978216856, 0.009310831901764129, 0.0008150515513280964, 0.011368307838870002, 0.0017136116617102117, 0.0028813589491128947, 0.023706292164982865, 0.009825637652600751, 0.008500584748958899, 0.11891587437092235, 0.011322812606692712, 5.381599563869354, 0.010011923205045166, 0.6280861107288652, 0.2303575819233382, 0.007532665021793194, 0.0, 0.0008913403613483738, 0.0016658997576965498, 4.996053774977515, 0.00045891195338957697, 0.0, 0.018603504373875278, 0.009447598046000713, 0.16560496489946597, 0.010897441576034552, 1.0804257076286485, 0.04698782437618817, 1.081854276524795, 0.0, 0.1298347352406144, 0.018967063225376824, 0.0026186156733542542, 0.0068057346491508805, 0.00737919109593185, 0.09249113598348829, 0.0, 0.013306984781957989, 0.005795584151629636, 0.007244642537411994, 1.2602593543499419, 0.0034830565741704703, 0.00921154758879141, 0.045896058206546006, 0.020919791717982125, 0.03010168777269465, 0.013233249336265985, 0.014545391740052017, 0.4221001804446921, 0.0010276487816431236, 0.006427062439658935, 0.006861084484540002, 0.0054617842568354755], [0.020107893579930963, 0.01124531751376438, 0.0036762695082093655, 0.8666445951212864, 0.0, 0.023848699330075312, 0.33301674436656653, 0.009420082637748935, 0.37451944144554045, 0.0, 0.0, 0.004883784393204439, 0.007267728033300737, 0.014936081946623696, 0.010678822074041729, 0.0, 0.10894087800254774, 0.0, 0.5295113523454789, 0.0, 0.0, 0.008239535553123574, 0.019239405737229504, 0.005241180268552882, 0.005115841557229875, 0.017630327217008412, 0.0, 0.0037571847729694725, 0.007017627950502997, 0.0, 0.024875394596216294, 0.0, 0.0, 0.01650527881406559, 0.17318698803891447, 0.004589740339286302, 0.20861638685607464, 0.0, 0.2956751546750614, 0.27388674123763146, 0.0007977650489789665, 0.007340612296958072, 0.006179056511158674, 0.0005506360298508508, 0.0036313185453406716, 0.12707485997462503, 0.004094658527266413, 0.04934398155577296, 0.011539671505312977, 0.012242667712047805, 0.32013972783013145, 0.0014756310104017333, 0.004794642070810392, 0.02048599275136017, 0.006951179933578798, 0.01228446453826944, 0.0011179351703944007, 0.004830530594163994, 0.0, 0.006776072420733571, 0.011481254082825281, 0.1744525770554142, 0.008376449933003067, 0.011051519807036992, 0.3567627454874021, 0.0, 0.0, 0.001135387119060621, 0.0, 0.0, 0.02052452006919481, 0.028969472289704895, 0.015250852334443177, 0.5693321101506396, 0.08924595747437782, 0.031959130945701596, 0.0, 0.0, 0.0169225971074789, 0.003699118859634372, 0.8971420071193987, 0.005357837916331978, 0.0012078570002473016, 0.060050032259319194, 0.029019917921546252, 0.0054462092660251555, 0.005673618696497352, 0.11667781351888105, 0.0, 0.0055124036626950715, 0.005833619724704897, 0.010101485872457391, 0.02149503635822023, 0.0032480747162205023, 0.011250850058924074, 0.28240948462205884, 5.020500929254788e-05, 0.11028989730809387, 0.18125691571085678, 0.00709599021063262], [0.02156332609264411, 0.009036206866814105, 0.0007819226996587886, 0.7586857473004045, 0.0, 0.0384077044127855, 0.0, 0.006075788321975518, 0.0, 0.0, 0.0, 0.004890349162348501, 0.0, 0.013586204552785114, 0.013708225652796233, 0.0, 0.0, 0.0, 0.08426430951995843, 0.2815138313920807, 0.001994417499997237, 0.011598971503287024, 0.01057453928063617, 0.0061243204007324446, 0.005605967505746236, 0.01709162208005193, 0.0, 0.005887241608906679, 0.01029486708174935, 0.0, 0.026809997501100327, 0.08865643646082169, 0.0, 0.018462908129401108, 0.0, 0.0007700668455016533, 0.10003771162414987, 0.0, 0.04080687048629174, 0.0, 0.0015248358271038136, 0.000776951238177709, 0.006468989149030875, 4.601393615785367e-05, 0.004814226965024919, 0.0, 0.006799124557256396, 0.025199406448098063, 0.0006493153548214643, 0.0023075993774746384, 0.00797192459455012, 0.0013273326549376233, 0.0017148069553561821, 0.003970652503955941, 0.008344694136802033, 0.017153398559741722, 0.001723668948290831, 0.0038762306977157867, 0.0, 0.00620065668987531, 0.0057858737016679455, 0.006817107756068875, 0.009126806828754237, 0.0, 0.0, 0.0, 0.0, 0.018591376917723747, 0.0, 0.20150418971935127, 0.01526296924499048, 0.003452968016981058, 0.02261199916586174, 0.011559152342003307, 0.038920627941395225, 0.07101995526276786, 0.0, 0.0, 0.025702073206892346, 0.0019423650110144376, 0.006943273984230414, 0.008278521906885246, 0.0, 0.0, 0.018312771666201436, 0.007368711430476081, 0.00488605488371021, 0.0009792960438564883, 0.0, 0.007357165598480093, 0.009670966135181302, 0.006984312855736483, 0.15449904689238517, 0.00013954849109421027, 0.013290253577555373, 0.003371050413718127, 0.0015379622687844803, 0.011772661029226205, 0.0021511683196600608, 0.24292850446783493], [0.012434374838579263, 0.013520007101216083, 0.0006507404585645107, 0.20026601258664498, 0.0, 1.6203575874431415, 0.0, 0.004894482696971552, 0.0, 0.0, 0.0, 0.0034798259823058644, 0.0, 0.016450915376536063, 0.005711412386134399, 0.0, 0.0, 0.0, 0.0, 0.0, 0.0, 0.019533881210146965, 0.01354712088672639, 0.004539755489574078, 0.0046664584979950715, 0.012282004368553052, 0.0, 0.004568640984421312, 0.009573434616061555, 0.0, 0.011267787359026473, 0.0, 0.0, 0.014380536044810342, 0.08001404192882883, 0.0005483575666961434, 0.2285141531283112, 0.0, 0.012284319857434733, 0.0, 0.0005479281835558342, 0.0, 0.0047654408333700875, 0.0030246076200090644, 0.004489091372918164, 0.0, 0.0006979021914938944, 0.060443711836206296, 0.011444288069898506, 0.0020337210939164415, 0.009991492200822408, 0.0008397918824153514, 0.0, 0.006050269146992075, 0.008524989306134422, 0.001230119340921703, 0.28933707556694527, 0.005824453472820339, 0.0, 0.03292801579023963, 0.003525851591871348, 0.006297928643910594, 0.004275965950986797, 0.03350877956956907, 0.0, 0.0, 0.22661645626812388, 0.00021763745430839629, 0.0, 0.0, 0.010842098167001334, 0.00611479751192758, 0.021672778460317975, 0.006181296632533286, 0.033219113454948955, 0.010023487775099744, 0.0, 0.0, 0.014920638767927354, 0.004487172492779558, 0.007191080651942829, 0.014540777053177027, 0.001230087737184602, 0.0012858250551408545, 0.00040968173173718073, 0.003097339471589566, 0.00035400572093438994, 0.001316496720259273, 0.0, 0.003172654981717537, 0.005605387934841889, 0.004794256994356087, 0.015770152054060318, 0.001591695959830897, 0.008357761726429071, 0.0018855383038274948, 0.000814217339797034, 0.006908368904045325, 0.0006686233100574484, 0.0012519212764826205], [0.013502631454161564, 0.012081829889408488, 0.001609036664847367, 0.0, 0.0, 0.03528802804201948, 0.0, 0.006102267388004948, 0.0, 0.0, 0.0, 0.0024576036993640368, 0.0, 0.010152298572456638, 0.4077002312778761, 0.0, 0.0, 0.0, 0.0, 0.0, 0.0, 0.01813663449038209, 0.006110108863516696, 0.004594229171176948, 0.0012308927769272985, 0.02069279721085661, 0.0, 0.0008590920979285189, 0.00996231305017915, 0.0, 0.004292381233330732, 0.0, 0.0, 0.021460656632856213, 0.02742485264265323, 0.0006974185684313775, 0.0033089547027740822, 0.0, 0.014601333550289789, 0.0, 0.0, 0.0, 0.005668086445012807, 0.0011415445356492888, 0.0027108586998439528, 0.0, 0.00725860924668334, 0.05448835997034895, 0.003885879327199173, 0.001976963652042285, 0.0025228903255563023, 0.0005743293987868068, 0.0, 0.013014263578908223, 0.007574321873431045, 0.0, 0.0009830691228857355, 0.004487323751562951, 0.0, 0.030679511650271343, 0.002240247047933361, 4.122939681433136e-05, 0.009042685389889848, 0.0, 0.0, 0.0, 0.19808249991594543, 0.0009354785129265627, 0.0, 7.824407595499086e-05, 0.012536823771839654, 0.003966105678763345, 0.021848826758738657, 0.017846721770789317, 0.026115200607692457, 0.004057999237296726, 0.0, 0.0, 0.014437844241966384, 0.001947229305260583, 0.012074978996100902, 0.00464905704405379, 0.002209460482789449, 0.0023123411262433707, 0.0014964961499216109, 0.0020241923734757718, 0.0, 0.10554986535247546, 0.0, 0.0011259025541432946, 0.005421818057297681, 0.09358341112030859, 0.02521485944722959, 0.0017134761696183966, 0.00757551482325356, 0.0005083922670050077, 0.005641691146804342, 0.00832064280557502, 0.0, 0.0013609569419482615], [0.006312285474130045, 0.00815828660962695, 0.003713476537989087, 0.0, 0.0, 0.034817092480372, 0.0, 0.0064634569817134824, 0.0, 0.0, 0.0, 0.004727826652506707, 0.000946313158752775, 0.01614816611185472, 0.009321104279468804, 0.0, 0.0, 0.0, 0.0, 0.0010122805058073207, 0.0, 0.008951213407678198, 0.0008397919080678448, 0.0035491093406071635, 0.0010416014615190693, 0.00855602844921043, 0.0, 0.0022122978417105786, 0.005441795768538009, 0.0, 0.012373215591907438, 0.0, 0.0, 0.011349849636110574, 0.0, 0.0, 0.040224939203497026, 0.0, 0.008100633007224821, 0.0, 0.005731530790324594, 0.0007447672504167716, 0.004899015814837621, 0.0022449143877151427, 0.006204298798918993, 0.0, 0.0015973722773042832, 0.04292025104015875, 0.0029736070537409467, 0.0014298306005874708, 0.0005900065188825407, 0.002461628983529957, 0.0, 0.007575027155260142, 0.0067037393900823295, 0.004109774956871494, 0.003997180445580285, 0.010098934531647612, 0.0, 0.03178734039679719, 0.005325574197378491, 0.0009280014164488616, 0.007354613832864629, 0.0, 0.0, 0.0, 0.0, 0.04925454656052372, 0.0, 0.0, 0.010865134965281258, 0.0, 0.01403282866405613, 0.0004114621045666061, 0.018369643770132393, 0.0014205915151120243, 0.0, 0.0, 0.013149552922229238, 0.000106257564592298, 0.011882703834168442, 0.01208759907427302, 0.037124709764923304, 0.0, 0.0006928473547137834, 0.0013037057142327876, 0.0033901703587822653, 0.08452452349088374, 0.0, 5.789352784608099e-05, 0.0082660807800704, 0.008771320734226349, 0.020037883846095356, 0.0, 0.011961747647392683, 0.0010420073883350587, 0.0015254627355339838, 0.006779542956635738, 0.0, 0.0007634623813608905]]
True EVDs: [[0.01614196706087696, 0.0002325532095448094, 0.0, 0.630245597450586, 1.441200071518707, 0.16841705845831895, 0.0, 0.009816824604947965, 0.0, 0.0, 0.17169579653953285, 0.002564298090442729, 0.027008710467967104, 0.015522161175490708, 2.315473708529768, 0.0, 0.0, 0.0, 1.503944639021997, 0.0661673279823206, 0.013122994891711946, 0.0, 0.0, 1.5605507550879785, 0.006723730048887912, 0.0, 0.0, 0.0300291421144007, 0.40182837651622166, 1.9823161136404928, 0.0, 0.0, 0.0, 0.0, 0.0, 0.0, 0.9554794079766716, 0.0, 0.0, 0.0, 0.0, 0.0026296291813442296, 1.249475140099394, 2.2397977836364436, 0.0020556738470856517, 0.0, 0.6222500084324707, 0.6599970246171879, 0.0, 0.0013445362083904092, 1.8779378661428818, 0.1345571567213972, 0.0, 1.5311190277709723, 0.0, 0.004527500004507436, 0.0, 0.0028521343852826197, 0.1214279659350731, 1.4550431381478648, 0.0, 0.0, 2.852999949398925, 0.0, 0.6012386262183409, 0.738265644054189, 0.0, 0.0, 2.7009428165999894, 0.0, 0.0025611474862128423, 0.0, 0.013967263919254038, 1.2409993636873964, 0.0011424535719635378, 0.0, 0.0, 0.0, 0.9811885730135206, 0.0, 1.6636641806956662, 0.0, 0.1874464776024203, 0.024649213030753733, 0.0006002403848497243, 0.005715773022847397, 0.4646159618524898, 0.02092024878519027, 0.0, 0.0, 0.003050595734227374, 0.0, 0.0, 0.0, 0.01214287240844829, 0.0, 0.522303290275248, 0.01690722852534305, 0.02256949719424025, 0.8121423383281433], [0.0, 0.0002325532095448094, 0.008330297500474091, 0.0, 0.0, 0.02551895008631851, 0.0, 0.009816824604947965, 0.0, 0.0, 0.17169579653953285, 0.0, 0.027008710467967104, 0.015522161175490708, 2.315473708529768, 0.0, 0.0, 0.0, 0.0, 0.0, 0.0, 0.0, 0.0, 0.0026232789042107997, 0.006723730048887912, 0.0, 0.0, 0.011623021905780248, 0.0062445149452240644, 0.0, 0.0, 0.0, 0.0, 0.006169480628290273, 0.0, 0.0, 0.0, 0.0, 0.0, 0.0, 0.0, 0.0026296291813442296, 0.0, 0.0, 0.0, 0.0, 0.0, 0.0, 0.0, 0.0013445362083904092, 0.000967672334944695, 0.0, 0.0, 0.0, 0.010019633248286456, 0.004527500004507436, 0.0, 0.0, 0.0, 0.0, 0.0, 0.0, 0.008046872735082514, 0.0, 0.008563328530621627, 0.0, 1.43850048621071, 0.0018518002712341768, 0.0, 0.0, 0.0025611474862128423, 0.0, 0.013967263919254038, 1.2409993636873964, 0.0011424535719635378, 0.0030895427166132577, 0.0, 0.0, 0.0035907903618481456, 0.0, 0.0012340907094172335, 0.0, 0.0, 0.0, 0.0006002403848497243, 0.005715773022847397, 0.0, 0.02092024878519027, 0.0, 0.0, 0.003050595734227374, 0.0, 0.0, 0.0, 2.4384314336977213, 0.7049718928853184, 0.0, 0.0, 0.02256949719424025, 0.0035926512414793587], [0.0019484581614361651, 0.0, 0.0, 0.0, 0.0, 0.02551895008631851, 0.0, 0.0, 0.0, 0.0, 0.17169579653953285, 0.002564298090442729, 0.0, 0.015522161175490708, 0.0, 0.0, 0.0, 0.0, 0.0, 0.0, 0.0, 0.0, 0.0, 0.0, 0.0, 0.0, 0.0, 0.001245248086243327, 0.0062445149452240644, 0.0, 0.0, 0.0, 0.0, 0.0, 11.594866716269095, 0.002429597838139076, 0.0, 0.0, 0.0015365263189411145, 0.0, 0.0, 0.0026296291813442296, 0.0, 0.0, 0.0020556738470856517, 0.0, 0.0, 0.0, 0.0, 0.0013445362083904092, 0.0, 0.0, 0.0, 0.003303028234008022, 0.4934806317845117, 0.0, 0.0, 0.0028521343852826197, 0.1214279659350731, 0.0, 0.0, 0.006197873089894864, 0.008046872735082514, 0.0, 0.43123028404430375, 0.0, 1.7661661598655303, 0.0, 0.0, 0.0, 0.0, 0.0, 0.013967263919254038, 1.2409993636873964, 0.0011424535719635378, 0.0030895427166132577, 0.0, 0.0, 0.0, 0.0, 0.0012340907094172335, 0.0, 0.0, 0.0, 0.0006002403848497243, 0.005715773022847397, 0.0, 0.02092024878519027, 0.0, 0.0, 0.003050595734227374, 0.0, 0.0, 0.0, 2.4384314336977213, 0.7049718928853184, 0.0, 0.0, 0.02256949719424025, 0.0035926512414793587], [0.0019484581614361651, 0.0002325532095448094, 0.0, 0.0, 0.0, 0.02551895008631851, 0.0, 0.009816824604947965, 0.0, 0.0, 0.0, 0.0, 0.0, 0.015522161175490708, 0.0003559795349573486, 0.0, 0.0, 0.0, 0.0, 0.0, 0.0, 0.0, 0.0, 0.0, 0.0, 0.0, 0.0, 0.001245248086243327, 0.0062445149452240644, 0.0, 0.0, 0.0, 0.0, 0.0, 0.0, 0.0, 0.0, 0.0, 0.0, 0.0, 0.0, 0.0026296291813442296, 0.0, 0.0, 0.0020556738470856517, 0.0, 0.0, 0.0, 0.0, 0.0, 0.000967672334944695, 0.0, 0.0, 0.003303028234008022, 0.010019633248286456, 0.004527500004507436, 0.0, 0.0028521343852826197, 0.1214279659350731, 0.0, 0.0, 0.0, 0.008046872735082514, 0.0, 0.0, 0.0, 1.43850048621071, 0.0, 0.0, 0.0, 0.0025611474862128423, 0.0, 0.013967263919254038, 0.0, 0.0025152721795003406, 0.9323793272821227, 0.0, 0.0, 0.0, 0.0, 0.0012340907094172335, 0.0, 0.0, 0.0, 0.0006002403848497243, 0.005715773022847397, 0.0, 0.0, 0.0, 0.0, 0.003050595734227374, 0.0, 0.0, 0.0, 0.01214287240844829, 0.0, 0.0, 0.0, 0.0, 0.0035926512414793587], [0.0019484581614361651, 0.0002325532095448094, 0.0, 0.0, 0.0, 0.02551895008631851, 0.0, 0.009816824604947965, 0.0, 0.0, 0.0, 0.0, 0.0, 0.015522161175490708, 0.0003559795349573486, 0.0, 0.0, 0.0, 0.0, 0.0, 0.0, 0.0, 0.0003511178981161038, 0.0026232789042107997, 0.0, 0.003949122914698225, 0.0, 0.001245248086243327, 0.0062445149452240644, 0.0, 0.0, 0.0, 0.0, 0.006169480628290273, 0.0, 0.002429597838139076, 0.0, 0.0, 0.0015365263189411145, 0.0, 0.0, 0.0026296291813442296, 0.0, 0.0, 0.0, 0.0, 0.0, 0.0, 0.0, 0.0, 0.000967672334944695, 0.0, 0.0, 0.003303028234008022, 0.010019633248286456, 0.0, 0.0, 0.0028521343852826197, 0.0, 0.0, 0.0, 0.0, 0.008046872735082514, 0.0, 0.0, 0.0, 0.0, 0.0, 0.0, 0.0, 0.0, 0.004329873442317495, 0.0, 0.0, 0.0025152721795003406, 0.0030895427166132577, 0.0, 0.0, 0.0, 0.0, 0.0012340907094172335, 0.0, 0.0, 0.0, 0.0006002403848497243, 0.005715773022847397, 0.0, 0.0, 0.0, 0.0, 0.003050595734227374, 0.0, 0.0, 0.0, 0.01214287240844829, 0.0, 0.0, 0.0054408841598994305, 0.0, 0.0035926512414793587], [0.0019484581614361651, 0.0, 0.0, 0.0, 0.0, 0.02551895008631851, 0.0, 0.0, 0.0, 0.0, 0.0, 0.0, 0.0, 0.015522161175490708, 0.0003559795349573486, 0.0, 0.0, 0.0, 0.0, 0.0, 0.0, 0.0, 0.0, 0.0, 0.0, 0.0, 0.0, 0.001245248086243327, 0.0062445149452240644, 0.0, 0.0, 0.0, 0.0, 0.006169480628290273, 0.0, 0.0, 0.0, 0.0, 0.0015365263189411145, 0.0, 0.0, 0.0, 0.0, 0.0, 0.0, 0.0, 0.0, 0.0, 0.0, 0.0, 0.000967672334944695, 0.0, 0.0, 0.0, 0.010019633248286456, 0.0, 0.0, 0.0028521343852826197, 0.0, 0.0, 0.0, 0.006197873089894864, 0.008046872735082514, 0.0, 0.0, 0.0, 0.0, 0.0, 0.0, 0.0, 0.0025611474862128423, 0.0, 0.013967263919254038, 0.0, 0.0, 0.0030895427166132577, 0.0, 0.0, 0.0, 0.0, 0.0012340907094172335, 0.0, 0.0, 0.0, 0.0006002403848497243, 0.0, 0.0, 0.0, 0.0, 0.0, 0.003050595734227374, 0.0, 0.0, 0.0, 0.01214287240844829, 0.0, 0.0, 0.0, 0.0, 0.0], [0.0019484581614361651, 0.0, 0.0, 0.0, 0.0, 0.02551895008631851, 0.0, 0.0, 0.0, 0.0, 0.0, 0.002564298090442729, 0.0, 0.015522161175490708, 0.0, 0.0, 0.0, 0.0, 0.0, 0.0, 0.0, 0.0, 0.0, 0.0026232789042107997, 0.0, 0.0, 0.0, 0.0, 0.0062445149452240644, 0.0, 0.0, 0.0, 0.0, 0.006169480628290273, 0.0, 0.0, 0.0, 0.0, 0.0, 0.0, 0.0, 0.0, 0.0, 0.0, 0.0, 0.0, 0.0, 0.0, 0.0, 0.0, 0.000967672334944695, 0.0, 0.0, 0.0, 0.010019633248286456, 0.0, 0.0, 0.0028521343852826197, 0.0, 0.008580055789664295, 0.0, 0.006197873089894864, 0.008046872735082514, 0.0, 0.0, 0.0, 0.0, 0.0, 0.0, 0.0, 0.0025611474862128423, 0.0, 0.013967263919254038, 0.0, 0.0025152721795003406, 0.0030895427166132577, 0.0, 0.0, 0.0, 0.0, 0.0012340907094172335, 0.0018145136200923373, 0.0, 0.0, 0.0, 0.0, 0.0, 0.0, 0.0, 0.0, 0.003050595734227374, 0.0, 0.0, 0.0, 0.0, 0.0, 0.0, 0.0054408841598994305, 0.0, 0.0], [0.0019484581614361651, 0.0, 0.0, 0.0, 0.0, 0.02551895008631851, 0.0, 0.009816824604947965, 0.0, 0.0, 0.0, 0.002564298090442729, 0.0, 0.015522161175490708, 0.0, 0.0, 0.0, 0.0, 0.0, 0.0, 0.0, 0.0, 0.0, 0.0026232789042107997, 0.0, 0.0, 0.0, 0.0, 0.0062445149452240644, 0.0, 0.0, 0.0, 0.0, 0.0, 0.0, 0.0, 0.0, 0.0, 0.0, 0.0, 0.0, 0.0, 0.0, 0.0, 0.0020556738470856517, 0.0, 0.0, 0.0, 0.0, 0.0, 0.0, 0.0, 0.0, 0.0, 0.010019633248286456, 0.0, 0.0, 0.0028521343852826197, 0.0, 0.008580055789664295, 0.0, 0.0, 0.008046872735082514, 0.0, 0.0, 0.0, 0.0, 0.0, 0.0, 0.0, 0.0025611474862128423, 0.0, 0.013967263919254038, 0.0, 0.0025152721795003406, 0.0, 0.0, 0.0, 0.0, 0.0, 0.0, 0.0, 0.0, 0.0, 0.0, 0.0, 0.0, 0.0, 0.0, 0.0, 0.003050595734227374, 0.0, 0.0, 0.0, 0.01214287240844829, 0.0, 0.0, 0.0, 0.0, 0.0], [0.0019484581614361651, 0.0, 0.0, 0.0, 0.0, 0.02551895008631851, 0.0, 0.0, 0.0, 0.0, 0.0, 0.0, 0.0, 0.015522161175490708, 0.0, 0.0, 0.0, 0.0, 0.0, 0.0, 0.0, 0.0, 0.0, 0.0, 0.0, 0.0, 0.0, 0.0, 0.0062445149452240644, 0.0, 0.0, 0.0, 0.0, 0.006169480628290273, 0.0, 0.0, 0.0, 0.0, 0.0, 0.0, 0.0, 0.0, 0.0, 0.0, 0.0, 0.0, 0.0, 0.0, 0.0, 0.0, 0.0, 0.0, 0.0, 0.003303028234008022, 0.010019633248286456, 0.0, 0.0, 0.010821924660893432, 0.0, 0.008580055789664295, 0.0, 0.0, 0.008046872735082514, 0.0, 0.0, 0.0, 0.0, 0.0, 0.0, 0.0, 0.0025611474862128423, 0.0, 0.0, 0.0, 0.0, 0.0, 0.0, 0.0, 0.0, 0.0, 0.0, 0.0018145136200923373, 0.0, 0.0, 0.0, 0.0, 0.0, 0.0, 0.0, 0.0, 0.003050595734227374, 0.0, 0.0, 0.0, 0.01214287240844829, 0.0, 0.0, 0.0054408841598994305, 0.0, 0.0]]
**************************************************
