Done with 1 demonstrations
Done with 2 demonstrations
Done with 3 demonstrations
Done with 4 demonstrations
Done with 5 demonstrations
Done with 6 demonstrations
Done with 7 demonstrations
Done with 8 demonstrations
Done with 9 demonstrations
Random Norm: True, Alpha: 0.95
Accuracies: [1.0, 1.0, 1.0, 1.0, 1.0, 1.0, 1.0, 1.0, 1.0]
Bound errors: [[0.0, 0.0, 0.0, 0.0, 0.0, 0.0, 0.0, 0.0, 0.0, 0.0, 0.0, 0.0, 0.0, 0.0, 0.0, 0.0, 0.0, 0.0, 0.0, 0.0, 0.0, 0.0, 0.0, 0.0, 0.0, 0.0, 0.0, 0.0, 0.0, 0.0, 0.0, 0.0, 0.0, 0.0, 0.0, 0.0, 0.0, 0.0, 0.0, 0.0, 0.0, 0.0, 0.0, 0.0, 0.0, 0.0, 0.0, 0.0, 0.0, 0.0, 0.0, 0.0, 0.0, 0.0, 0.0, 0.0, 0.0, 0.0, 0.0, 0.0, 0.0, 0.0, 0.0, 0.0, 0.0, 0.0, 0.0, 0.0, 0.0, 0.0, 0.0, 0.0, 0.0, 0.0, 0.0, 0.0, 0.0, 0.0, 0.0, 0.0, 0.0, 0.0, 0.0, 0.0, 0.0, 0.0, 0.0, 0.0, 0.0, 0.0, 0.0, 0.0, 0.0, 0.0, 0.0, 0.0, 0.0, 0.0, 0.0, 0.0], [0.0, 0.0, 0.0, 0.0, 0.0, 0.0, 0.0, 0.0, 0.0, 0.0, 0.0, 0.0, 0.0, 0.0, 0.0, 0.0, 0.0, 0.0, 0.0, 0.0, 0.0, 0.0, 0.0, 0.0, 0.0, 0.0, 0.0, 0.0, 0.0, 0.0, 0.0, 0.0, 0.0, 0.0, 0.0, 0.0, 0.0, 0.0, 0.0, 0.0, 0.0, 0.0, 0.0, 0.0, 0.0, 0.0, 0.0, 0.0, 0.0, 0.0, 0.0, 0.0, 0.0, 0.0, 0.0, 0.0, 0.0, 0.0, 0.0, 0.0, 0.0, 0.0, 0.0, 0.0, 0.0, 0.0, 0.0, 0.0, 0.0, 0.0, 0.0, 0.0, 0.0, 0.0, 0.0, 0.0, 0.0, 0.0, 0.0, 0.0, 0.0, 0.0, 0.0, 0.0, 0.0, 0.0, 0.0, 0.0, 0.0, 0.0, 0.0, 0.0, 0.0, 0.0, 0.0, 0.0, 0.0, 0.0, 0.0, 0.0], [0.0, 0.0, 0.0, 0.0, 0.0, 0.0, 0.0, 0.0, 0.0, 0.0, 0.0, 0.0, 0.0, 0.0, 0.0, 0.0, 0.0, 0.0, 0.0, 0.0, 0.0, 0.0, 0.0, 0.0, 0.0, 0.0, 0.0, 0.0, 0.0, 0.0, 0.0, 0.0, 0.0, 0.0, 0.0, 0.0, 0.0, 0.0, 0.0, 0.0, 0.0, 0.0, 0.0, 0.0, 0.0, 0.0, 0.0, 0.0, 0.0, 0.0, 0.0, 0.0, 0.0, 0.0, 0.0, 0.0, 0.0, 0.0, 0.0, 0.0, 0.0, 0.0, 0.0, 0.0, 0.0, 0.0, 0.0, 0.0, 0.0, 0.0, 0.0, 0.0, 0.0, 0.0, 0.0, 0.0, 0.0, 0.0, 0.0, 0.0, 0.0, 0.0, 0.0, 0.0, 0.0, 0.0, 0.0, 0.0, 0.0, 0.0, 0.0, 0.0, 0.0, 0.0, 0.0, 0.0, 0.0, 0.0, 0.0, 0.0], [0.0, 0.0, 0.0, 0.0, 0.0, 0.0, 0.0, 0.0, 0.0, 0.0, 0.0, 0.0, 0.0, 0.0, 0.0, 0.0, 0.0, 0.0, 0.0, 0.0, 0.0, 0.0, 0.0, 0.0, 0.0, 0.0, 0.0, 0.0, 0.0, 0.0, 0.0, 0.0, 0.0, 0.0, 0.0, 0.0, 0.0, 0.0, 0.0, 0.0, 0.0, 0.0, 0.0, 0.0, 0.0, 0.0, 0.0, 0.0, 0.0, 0.0, 0.0, 0.0, 0.0, 0.0, 0.0, 0.0, 0.0, 0.0, 0.0, 0.0, 0.0, 0.0, 0.0, 0.0, 0.0, 0.0, 0.0, 0.0, 0.0, 0.0, 0.0, 0.0, 0.0, 0.0, 0.0, 0.0, 0.0, 0.0, 0.0, 0.0, 0.0, 0.0, 0.0, 0.0, 0.0, 0.0, 0.0, 0.0, 0.0, 0.0, 0.0, 0.0, 0.0, 0.0, 0.0, 0.0, 0.0, 0.0, 0.0, 0.0], [0.0, 0.0, 0.0, 0.0, 0.0, 0.0, 0.0, 0.0, 0.0, 0.0, 0.0, 0.0, 0.0, 0.0, 0.0, 0.0, 0.0, 0.0, 0.0, 0.0, 0.0, 0.0, 0.0, 0.0, 0.0, 0.0, 0.0, 0.0, 0.0, 0.0, 0.0, 0.0, 0.0, 0.0, 0.0, 0.0, 0.0, 0.0, 0.0, 0.0, 0.0, 0.0, 0.0, 0.0, 0.0, 0.0, 0.0, 0.0, 0.0, 0.0, 0.0, 0.0, 0.0, 0.0, 0.0, 0.0, 0.0, 0.0, 0.0, 0.0, 0.0, 0.0, 0.0, 0.0, 0.0, 0.0, 0.0, 0.0, 0.0, 0.0, 0.0, 0.0, 0.0, 0.0, 0.0, 0.0, 0.0, 0.0, 0.0, 0.0, 0.0, 0.0, 0.0, 0.0, 0.0, 0.0, 0.0, 0.0, 0.0, 0.0, 0.0, 0.0, 0.0, 0.0, 0.0, 0.0, 0.0, 0.0, 0.0, 0.0], [0.0, 0.0, 0.0, 0.0, 0.0, 0.0, 0.0, 0.0, 0.0, 0.0, 0.0, 0.0, 0.0, 0.0, 0.0, 0.0, 0.0, 0.0, 0.0, 0.0, 0.0, 0.0, 0.0, 0.0, 0.0, 0.0, 0.0, 0.0, 0.0, 0.0, 0.0, 0.0, 0.0, 0.0, 0.0, 0.0, 0.0, 0.0, 0.0, 0.0, 0.0, 0.0, 0.0, 0.0, 0.0, 0.0, 0.0, 0.0, 0.0, 0.0, 0.0, 0.0, 0.0, 0.0, 0.0, 0.0, 0.0, 0.0, 0.0, 0.0, 0.0, 0.0, 0.0, 0.0, 0.0, 0.0, 0.0, 0.0, 0.0, 0.0, 0.0, 0.0, 0.0, 0.0, 0.0, 0.0, 0.0, 0.0, 0.0, 0.0, 0.0, 0.0, 0.0, 0.0, 0.0, 0.0, 0.0, 0.0, 0.0, 0.0, 0.0, 0.0, 0.0, 0.0, 0.0, 0.0, 0.0, 0.0, 0.0, 0.0], [0.0, 0.0, 0.0, 0.0, 0.0, 0.0, 0.0, 0.0, 0.0, 0.0, 0.0, 0.0, 0.0, 0.0, 0.0, 0.0, 0.0, 0.0, 0.0, 0.0, 0.0, 0.0, 0.0, 0.0, 0.0, 0.0, 0.0, 0.0, 0.0, 0.0, 0.0, 0.0, 0.0, 0.0, 0.0, 0.0, 0.0, 0.0, 0.0, 0.0, 0.0, 0.0, 0.0, 0.0, 0.0, 0.0, 0.0, 0.0, 0.0, 0.0, 0.0, 0.0, 0.0, 0.0, 0.0, 0.0, 0.0, 0.0, 0.0, 0.0, 0.0, 0.0, 0.0, 0.0, 0.0, 0.0, 0.0, 0.0, 0.0, 0.0, 0.0, 0.0, 0.0, 0.0, 0.0, 0.0, 0.0, 0.0, 0.0, 0.0, 0.0, 0.0, 0.0, 0.0, 0.0, 0.0, 0.0, 0.0, 0.0, 0.0, 0.0, 0.0, 0.0, 0.0, 0.0, 0.0, 0.0, 0.0, 0.0, 0.0], [0.0, 0.0, 0.0, 0.0, 0.0, 0.0, 0.0, 0.0, 0.0, 0.0, 0.0, 0.0, 0.0, 0.0, 0.0, 0.0, 0.0, 0.0, 0.0, 0.0, 0.0, 0.0, 0.0, 0.0, 0.0, 0.0, 0.0, 0.0, 0.0, 0.0, 0.0, 0.0, 0.0, 0.0, 0.0, 0.0, 0.0, 0.0, 0.0, 0.0, 0.0, 0.0, 0.0, 0.0, 0.0, 0.0, 0.0, 0.0, 0.0, 0.0, 0.0, 0.0, 0.0, 0.0, 0.0, 0.0, 0.0, 0.0, 0.0, 0.0, 0.0, 0.0, 0.0, 0.0, 0.0, 0.0, 0.0, 0.0, 0.0, 0.0, 0.0, 0.0, 0.0, 0.0, 0.0, 0.0, 0.0, 0.0, 0.0, 0.0, 0.0, 0.0, 0.0, 0.0, 0.0, 0.0, 0.0, 0.0, 0.0, 0.0, 0.0, 0.0, 0.0, 0.0, 0.0, 0.0, 0.0, 0.0, 0.0, 0.0], [0.0, 0.0, 0.0, 0.0, 0.0, 0.0, 0.0, 0.0, 0.0, 0.0, 0.0, 0.0, 0.0, 0.0, 0.0, 0.0, 0.0, 0.0, 0.0, 0.0, 0.0, 0.0, 0.0, 0.0, 0.0, 0.0, 0.0, 0.0, 0.0, 0.0, 0.0, 0.0, 0.0, 0.0, 0.0, 0.0, 0.0, 0.0, 0.0, 0.0, 0.0, 0.0, 0.0, 0.0, 0.0, 0.0, 0.0, 0.0, 0.0, 0.0, 0.0, 0.0, 0.0, 0.0, 0.0, 0.0, 0.0, 0.0, 0.0, 0.0, 0.0, 0.0, 0.0, 0.0, 0.0, 0.0, 0.0, 0.0, 0.0, 0.0, 0.0, 0.0, 0.0, 0.0, 0.0, 0.0, 0.0, 0.0, 0.0, 0.0, 0.0, 0.0, 0.0, 0.0, 0.0, 0.0, 0.0, 0.0, 0.0, 0.0, 0.0, 0.0, 0.0, 0.0, 0.0, 0.0, 0.0, 0.0, 0.0, 0.0]]
Policy losses: [[17.84248449501151, 14.188601868311528, 11.98004335268653, 10.347283782688873, 6.505745110105215, 10.42806347018887, 13.907164368311529, 6.623307610105215, 17.61142668251151, 6.623307610105215, 2.81306745897867, 17.289495432511515, 6.492682610105215, 6.433307610105215, 17.887609495011514, 14.081133118311527, -0.023749999999999993, 5.259505125730215, 13.796014368311532, 6.452724719480215, 9.58018847018887, 13.872133118311528, 17.676828245011514, 2.84869245897867, -3.1538799589786697, -0.19771874999999994, 10.34493847018887, 2.7893174589786702, 2.84869245897867, -0.10568750000000005, -1.143851953125, 17.701171995011514, 10.428063470188869, -0.011875000000000024, -6.623307610105215, 18.030109495011512, -2.93062995897867, 13.993198743311527, 2.76556745897867, 14.223633118311529, 6.599557610105216, -3.1034705839786696, 17.887609495011514, 17.780734495011515, 17.95885949501151, 14.07103936831153, -2.9674424589786694, 17.88998449501151, -10.428063470188869, 17.888796995011514, 13.837695618311528, 14.17613311831153, -6.764620110105215, 14.211758118311527, 17.78073449501151, 9.849008782688871, 17.92323449501151, 14.13100811831153, 14.247383118311529, 10.083688470188871, 6.552057610105216, 17.60011574501151, 10.31168847018887, -2.8843174589786695, 17.191140745011513, 14.247383118311529, 14.104883118311529, 17.381615745011512, 18.030109495011512, 2.56547370897867, -0.04749999999999999, 13.750829993311529, 17.93510949501151, 14.116758118311528, 17.746296995011512, 10.28556347018887, 18.030109495011512, 6.092346672605213, 10.333063470188872, 17.400615745011514, 18.03010949501151, 10.392438470188871, 10.380563470188871, 10.238063470188871, 10.38056347018887, -6.892870110105214, -6.717120110105214, 16.849467307511514, 18.030109495011512, 10.38056347018887, 17.888796995011514, 2.82494245897867, 18.030109495011516, 6.623307610105216, 0.0, 2.35647370897867, -0.023749999999999993, 17.911359495011517, 18.030109495011512, 2.84869245897867], [17.84248449501151, 14.188601868311528, 11.98004335268653, 10.347283782688873, 6.505745110105215, 10.42806347018887, 13.907164368311529, 6.623307610105215, 17.61142668251151, 6.623307610105215, 2.81306745897867, 17.289495432511515, 6.492682610105215, 6.433307610105215, 17.887609495011514, 14.081133118311527, -0.023749999999999993, 5.259505125730215, 13.796014368311532, 6.452724719480215, 9.58018847018887, 13.872133118311528, 17.676828245011514, 2.84869245897867, -3.1538799589786697, -0.19771874999999994, 10.34493847018887, 2.7893174589786702, 2.84869245897867, -0.10568750000000005, -1.143851953125, 17.701171995011514, 10.428063470188869, -0.011875000000000024, -6.623307610105215, 18.030109495011512, -2.93062995897867, 13.993198743311527, 2.76556745897867, 14.223633118311529, 6.599557610105216, -3.1034705839786696, 17.887609495011514, 17.780734495011515, 17.95885949501151, 14.07103936831153, -2.9674424589786694, 17.88998449501151, -10.428063470188869, 17.888796995011514, 13.837695618311528, 14.17613311831153, -6.764620110105215, 14.211758118311527, 17.78073449501151, 9.849008782688871, 17.92323449501151, 14.13100811831153, 14.247383118311529, 10.083688470188871, 6.552057610105216, 17.60011574501151, 10.31168847018887, -2.8843174589786695, 17.191140745011513, 14.247383118311529, 14.104883118311529, 17.381615745011512, 18.030109495011512, 2.56547370897867, -0.04749999999999999, 13.750829993311529, 17.93510949501151, 14.116758118311528, 17.746296995011512, 10.28556347018887, 18.030109495011512, 6.092346672605213, 10.333063470188872, 17.400615745011514, 18.03010949501151, 10.392438470188871, 10.380563470188871, 10.238063470188871, 10.38056347018887, -6.892870110105214, -6.717120110105214, 16.849467307511514, 18.030109495011512, 10.38056347018887, 17.888796995011514, 2.82494245897867, 18.030109495011516, 6.623307610105216, 0.0, 2.35647370897867, -0.023749999999999993, 17.911359495011517, 18.030109495011512, 2.84869245897867], [17.84248449501151, 14.188601868311528, 11.98004335268653, 10.347283782688873, 6.505745110105215, 10.42806347018887, 13.907164368311529, 6.623307610105215, 17.61142668251151, 6.623307610105215, 2.81306745897867, 17.289495432511515, 6.492682610105215, 6.433307610105215, 17.887609495011514, 14.081133118311527, -0.023749999999999993, 5.259505125730215, 13.796014368311532, 6.452724719480215, 9.58018847018887, 13.872133118311528, 17.676828245011514, 2.84869245897867, -3.1538799589786697, -0.19771874999999994, 10.34493847018887, 2.7893174589786702, 2.84869245897867, -0.10568750000000005, -1.143851953125, 17.701171995011514, 10.428063470188869, -0.011875000000000024, -6.623307610105215, 18.030109495011512, -2.93062995897867, 13.993198743311527, 2.76556745897867, 14.223633118311529, 6.599557610105216, -3.1034705839786696, 17.887609495011514, 17.780734495011515, 17.95885949501151, 14.07103936831153, -2.9674424589786694, 17.88998449501151, -10.428063470188869, 17.888796995011514, 13.837695618311528, 14.17613311831153, -6.764620110105215, 14.211758118311527, 17.78073449501151, 9.849008782688871, 17.92323449501151, 14.13100811831153, 14.247383118311529, 10.083688470188871, 6.552057610105216, 17.60011574501151, 10.31168847018887, -2.8843174589786695, 17.191140745011513, 14.247383118311529, 14.104883118311529, 17.381615745011512, 18.030109495011512, 2.56547370897867, -0.04749999999999999, 13.750829993311529, 17.93510949501151, 14.116758118311528, 17.746296995011512, 10.28556347018887, 18.030109495011512, 6.092346672605213, 10.333063470188872, 17.400615745011514, 18.03010949501151, 10.392438470188871, 10.380563470188871, 10.238063470188871, 10.38056347018887, -6.892870110105214, -6.717120110105214, 16.849467307511514, 18.030109495011512, 10.38056347018887, 17.888796995011514, 2.82494245897867, 18.030109495011516, 6.623307610105216, 0.0, 2.35647370897867, -0.023749999999999993, 17.911359495011517, 18.030109495011512, 2.84869245897867], [17.84248449501151, 14.188601868311528, 11.98004335268653, 10.347283782688873, 6.505745110105215, 10.42806347018887, 13.907164368311529, 6.623307610105215, 17.61142668251151, 6.623307610105215, 2.81306745897867, 17.289495432511515, 6.492682610105215, 6.433307610105215, 17.887609495011514, 14.081133118311527, -0.023749999999999993, 5.259505125730215, 13.796014368311532, 6.452724719480215, 9.58018847018887, 13.872133118311528, 17.676828245011514, 2.84869245897867, -3.1538799589786697, -0.19771874999999994, 10.34493847018887, 2.7893174589786702, 2.84869245897867, -0.10568750000000005, -1.143851953125, 17.701171995011514, 10.428063470188869, -0.011875000000000024, -6.623307610105215, 18.030109495011512, -2.93062995897867, 13.993198743311527, 2.76556745897867, 14.223633118311529, 6.599557610105216, -3.1034705839786696, 17.887609495011514, 17.780734495011515, 17.95885949501151, 14.07103936831153, -2.9674424589786694, 17.88998449501151, -10.428063470188869, 17.888796995011514, 13.837695618311528, 14.17613311831153, -6.764620110105215, 14.211758118311527, 17.78073449501151, 9.849008782688871, 17.92323449501151, 14.13100811831153, 14.247383118311529, 10.083688470188871, 6.552057610105216, 17.60011574501151, 10.31168847018887, -2.8843174589786695, 17.191140745011513, 14.247383118311529, 14.104883118311529, 17.381615745011512, 18.030109495011512, 2.56547370897867, -0.04749999999999999, 13.750829993311529, 17.93510949501151, 14.116758118311528, 17.746296995011512, 10.28556347018887, 18.030109495011512, 6.092346672605213, 10.333063470188872, 17.400615745011514, 18.03010949501151, 10.392438470188871, 10.380563470188871, 10.238063470188871, 10.38056347018887, -6.892870110105214, -6.717120110105214, 16.849467307511514, 18.030109495011512, 10.38056347018887, 17.888796995011514, 2.82494245897867, 18.030109495011516, 6.623307610105216, 0.0, 2.35647370897867, -0.023749999999999993, 17.911359495011517, 18.030109495011512, 2.84869245897867], [17.84248449501151, 14.188601868311528, 11.98004335268653, 10.347283782688873, 6.505745110105215, 10.42806347018887, 13.907164368311529, 6.623307610105215, 17.61142668251151, 6.623307610105215, 2.81306745897867, 17.289495432511515, 6.492682610105215, 6.433307610105215, 17.887609495011514, 14.081133118311527, -0.023749999999999993, 5.259505125730215, 13.796014368311532, 6.452724719480215, 9.58018847018887, 13.872133118311528, 17.676828245011514, 2.84869245897867, -3.1538799589786697, -0.19771874999999994, 10.34493847018887, 2.7893174589786702, 2.84869245897867, -0.10568750000000005, -1.143851953125, 17.701171995011514, 10.428063470188869, -0.011875000000000024, -6.623307610105215, 18.030109495011512, -2.93062995897867, 13.993198743311527, 2.76556745897867, 14.223633118311529, 6.599557610105216, -3.1034705839786696, 17.887609495011514, 17.780734495011515, 17.95885949501151, 14.07103936831153, -2.9674424589786694, 17.88998449501151, -10.428063470188869, 17.888796995011514, 13.837695618311528, 14.17613311831153, -6.764620110105215, 14.211758118311527, 17.78073449501151, 9.849008782688871, 17.92323449501151, 14.13100811831153, 14.247383118311529, 10.083688470188871, 6.552057610105216, 17.60011574501151, 10.31168847018887, -2.8843174589786695, 17.191140745011513, 14.247383118311529, 14.104883118311529, 17.381615745011512, 18.030109495011512, 2.56547370897867, -0.04749999999999999, 13.750829993311529, 17.93510949501151, 14.116758118311528, 17.746296995011512, 10.28556347018887, 18.030109495011512, 6.092346672605213, 10.333063470188872, 17.400615745011514, 18.03010949501151, 10.392438470188871, 10.380563470188871, 10.238063470188871, 10.38056347018887, -6.892870110105214, -6.717120110105214, 16.849467307511514, 18.030109495011512, 10.38056347018887, 17.888796995011514, 2.82494245897867, 18.030109495011516, 6.623307610105216, 0.0, 2.35647370897867, -0.023749999999999993, 17.911359495011517, 18.030109495011512, 2.84869245897867], [17.84248449501151, 14.188601868311528, 11.98004335268653, 10.347283782688873, 6.505745110105215, 10.42806347018887, 13.907164368311529, 6.623307610105215, 17.61142668251151, 6.623307610105215, 2.81306745897867, 17.289495432511515, 6.492682610105215, 6.433307610105215, 17.887609495011514, 14.081133118311527, -0.023749999999999993, 5.259505125730215, 13.796014368311532, 6.452724719480215, 9.58018847018887, 13.872133118311528, 17.676828245011514, 2.84869245897867, -3.1538799589786697, -0.19771874999999994, 10.34493847018887, 2.7893174589786702, 2.84869245897867, -0.10568750000000005, -1.143851953125, 17.701171995011514, 10.428063470188869, -0.011875000000000024, -6.623307610105215, 18.030109495011512, -2.93062995897867, 13.993198743311527, 2.76556745897867, 14.223633118311529, 6.599557610105216, -3.1034705839786696, 17.887609495011514, 17.780734495011515, 17.95885949501151, 14.07103936831153, -2.9674424589786694, 17.88998449501151, -10.428063470188869, 17.888796995011514, 13.837695618311528, 14.17613311831153, -6.764620110105215, 14.211758118311527, 17.78073449501151, 9.849008782688871, 17.92323449501151, 14.13100811831153, 14.247383118311529, 10.083688470188871, 6.552057610105216, 17.60011574501151, 10.31168847018887, -2.8843174589786695, 17.191140745011513, 14.247383118311529, 14.104883118311529, 17.381615745011512, 18.030109495011512, 2.56547370897867, -0.04749999999999999, 13.750829993311529, 17.93510949501151, 14.116758118311528, 17.746296995011512, 10.28556347018887, 18.030109495011512, 6.092346672605213, 10.333063470188872, 17.400615745011514, 18.03010949501151, 10.392438470188871, 10.380563470188871, 10.238063470188871, 10.38056347018887, -6.892870110105214, -6.717120110105214, 16.849467307511514, 18.030109495011512, 10.38056347018887, 17.888796995011514, 2.82494245897867, 18.030109495011516, 6.623307610105216, 0.0, 2.35647370897867, -0.023749999999999993, 17.911359495011517, 18.030109495011512, 2.84869245897867], [17.84248449501151, 14.188601868311528, 11.98004335268653, 10.347283782688873, 6.505745110105215, 10.42806347018887, 13.907164368311529, 6.623307610105215, 17.61142668251151, 6.623307610105215, 2.81306745897867, 17.289495432511515, 6.492682610105215, 6.433307610105215, 17.887609495011514, 14.081133118311527, -0.023749999999999993, 5.259505125730215, 13.796014368311532, 6.452724719480215, 9.58018847018887, 13.872133118311528, 17.676828245011514, 2.84869245897867, -3.1538799589786697, -0.19771874999999994, 10.34493847018887, 2.7893174589786702, 2.84869245897867, -0.10568750000000005, -1.143851953125, 17.701171995011514, 10.428063470188869, -0.011875000000000024, -6.623307610105215, 18.030109495011512, -2.93062995897867, 13.993198743311527, 2.76556745897867, 14.223633118311529, 6.599557610105216, -3.1034705839786696, 17.887609495011514, 17.780734495011515, 17.95885949501151, 14.07103936831153, -2.9674424589786694, 17.88998449501151, -10.428063470188869, 17.888796995011514, 13.837695618311528, 14.17613311831153, -6.764620110105215, 14.211758118311527, 17.78073449501151, 9.849008782688871, 17.92323449501151, 14.13100811831153, 14.247383118311529, 10.083688470188871, 6.552057610105216, 17.60011574501151, 10.31168847018887, -2.8843174589786695, 17.191140745011513, 14.247383118311529, 14.104883118311529, 17.381615745011512, 18.030109495011512, 2.56547370897867, -0.04749999999999999, 13.750829993311529, 17.93510949501151, 14.116758118311528, 17.746296995011512, 10.28556347018887, 18.030109495011512, 6.092346672605213, 10.333063470188872, 17.400615745011514, 18.03010949501151, 10.392438470188871, 10.380563470188871, 10.238063470188871, 10.38056347018887, -6.892870110105214, -6.717120110105214, 16.849467307511514, 18.030109495011512, 10.38056347018887, 17.888796995011514, 2.82494245897867, 18.030109495011516, 6.623307610105216, 0.0, 2.35647370897867, -0.023749999999999993, 17.911359495011517, 18.030109495011512, 2.84869245897867], [17.84248449501151, 14.188601868311528, 11.98004335268653, 10.347283782688873, 6.505745110105215, 10.42806347018887, 13.907164368311529, 6.623307610105215, 17.61142668251151, 6.623307610105215, 2.81306745897867, 17.289495432511515, 6.492682610105215, 6.433307610105215, 17.887609495011514, 14.081133118311527, -0.023749999999999993, 5.259505125730215, 13.796014368311532, 6.452724719480215, 9.58018847018887, 13.872133118311528, 17.676828245011514, 2.84869245897867, -3.1538799589786697, -0.19771874999999994, 10.34493847018887, 2.7893174589786702, 2.84869245897867, -0.10568750000000005, -1.143851953125, 17.701171995011514, 10.428063470188869, -0.011875000000000024, -6.623307610105215, 18.030109495011512, -2.93062995897867, 13.993198743311527, 2.76556745897867, 14.223633118311529, 6.599557610105216, -3.1034705839786696, 17.887609495011514, 17.780734495011515, 17.95885949501151, 14.07103936831153, -2.9674424589786694, 17.88998449501151, -10.428063470188869, 17.888796995011514, 13.837695618311528, 14.17613311831153, -6.764620110105215, 14.211758118311527, 17.78073449501151, 9.849008782688871, 17.92323449501151, 14.13100811831153, 14.247383118311529, 10.083688470188871, 6.552057610105216, 17.60011574501151, 10.31168847018887, -2.8843174589786695, 17.191140745011513, 14.247383118311529, 14.104883118311529, 17.381615745011512, 18.030109495011512, 2.56547370897867, -0.04749999999999999, 13.750829993311529, 17.93510949501151, 14.116758118311528, 17.746296995011512, 10.28556347018887, 18.030109495011512, 6.092346672605213, 10.333063470188872, 17.400615745011514, 18.03010949501151, 10.392438470188871, 10.380563470188871, 10.238063470188871, 10.38056347018887, -6.892870110105214, -6.717120110105214, 16.849467307511514, 18.030109495011512, 10.38056347018887, 17.888796995011514, 2.82494245897867, 18.030109495011516, 6.623307610105216, 0.0, 2.35647370897867, -0.023749999999999993, 17.911359495011517, 18.030109495011512, 2.84869245897867], [17.84248449501151, 14.188601868311528, 11.98004335268653, 10.347283782688873, 6.505745110105215, 10.42806347018887, 13.907164368311529, 6.623307610105215, 17.61142668251151, 6.623307610105215, 2.81306745897867, 17.289495432511515, 6.492682610105215, 6.433307610105215, 17.887609495011514, 14.081133118311527, -0.023749999999999993, 5.259505125730215, 13.796014368311532, 6.452724719480215, 9.58018847018887, 13.872133118311528, 17.676828245011514, 2.84869245897867, -3.1538799589786697, -0.19771874999999994, 10.34493847018887, 2.7893174589786702, 2.84869245897867, -0.10568750000000005, -1.143851953125, 17.701171995011514, 10.428063470188869, -0.011875000000000024, -6.623307610105215, 18.030109495011512, -2.93062995897867, 13.993198743311527, 2.76556745897867, 14.223633118311529, 6.599557610105216, -3.1034705839786696, 17.887609495011514, 17.780734495011515, 17.95885949501151, 14.07103936831153, -2.9674424589786694, 17.88998449501151, -10.428063470188869, 17.888796995011514, 13.837695618311528, 14.17613311831153, -6.764620110105215, 14.211758118311527, 17.78073449501151, 9.849008782688871, 17.92323449501151, 14.13100811831153, 14.247383118311529, 10.083688470188871, 6.552057610105216, 17.60011574501151, 10.31168847018887, -2.8843174589786695, 17.191140745011513, 14.247383118311529, 14.104883118311529, 17.381615745011512, 18.030109495011512, 2.56547370897867, -0.04749999999999999, 13.750829993311529, 17.93510949501151, 14.116758118311528, 17.746296995011512, 10.28556347018887, 18.030109495011512, 6.092346672605213, 10.333063470188872, 17.400615745011514, 18.03010949501151, 10.392438470188871, 10.380563470188871, 10.238063470188871, 10.38056347018887, -6.892870110105214, -6.717120110105214, 16.849467307511514, 18.030109495011512, 10.38056347018887, 17.888796995011514, 2.82494245897867, 18.030109495011516, 6.623307610105216, 0.0, 2.35647370897867, -0.023749999999999993, 17.911359495011517, 18.030109495011512, 2.84869245897867]]
EVDs: [[17.84248449501151, 14.188601868311528, 11.98004335268653, 10.347283782688873, 6.505745110105215, 10.42806347018887, 13.907164368311529, 6.623307610105215, 17.61142668251151, 6.623307610105215, 2.81306745897867, 17.289495432511515, 6.492682610105215, 6.433307610105215, 17.887609495011514, 14.081133118311527, -0.023749999999999993, 5.259505125730215, 13.796014368311532, 6.452724719480215, 9.58018847018887, 13.872133118311528, 17.676828245011514, 2.84869245897867, -3.1538799589786697, -0.19771874999999994, 10.34493847018887, 2.7893174589786702, 2.84869245897867, -0.10568750000000005, -1.143851953125, 17.701171995011514, 10.428063470188869, -0.011875000000000024, -6.623307610105215, 18.030109495011512, -2.93062995897867, 13.993198743311527, 2.76556745897867, 14.223633118311529, 6.599557610105216, -3.1034705839786696, 17.887609495011514, 17.780734495011515, 17.95885949501151, 14.07103936831153, -2.9674424589786694, 17.88998449501151, -10.428063470188869, 17.888796995011514, 13.837695618311528, 14.17613311831153, -6.764620110105215, 14.211758118311527, 17.78073449501151, 9.849008782688871, 17.92323449501151, 14.13100811831153, 14.247383118311529, 10.083688470188871, 6.552057610105216, 17.60011574501151, 10.31168847018887, -2.8843174589786695, 17.191140745011513, 14.247383118311529, 14.104883118311529, 17.381615745011512, 18.030109495011512, 2.56547370897867, -0.04749999999999999, 13.750829993311529, 17.93510949501151, 14.116758118311528, 17.746296995011512, 10.28556347018887, 18.030109495011512, 6.092346672605213, 10.333063470188872, 17.400615745011514, 18.03010949501151, 10.392438470188871, 10.380563470188871, 10.238063470188871, 10.38056347018887, -6.892870110105214, -6.717120110105214, 16.849467307511514, 18.030109495011512, 10.38056347018887, 17.888796995011514, 2.82494245897867, 18.030109495011516, 6.623307610105216, 0.0, 2.35647370897867, -0.023749999999999993, 17.911359495011517, 18.030109495011512, 2.84869245897867], [17.84248449501151, 14.188601868311528, 11.98004335268653, 10.347283782688873, 6.505745110105215, 10.42806347018887, 13.907164368311529, 6.623307610105215, 17.61142668251151, 6.623307610105215, 2.81306745897867, 17.289495432511515, 6.492682610105215, 6.433307610105215, 17.887609495011514, 14.081133118311527, -0.023749999999999993, 5.259505125730215, 13.796014368311532, 6.452724719480215, 9.58018847018887, 13.872133118311528, 17.676828245011514, 2.84869245897867, -3.1538799589786697, -0.19771874999999994, 10.34493847018887, 2.7893174589786702, 2.84869245897867, -0.10568750000000005, -1.143851953125, 17.701171995011514, 10.428063470188869, -0.011875000000000024, -6.623307610105215, 18.030109495011512, -2.93062995897867, 13.993198743311527, 2.76556745897867, 14.223633118311529, 6.599557610105216, -3.1034705839786696, 17.887609495011514, 17.780734495011515, 17.95885949501151, 14.07103936831153, -2.9674424589786694, 17.88998449501151, -10.428063470188869, 17.888796995011514, 13.837695618311528, 14.17613311831153, -6.764620110105215, 14.211758118311527, 17.78073449501151, 9.849008782688871, 17.92323449501151, 14.13100811831153, 14.247383118311529, 10.083688470188871, 6.552057610105216, 17.60011574501151, 10.31168847018887, -2.8843174589786695, 17.191140745011513, 14.247383118311529, 14.104883118311529, 17.381615745011512, 18.030109495011512, 2.56547370897867, -0.04749999999999999, 13.750829993311529, 17.93510949501151, 14.116758118311528, 17.746296995011512, 10.28556347018887, 18.030109495011512, 6.092346672605213, 10.333063470188872, 17.400615745011514, 18.03010949501151, 10.392438470188871, 10.380563470188871, 10.238063470188871, 10.38056347018887, -6.892870110105214, -6.717120110105214, 16.849467307511514, 18.030109495011512, 10.38056347018887, 17.888796995011514, 2.82494245897867, 18.030109495011516, 6.623307610105216, 0.0, 2.35647370897867, -0.023749999999999993, 17.911359495011517, 18.030109495011512, 2.84869245897867], [17.84248449501151, 14.188601868311528, 11.98004335268653, 10.347283782688873, 6.505745110105215, 10.42806347018887, 13.907164368311529, 6.623307610105215, 17.61142668251151, 6.623307610105215, 2.81306745897867, 17.289495432511515, 6.492682610105215, 6.433307610105215, 17.887609495011514, 14.081133118311527, -0.023749999999999993, 5.259505125730215, 13.796014368311532, 6.452724719480215, 9.58018847018887, 13.872133118311528, 17.676828245011514, 2.84869245897867, -3.1538799589786697, -0.19771874999999994, 10.34493847018887, 2.7893174589786702, 2.84869245897867, -0.10568750000000005, -1.143851953125, 17.701171995011514, 10.428063470188869, -0.011875000000000024, -6.623307610105215, 18.030109495011512, -2.93062995897867, 13.993198743311527, 2.76556745897867, 14.223633118311529, 6.599557610105216, -3.1034705839786696, 17.887609495011514, 17.780734495011515, 17.95885949501151, 14.07103936831153, -2.9674424589786694, 17.88998449501151, -10.428063470188869, 17.888796995011514, 13.837695618311528, 14.17613311831153, -6.764620110105215, 14.211758118311527, 17.78073449501151, 9.849008782688871, 17.92323449501151, 14.13100811831153, 14.247383118311529, 10.083688470188871, 6.552057610105216, 17.60011574501151, 10.31168847018887, -2.8843174589786695, 17.191140745011513, 14.247383118311529, 14.104883118311529, 17.381615745011512, 18.030109495011512, 2.56547370897867, -0.04749999999999999, 13.750829993311529, 17.93510949501151, 14.116758118311528, 17.746296995011512, 10.28556347018887, 18.030109495011512, 6.092346672605213, 10.333063470188872, 17.400615745011514, 18.03010949501151, 10.392438470188871, 10.380563470188871, 10.238063470188871, 10.38056347018887, -6.892870110105214, -6.717120110105214, 16.849467307511514, 18.030109495011512, 10.38056347018887, 17.888796995011514, 2.82494245897867, 18.030109495011516, 6.623307610105216, 0.0, 2.35647370897867, -0.023749999999999993, 17.911359495011517, 18.030109495011512, 2.84869245897867], [17.84248449501151, 14.188601868311528, 11.98004335268653, 10.347283782688873, 6.505745110105215, 10.42806347018887, 13.907164368311529, 6.623307610105215, 17.61142668251151, 6.623307610105215, 2.81306745897867, 17.289495432511515, 6.492682610105215, 6.433307610105215, 17.887609495011514, 14.081133118311527, -0.023749999999999993, 5.259505125730215, 13.796014368311532, 6.452724719480215, 9.58018847018887, 13.872133118311528, 17.676828245011514, 2.84869245897867, -3.1538799589786697, -0.19771874999999994, 10.34493847018887, 2.7893174589786702, 2.84869245897867, -0.10568750000000005, -1.143851953125, 17.701171995011514, 10.428063470188869, -0.011875000000000024, -6.623307610105215, 18.030109495011512, -2.93062995897867, 13.993198743311527, 2.76556745897867, 14.223633118311529, 6.599557610105216, -3.1034705839786696, 17.887609495011514, 17.780734495011515, 17.95885949501151, 14.07103936831153, -2.9674424589786694, 17.88998449501151, -10.428063470188869, 17.888796995011514, 13.837695618311528, 14.17613311831153, -6.764620110105215, 14.211758118311527, 17.78073449501151, 9.849008782688871, 17.92323449501151, 14.13100811831153, 14.247383118311529, 10.083688470188871, 6.552057610105216, 17.60011574501151, 10.31168847018887, -2.8843174589786695, 17.191140745011513, 14.247383118311529, 14.104883118311529, 17.381615745011512, 18.030109495011512, 2.56547370897867, -0.04749999999999999, 13.750829993311529, 17.93510949501151, 14.116758118311528, 17.746296995011512, 10.28556347018887, 18.030109495011512, 6.092346672605213, 10.333063470188872, 17.400615745011514, 18.03010949501151, 10.392438470188871, 10.380563470188871, 10.238063470188871, 10.38056347018887, -6.892870110105214, -6.717120110105214, 16.849467307511514, 18.030109495011512, 10.38056347018887, 17.888796995011514, 2.82494245897867, 18.030109495011516, 6.623307610105216, 0.0, 2.35647370897867, -0.023749999999999993, 17.911359495011517, 18.030109495011512, 2.84869245897867], [17.84248449501151, 14.188601868311528, 11.98004335268653, 10.347283782688873, 6.505745110105215, 10.42806347018887, 13.907164368311529, 6.623307610105215, 17.61142668251151, 6.623307610105215, 2.81306745897867, 17.289495432511515, 6.492682610105215, 6.433307610105215, 17.887609495011514, 14.081133118311527, -0.023749999999999993, 5.259505125730215, 13.796014368311532, 6.452724719480215, 9.58018847018887, 13.872133118311528, 17.676828245011514, 2.84869245897867, -3.1538799589786697, -0.19771874999999994, 10.34493847018887, 2.7893174589786702, 2.84869245897867, -0.10568750000000005, -1.143851953125, 17.701171995011514, 10.428063470188869, -0.011875000000000024, -6.623307610105215, 18.030109495011512, -2.93062995897867, 13.993198743311527, 2.76556745897867, 14.223633118311529, 6.599557610105216, -3.1034705839786696, 17.887609495011514, 17.780734495011515, 17.95885949501151, 14.07103936831153, -2.9674424589786694, 17.88998449501151, -10.428063470188869, 17.888796995011514, 13.837695618311528, 14.17613311831153, -6.764620110105215, 14.211758118311527, 17.78073449501151, 9.849008782688871, 17.92323449501151, 14.13100811831153, 14.247383118311529, 10.083688470188871, 6.552057610105216, 17.60011574501151, 10.31168847018887, -2.8843174589786695, 17.191140745011513, 14.247383118311529, 14.104883118311529, 17.381615745011512, 18.030109495011512, 2.56547370897867, -0.04749999999999999, 13.750829993311529, 17.93510949501151, 14.116758118311528, 17.746296995011512, 10.28556347018887, 18.030109495011512, 6.092346672605213, 10.333063470188872, 17.400615745011514, 18.03010949501151, 10.392438470188871, 10.380563470188871, 10.238063470188871, 10.38056347018887, -6.892870110105214, -6.717120110105214, 16.849467307511514, 18.030109495011512, 10.38056347018887, 17.888796995011514, 2.82494245897867, 18.030109495011516, 6.623307610105216, 0.0, 2.35647370897867, -0.023749999999999993, 17.911359495011517, 18.030109495011512, 2.84869245897867], [17.84248449501151, 14.188601868311528, 11.98004335268653, 10.347283782688873, 6.505745110105215, 10.42806347018887, 13.907164368311529, 6.623307610105215, 17.61142668251151, 6.623307610105215, 2.81306745897867, 17.289495432511515, 6.492682610105215, 6.433307610105215, 17.887609495011514, 14.081133118311527, -0.023749999999999993, 5.259505125730215, 13.796014368311532, 6.452724719480215, 9.58018847018887, 13.872133118311528, 17.676828245011514, 2.84869245897867, -3.1538799589786697, -0.19771874999999994, 10.34493847018887, 2.7893174589786702, 2.84869245897867, -0.10568750000000005, -1.143851953125, 17.701171995011514, 10.428063470188869, -0.011875000000000024, -6.623307610105215, 18.030109495011512, -2.93062995897867, 13.993198743311527, 2.76556745897867, 14.223633118311529, 6.599557610105216, -3.1034705839786696, 17.887609495011514, 17.780734495011515, 17.95885949501151, 14.07103936831153, -2.9674424589786694, 17.88998449501151, -10.428063470188869, 17.888796995011514, 13.837695618311528, 14.17613311831153, -6.764620110105215, 14.211758118311527, 17.78073449501151, 9.849008782688871, 17.92323449501151, 14.13100811831153, 14.247383118311529, 10.083688470188871, 6.552057610105216, 17.60011574501151, 10.31168847018887, -2.8843174589786695, 17.191140745011513, 14.247383118311529, 14.104883118311529, 17.381615745011512, 18.030109495011512, 2.56547370897867, -0.04749999999999999, 13.750829993311529, 17.93510949501151, 14.116758118311528, 17.746296995011512, 10.28556347018887, 18.030109495011512, 6.092346672605213, 10.333063470188872, 17.400615745011514, 18.03010949501151, 10.392438470188871, 10.380563470188871, 10.238063470188871, 10.38056347018887, -6.892870110105214, -6.717120110105214, 16.849467307511514, 18.030109495011512, 10.38056347018887, 17.888796995011514, 2.82494245897867, 18.030109495011516, 6.623307610105216, 0.0, 2.35647370897867, -0.023749999999999993, 17.911359495011517, 18.030109495011512, 2.84869245897867], [17.84248449501151, 14.188601868311528, 11.98004335268653, 10.347283782688873, 6.505745110105215, 10.42806347018887, 13.907164368311529, 6.623307610105215, 17.61142668251151, 6.623307610105215, 2.81306745897867, 17.289495432511515, 6.492682610105215, 6.433307610105215, 17.887609495011514, 14.081133118311527, -0.023749999999999993, 5.259505125730215, 13.796014368311532, 6.452724719480215, 9.58018847018887, 13.872133118311528, 17.676828245011514, 2.84869245897867, -3.1538799589786697, -0.19771874999999994, 10.34493847018887, 2.7893174589786702, 2.84869245897867, -0.10568750000000005, -1.143851953125, 17.701171995011514, 10.428063470188869, -0.011875000000000024, -6.623307610105215, 18.030109495011512, -2.93062995897867, 13.993198743311527, 2.76556745897867, 14.223633118311529, 6.599557610105216, -3.1034705839786696, 17.887609495011514, 17.780734495011515, 17.95885949501151, 14.07103936831153, -2.9674424589786694, 17.88998449501151, -10.428063470188869, 17.888796995011514, 13.837695618311528, 14.17613311831153, -6.764620110105215, 14.211758118311527, 17.78073449501151, 9.849008782688871, 17.92323449501151, 14.13100811831153, 14.247383118311529, 10.083688470188871, 6.552057610105216, 17.60011574501151, 10.31168847018887, -2.8843174589786695, 17.191140745011513, 14.247383118311529, 14.104883118311529, 17.381615745011512, 18.030109495011512, 2.56547370897867, -0.04749999999999999, 13.750829993311529, 17.93510949501151, 14.116758118311528, 17.746296995011512, 10.28556347018887, 18.030109495011512, 6.092346672605213, 10.333063470188872, 17.400615745011514, 18.03010949501151, 10.392438470188871, 10.380563470188871, 10.238063470188871, 10.38056347018887, -6.892870110105214, -6.717120110105214, 16.849467307511514, 18.030109495011512, 10.38056347018887, 17.888796995011514, 2.82494245897867, 18.030109495011516, 6.623307610105216, 0.0, 2.35647370897867, -0.023749999999999993, 17.911359495011517, 18.030109495011512, 2.84869245897867], [17.84248449501151, 14.188601868311528, 11.98004335268653, 10.347283782688873, 6.505745110105215, 10.42806347018887, 13.907164368311529, 6.623307610105215, 17.61142668251151, 6.623307610105215, 2.81306745897867, 17.289495432511515, 6.492682610105215, 6.433307610105215, 17.887609495011514, 14.081133118311527, -0.023749999999999993, 5.259505125730215, 13.796014368311532, 6.452724719480215, 9.58018847018887, 13.872133118311528, 17.676828245011514, 2.84869245897867, -3.1538799589786697, -0.19771874999999994, 10.34493847018887, 2.7893174589786702, 2.84869245897867, -0.10568750000000005, -1.143851953125, 17.701171995011514, 10.428063470188869, -0.011875000000000024, -6.623307610105215, 18.030109495011512, -2.93062995897867, 13.993198743311527, 2.76556745897867, 14.223633118311529, 6.599557610105216, -3.1034705839786696, 17.887609495011514, 17.780734495011515, 17.95885949501151, 14.07103936831153, -2.9674424589786694, 17.88998449501151, -10.428063470188869, 17.888796995011514, 13.837695618311528, 14.17613311831153, -6.764620110105215, 14.211758118311527, 17.78073449501151, 9.849008782688871, 17.92323449501151, 14.13100811831153, 14.247383118311529, 10.083688470188871, 6.552057610105216, 17.60011574501151, 10.31168847018887, -2.8843174589786695, 17.191140745011513, 14.247383118311529, 14.104883118311529, 17.381615745011512, 18.030109495011512, 2.56547370897867, -0.04749999999999999, 13.750829993311529, 17.93510949501151, 14.116758118311528, 17.746296995011512, 10.28556347018887, 18.030109495011512, 6.092346672605213, 10.333063470188872, 17.400615745011514, 18.03010949501151, 10.392438470188871, 10.380563470188871, 10.238063470188871, 10.38056347018887, -6.892870110105214, -6.717120110105214, 16.849467307511514, 18.030109495011512, 10.38056347018887, 17.888796995011514, 2.82494245897867, 18.030109495011516, 6.623307610105216, 0.0, 2.35647370897867, -0.023749999999999993, 17.911359495011517, 18.030109495011512, 2.84869245897867], [17.84248449501151, 14.188601868311528, 11.98004335268653, 10.347283782688873, 6.505745110105215, 10.42806347018887, 13.907164368311529, 6.623307610105215, 17.61142668251151, 6.623307610105215, 2.81306745897867, 17.289495432511515, 6.492682610105215, 6.433307610105215, 17.887609495011514, 14.081133118311527, -0.023749999999999993, 5.259505125730215, 13.796014368311532, 6.452724719480215, 9.58018847018887, 13.872133118311528, 17.676828245011514, 2.84869245897867, -3.1538799589786697, -0.19771874999999994, 10.34493847018887, 2.7893174589786702, 2.84869245897867, -0.10568750000000005, -1.143851953125, 17.701171995011514, 10.428063470188869, -0.011875000000000024, -6.623307610105215, 18.030109495011512, -2.93062995897867, 13.993198743311527, 2.76556745897867, 14.223633118311529, 6.599557610105216, -3.1034705839786696, 17.887609495011514, 17.780734495011515, 17.95885949501151, 14.07103936831153, -2.9674424589786694, 17.88998449501151, -10.428063470188869, 17.888796995011514, 13.837695618311528, 14.17613311831153, -6.764620110105215, 14.211758118311527, 17.78073449501151, 9.849008782688871, 17.92323449501151, 14.13100811831153, 14.247383118311529, 10.083688470188871, 6.552057610105216, 17.60011574501151, 10.31168847018887, -2.8843174589786695, 17.191140745011513, 14.247383118311529, 14.104883118311529, 17.381615745011512, 18.030109495011512, 2.56547370897867, -0.04749999999999999, 13.750829993311529, 17.93510949501151, 14.116758118311528, 17.746296995011512, 10.28556347018887, 18.030109495011512, 6.092346672605213, 10.333063470188872, 17.400615745011514, 18.03010949501151, 10.392438470188871, 10.380563470188871, 10.238063470188871, 10.38056347018887, -6.892870110105214, -6.717120110105214, 16.849467307511514, 18.030109495011512, 10.38056347018887, 17.888796995011514, 2.82494245897867, 18.030109495011516, 6.623307610105216, 0.0, 2.35647370897867, -0.023749999999999993, 17.911359495011517, 18.030109495011512, 2.84869245897867]]
**************************************************
