Done with 1 demonstrations
Done with 2 demonstrations
Done with 3 demonstrations
Done with 4 demonstrations
Done with 5 demonstrations
Done with 6 demonstrations
Done with 7 demonstrations
Done with 8 demonstrations
Done with 9 demonstrations
Random Norm: True, Alpha: 0.99
Accuracies: [0.98, 0.95, 0.97, 0.97, 0.96, 0.96, 0.98, 0.99, 0.99]
Bound errors: [[2.323242802755595, 0.017844417927056423, 0.9375263223997934, 1.2568932507830004, 4.988640105792781, 0.3442838299479077, 1.055841506779744, 0.0036467227437081426, 1.118359331491495, 0.007122695717339783, 0.29102532593806196, 0.021980505579106465, 3.6172015847346644, 1.6962481772042226, 0.15435211062103704, 1.6242300445924884, 0.6101252434089136, -0.5539468313195298, 1.0202453900572563, -0.8912466153215264, 0.965504547773673, 0.7836197025311251, 3.868324621009743, 0.2271755527599416, 0.7303769671464853, 0.7660591108048039, 0.024728310141761488, 1.52985616633562, 0.3931542737504603, 1.5432238366701752, 0.9929287555786059, 0.6623476210624948, 0.7558089874901959, 1.6572635675815628, 0.008610339776769955, 0.005028081911940034, 0.495782255018106, 0.7472095971051809, 0.5644384208437493, 1.123521454061386, 0.26238767837831894, 3.465830232407606, 1.4806056716786964, 0.3179543987231807, 0.7228781477165698, 1.4714907120848764, 0.007868155866376611, 0.3947063028739071, 0.015560687760007815, 0.28050089971331016, 5.102681400518645, 0.8299633208216596, 0.4919495678112739, 0.2647069436466592, 0.022881840105761556, 0.04118285399477201, 1.6520368077789214, 0.012025956781586803, 0.130166670211185, 0.6587602057937093, 1.4029723831045966, 0.013158898996684586, 1.1334972486970634, 0.790365677219002, 0.7064177046081604, 0.41895810323421934, 0.42507191906735153, 0.49530751647520554, 3.5283935336122356, 1.1145704753060506, 0.9714609926629366, 0.6295762967905918, 0.02230389609391436, 0.9525911085100275, 0.29150496020979877, 1.222911892739187, 2.033787326424104, 0.0, 0.09644735621871511, 0.384502331996435, 0.6162560063601614, 3.6500651680779637, 1.0677923412842107, 1.6322051463061313, 0.872579930079621, 0.7624576055716097, 1.6060623468117816, 2.2774411315095513, 2.377923892259598, 0.4912083683304843, 0.834197889779512, 1.7213948380927329, 1.7203193790379965, 1.1917549283636917, 0.20903986351235138, 1.938686439054107, 1.588240591070889, 1.0928378827547016, 0.14537130721335423, 0.6173712902521769], [0.0, 0.19855663625528924, 0.10193952996381303, 0.028343968095370563, 0.002511791412359411, 0.6594155460608235, 0.7765260285670805, 0.005665357605242306, 0.04181596492764441, 0.005030892939974623, 0.005529194712012422, 0.5540118839787548, 3.2948696740640355, 0.01381162492780148, 0.6728758849398018, 0.42779543581978363, 0.0, 0.003130113023396497, 0.015251515258937554, 0.22333206258559413, 0.814228180194988, 0.019436444530535568, 3.382424910830625, 0.4083787537648827, 0.2489699712212851, 0.010161670440751351, 0.030742099641183403, 0.006890740487256106, 0.011275189167092936, 0.6708402308808348, 0.040370830760880806, -0.00045514059126676443, 0.6510351941087789, 0.0, 0.315876878790636, 0.007315432945187833, 0.08179811606341948, 0.023393412971813323, 0.01044736226935002, 0.019745933820319885, 0.07590578429022013, 0.02028999259465571, 0.040146969601489696, 0.0032520562189568836, 0.0, 0.03961570515420011, -0.002017806392972667, 0.0810399941390949, 0.007274639591452943, 0.0, 5.2093508057631945, 0.0605767518798475, 0.0, 0.10956362603233034, 0.0362354964617488, 0.013361176781720994, 0.367541718576669, 0.5654956883075355, 0.5054291642714399, 0.25841428792311877, 0.5440438716708554, 0.005554243449436734, 0.5725074215908594, 0.0, 0.5028043497306884, 0.03269423917411967, 6.711118803139881, 0.022935795986952334, 0.0161621840221105, 0.7224451864566408, 1.132722971558219, 1.1097369091000993, 0.020691381639383374, 0.4047447048673931, -0.19193955066314516, 0.04201349582375767, 0.07611776826991937, 0.0, 0.08315699835431087, 0.36159839679825045, 0.3068565540567228, 3.0975424799842743, 0.010837325035680228, 0.25132180205234816, 0.07116210636696198, 0.0, 0.0, -0.5764285296067784, 0.0028882794425634686, 0.0, -0.0011515562112147035, 0.05145931246116468, 0.36024835817247824, 0.4857546748599773, 1.1070141265105942, 0.005746679232737085, 1.7405346186710995, 0.7039578829336518, 0.5201274282223278, 0.5462556657672084], [0.0, 0.4309098234360127, 0.028317041383898286, 0.011202658576198527, 0.0, 0.0198217077581358, 0.011606464408279513, 0.10610886757245337, 0.012772444670942521, 0.0022606229549749154, 0.009903254568694236, 0.0, 2.7426314485728227, 0.2960938603740342, 0.0044736826121812585, 0.4497290922747115, 0.0, 0.7606960882577666, 0.007795993927165224, 0.021418881776720244, 0.09950262796510435, 0.00934223201247203, 4.371059538703808, 0.05067690507985718, 0.020285333469209202, 0.024883487016821876, 0.022224995433587646, 0.0019996361580166934, 0.008966313435670817, 0.1177498837463794, 0.01589525487287341, -0.0017476382447386895, 0.0, 0.0, 0.010570829728337464, 0.010824701289639381, 0.010056902219102718, 0.06173676188999188, 0.00850961425658661, 1.3781113217161844, 0.430491192843788, 0.019814792408374506, 0.4865611066123412, 0.0027692825580359786, 0.0, 0.1815809606305354, 0.012993396080082792, 0.013037365630227105, 0.006851086056158885, 0.029508110181275107, 0.09970618084005407, 0.02220730794226429, 0.030079867989336304, 0.0370853452671088, 0.02069932698429016, 0.008858302363961613, 0.30538270351970476, 0.690428467829195, 0.012229926785465367, 0.11196905201922445, 0.027351716387787287, 0.0, 0.0, 0.0, 0.014608662664989972, 0.016476005613798, 0.5383327441328788, 0.00035386127605165643, 0.3422537958398112, -0.004379506639423377, 0.0, 0.20172350937866748, 0.013006472696016865, 0.0016776179671975674, 0.01079540422942519, 0.02033130156420861, 0.04615921542982905, 0.0, 0.16814996593433046, 0.4570358637216277, 0.26578226444419367, 0.013852142725233805, 0.799539488175431, -0.009371902667754527, 3.372921800898, 0.40301384192590023, 1.606049170765637, 0.0, 0.0018159236505391637, 0.0, 0.018231916123156965, 0.006773164694433543, 0.4043204664755509, 0.009810035071870924, 0.3838661652009968, 0.0059282742100103805, 0.3141125605385601, 0.32379875072692654, 0.7200826517026091, 0.03180031537306739], [0.0, 0.5279215292445453, 0.035444323678262356, 0.011484675363811639, 0.0016087920390870604, 0.016124472348725154, 0.011122325589104747, 0.006067356926422996, 0.5726293675101447, 0.26836550773287576, 0.003789530889950137, 0.0, 0.460906581660072, 0.002617161922484216, 0.009052453884243965, 0.0, 0.5574513839053288, 0.0010342348954957416, 0.0, 0.0023122404599023615, -0.0009535823896056495, 0.0019079665865407945, 0.005897548003049553, 0.1759309509152832, 0.025543692624757305, 0.011355675278607478, 0.01765218757070825, 0.0018392953581204746, 0.0012781258412073106, 0.6966507120262376, 0.2868517500653592, 0.28556373245894534, 0.0, 0.0024973264011781985, 0.0088332204888725, 0.006828543908848828, 0.0013237347193406869, 0.11488426102724507, 0.009227182286372827, 0.026102782240441595, 0.0721582067371768, 0.00972016495087701, 0.0033270191717501615, 0.0021097535556796553, 0.0, 0.004290461044475617, 0.4340042849223219, 0.006437826088166258, 0.0056925879638974825, 0.0, 0.0, 0.013844327665672654, 0.0, 0.03438844200905179, 0.014351910102395924, 0.004411655028148023, 0.02919242326078084, 0.00690206216720521, 0.009050573572575334, 0.0, 0.004922085635275236, 0.0010607815143572354, 0.0, 0.0, 0.018995650305830118, 0.019960567464683485, 0.01060033868262463, 0.0012244927634070585, 0.018001607012075826, 0.009841882988531322, 0.1558628706978912, 0.0, 0.0, 5.4038336777056824e-05, 0.0013525546226085244, 0.00046210831819563057, 0.0, 0.0, 0.0, 0.0, 0.02243672578975143, 0.010685002756147217, 0.010494826795727951, -0.01217832477529267, 0.049124818583218474, 0.0, 1.606062000044703, 0.12231831925616163, 0.001587058385775397, 0.37321245863150954, 0.012879587568173138, -0.002857296649724667, 0.00220475877679556, 0.18417745549457534, 0.005103788105464074, 0.002468971590859188, 0.004187432063358533, 0.0, 0.0, 0.0028200713753670087], [0.0, 0.0, 0.04220775088710573, 0.007211720845705317, 0.0007460780644908689, 0.7347509924181475, 0.01358990279617792, 0.009112637844395172, 0.02187082841065458, 0.003137574613759529, 0.012725319238103334, 0.0, 0.0, 0.30539280379498257, 0.005086966316253012, 0.0, 0.0, 0.002028478349368699, 0.000879604274776291, 0.0016368495308582717, 0.030366950072580404, 0.00377303860699475, 0.01449935667057352, 0.04807762874088531, 0.22749945743458616, 0.004510129495723356, -0.000566797289926313, 0.0034680237679344233, 0.0030613681082824053, 0.009451628674195385, 0.0098288318535671, 0.21476958836058005, 0.0, 0.0, 0.003471097036450194, 0.005150109847135184, 0.0, 0.008780267472244438, 0.07748699131126079, 0.004973178223627066, 0.016673418796521736, 0.013707478194700782, 0.0030636000747017254, 0.005302204640915583, 0.0, 0.009088776463352691, 0.005211311003091764, 0.0008110677733180877, 0.007773009619258169, 0.0, 0.004742752672750527, 0.000165227200744554, 0.2867918282154456, 0.03215917349174238, 0.011289706626064606, 0.007005334883649499, 0.022407696569876866, 0.003916796536996479, 0.01737164267344217, 0.0, 0.021139313358647896, 0.001102804588237043, 0.14869170497413825, 0.0, 0.007383387379757536, 0.022644386923217682, 1.2707130798730966, 0.000389823356313317, 0.003393063049891277, 8.15584908297671e-05, 0.007526520551784344, 0.0, 0.0005316164638292567, 0.0008860200838142957, 0.007822064865430575, 0.0, 0.00012494142442850864, 0.0, 0.0, 0.010587553046995839, 0.003866861055352902, 0.005697515288810004, 0.007609435101783802, -0.008147675121872817, 0.0, 0.0, 0.0, 0.0027566999053267, 0.000903351648618804, 0.0, -0.007763421281908104, -0.003122538687198133, 0.0, 0.008571345730619698, 0.026072086090651873, 0.006024636729782022, 0.006871362374641547, 0.5269605565270397, 0.0, 0.007214225131177136], [0.0, 0.002328962981920169, 0.8865825103531147, 0.003977538200481253, 0.0013550435268418137, 0.005639713393486981, 0.011444219257052354, 0.011545797509552735, 0.01442898962951719, 0.010204910162330647, 0.021927454175863958, 0.0, 0.0015627375248669058, 0.0, 0.007640372057907888, 0.27488978149212717, 0.0, 0.0023075917859130463, 0.0005784510331694218, 0.0, 0.016435940634434314, 0.0022534650405932532, 0.008914520410282, 0.0, 0.038235797525664535, 0.014275014071096003, 0.016283287897831143, 0.0066067749462520595, 0.004582505923692878, 0.34615282559911953, 0.005474008883967334, -0.0024204318298795434, 0.0, 0.0, 0.0, 0.00998942985016921, 0.0017711116609418892, 0.045979980040687415, 0.007857953009387925, 0.0013546073252134908, 0.005416889873192509, 0.011037668106620838, -0.0019699517160035266, 0.0046009900743844475, 0.0, 0.006940179503932873, -0.0011909625707220818, 0.0016561626940003623, 0.005053094695930783, 0.0, 0.0014648283339414564, 0.0020215461101018273, 0.0, 0.004486724529793604, 0.021040511213804347, 0.017828379322581956, 0.0041245071840875685, 0.004818436342209286, 0.00938374077569748, 0.0, 0.005578094563207466, 0.011297675497785516, 0.0, 0.0, 0.0021330591039664276, 0.013461944122269746, 0.002860188135097682, 0.0008849472287933512, 0.009468693525478113, 0.001954096846922172, 0.0, 0.0, 0.0006041818470135707, 0.002168468548008142, 0.0036271185791118517, 0.003903472627026321, 0.0029066081991839772, 0.0, 0.09585216591782199, 0.0, 0.006975995103693445, 0.008105059616955415, 0.011578818130734754, 0.004063335368771688, 0.0, 0.0, 1.6060731057226285, 0.0, 0.0028682654895807154, 0.0, 0.009232184766523188, -0.004760500801587084, 0.0007790837071100187, 0.004212436458446895, 0.0029162195416986858, 0.004050333513717305, 0.008683846546731436, 0.0, 0.0, 0.019581960631124436], [0.0, 0.001291008092837014, 0.0023746017857312054, 0.004440309495317071, 0.001166239816782666, 0.010051472115630282, 0.0055333692182937145, 0.004592148780765414, 0.19328474749057611, 0.0043400589221825134, 0.013640960132134252, 0.0, 0.008446610366965616, 0.0, 0.010836463183294811, 0.0, 0.0, 0.0019998238975368807, 0.00013430415520403384, 0.0045417373015725895, 0.014750512851252982, 0.0005504430002798443, 0.006253473838389512, 0.002780844619682516, 0.04430972650697353, 0.00958114458944647, 0.02099625396727374, 0.002504571328791072, 0.0044993372328198025, 0.000652698148986967, 0.012328338654283915, 0.007439361683872423, 0.0, 0.0, 0.002360201673310306, 0.005847275860112215, 0.0012340570443466227, 0.01455605173718745, 0.009047611939502272, 0.00047033636684440226, 0.005556506710864121, 0.00299632571458623, 0.0278444000727837, 0.0026995999359597277, 0.0, 0.001984309265666646, 0.0007472553105027254, 0.0005969963527176459, 0.006600585043162718, 0.0, 0.0036882794102232742, 0.0021645529741320746, 0.0, 0.01851153743232199, 0.02686742629460547, 0.005723535193973168, 0.006026916321408176, 0.10653763462578758, -0.0013575910082931006, 0.0, 0.0026010870393762364, 0.07446191381900658, 0.0, 0.0, 0.002819149416535578, 0.009416005661316174, 0.012147533910803717, 0.0003096137763858757, 0.0015682545069406477, 0.00021304641641746604, 0.0, 0.0, 0.0, 0.0011781455908712027, 0.004374937774906293, 0.001386291635704426, 0.0023875225630567635, 0.0, 0.0, 0.0, 0.0038990623628753908, 0.011508849832539714, 0.010476964419562645, 0.0006392455680732504, 0.007788154548078378, 0.0, 0.0, 0.0, 0.0012450896497627326, 0.0, 0.005371314889384487, -0.006245184053913673, 0.0009582289773490496, 0.008604682435685329, 0.00954172362462526, 0.007529752120366737, 0.007637797499241833, 0.6977069072881978, 0.0, 0.004232592311996105], [0.0, 0.0032187765857538296, 0.0053990282946841705, 0.009632520792958638, 0.0022428254219584855, 0.013235616882889463, 0.008219100039785328, 0.0032797205501674575, 0.0, 0.008896526618246496, 0.005291047413052611, 0.0, 0.0, 0.0013045394799283687, 0.010280484714885041, 0.0, 0.0, 0.0, 0.001764954108162602, 0.0, 0.0062300055802480565, 0.0002438533158604827, 0.009953141599719622, 0.002288671500889302, 0.018214622361865367, 0.015948014475952337, -0.0037688521474241368, 0.007029838085332563, 0.0008250819731846111, 6.135927897185302e-05, 0.009166095664984839, 0.006992573850728183, 0.0, 0.0, 0.0007506780994890853, 0.007058728751703965, 0.0, 0.01408754791419634, 0.008543232646307766, 0.0043367412994027325, 0.0015718373658514385, 0.007661219475721997, 0.021558052983899727, 0.0039051020071369643, 0.0, 0.004375390104677481, 0.0004165220473034188, 0.00037819003425178244, 0.002065159466610841, 0.0, 0.0007421761796901576, 0.004158467911714431, 0.0, 0.01881924649197691, 0.00694956202270979, 0.005551487574768129, 0.0, 0.004821236599965283, 0.0014516296724022251, 0.0, 0.002430454817911329, 0.001395625710272412, 0.0, 0.0, 0.0019426802251517683, 0.009442644736433473, 0.01601538630396552, 0.0004573590652812155, 0.001995320396816765, 0.0039729468965148075, 0.0, 0.0, 0.0015012097960481448, 0.0011718044826435506, 0.0013548548329806317, 0.0008299583232960492, 0.00013013750184145967, 0.0, 0.11452398275608626, 0.0017383936000403722, 0.004911650167679686, 0.010055598047770087, 0.0070463520935893234, 0.00036515233336906715, 0.0, 0.0, 0.0, 0.0, 0.0030166043044263994, 0.0, 0.001252550024614306, 0.0063339711864968265, 0.0022845393764927887, 0.004752330717195756, 0.007803971437135313, 0.00426930992579006, 0.005953603803576815, 0.0, 0.0, 0.0], [0.0, 0.004753538236923281, 9.115775256094789e-05, 0.008420321125495796, 0.0003258313039024512, 0.002396787694380146, 0.004549592398081054, 0.003198955662971792, 0.0027983796218023307, 0.00966265587129768, 0.02250924530725926, 0.0, 0.007533580858700477, 0.0, 0.005885217848374754, 0.0, 0.0, 0.0023493668151854962, 0.0008480674375301457, 0.0, 0.004455724259567215, 0.0009536487963294998, 0.004889427729598171, 0.0, 0.0015641199848502874, 0.009906939027042991, 0.017135607990856165, 0.006446548675478984, 0.0004558066783055114, 0.43716941513187646, 0.008567936237555028, 0.009293778074559876, 0.0, 0.0, 0.003121301967503278, 0.006204759545864634, 0.0, 0.013630086790967411, 0.008548688459043233, 0.0009285226502612289, 0.004555586779539056, 0.0059246565333581904, 0.019180151021587988, 0.00248888592444828, 0.0, 0.0037106811366050237, 0.0002485373501959331, 0.0014869266932208357, 0.006002638622501727, 0.0, 0.0005409263118199335, 0.00076662178688412, 0.0, 0.005013446397354456, 0.01700441071187875, 0.006336899529305281, 0.0018708339035186862, 0.0044132975944776165, 0.002161132182610425, 0.0, 0.0032964613769620905, 0.1211340967351598, 0.0, 0.0, 0.0012781895129172142, 0.019097832601318723, 0.0021373138138861937, 0.0015136067744764149, 0.0012208664535611376, 0.003393490944478305, 0.0, 0.0, 0.0005217370107276749, 0.0017823060266788243, 0.0011650573249290547, 0.00011444519685608938, 0.0018878188827587236, 0.0, 0.0, 0.0, 0.002209495676253339, 0.006610298105655392, 0.006968396497989851, 0.0010663338630948315, 0.003743299434554519, 0.0036319399972180723, 0.0, 0.0, 0.001264137803101036, 0.0, 0.004689874055584725, -0.0048981720191990825, 0.0, 0.0014957288625259606, 0.005540910269726035, 0.004493521792126722, 0.008148697813885764, 0.0, 0.0, 0.013125687333813323]]
Policy loss bounds: [[3.7817596057249054, 0.017844417927056423, 0.9391088175872889, 1.2568932507830004, 4.988640105792781, 0.3442838299479077, 1.055841506779744, 0.007447921934915169, 1.148668642738727, 0.007122695717339783, 0.3000772311220284, 0.021980505579106465, 3.6172015847346644, 2.356370813230208, 0.15435211062103704, 1.6242300445924884, 0.6101252434089136, 0.8891999942962551, 1.0202453900572563, 1.0450844254951788, 0.965504547773673, 2.628465371091794, 5.341827155123974, 0.2271755527599416, 0.7356543399106018, 0.7660591108048039, 0.024728310141761488, 1.5328752235284948, 0.3931542737504603, 1.5432238366701752, 1.005517278052293, 0.669383997968429, 0.7558089874901959, 1.6572635675815628, 0.01412414752126841, 0.005381279092209699, 0.5003411503763265, 0.7500932102958017, 0.5644384208437493, 1.123521454061386, 0.26238767837831894, 3.4805285245132964, 1.4806056716786964, 0.3211545083830346, 0.7228781477165698, 1.4769428947807546, 0.007868155866376611, 0.3947063028739071, 0.015560687760007815, 0.28050089971331016, 5.102681400518645, 0.8358042060749481, 0.4919495678112739, 0.2834231181143693, 0.024254740893096725, 0.04118285399477201, 1.6588115307831353, 0.031089751696433843, 0.13974803433766342, 0.6587602057937093, 1.4029723831045966, 0.018798564581943695, 1.1334972486970634, 0.790365677219002, 0.7107408972266464, 0.4252317096597711, 1.1938699762541554, 0.49808675759918164, 5.038075559115646, 1.1357106307422948, 1.750491412766422, 0.6295762967905918, 0.02230389609391436, 0.9650345851011134, 0.29150496020979877, 1.227926597724076, 2.033787326424104, 0.0, 0.09644735621871511, 0.384502331996435, 0.6241780293901187, 4.9097316752390565, 1.0677923412842107, 1.6572711926377703, 0.872579930079621, 0.7624576055716097, 1.6060623468117816, 4.292571125346939, 2.3815202888760245, 0.4912083683304843, 0.8687523752113678, 1.7213948380927329, 1.7269276313010355, 2.7432394865994785, 0.21729028630656325, 1.9394440233248695, 1.588240591070889, 1.0928378827547016, 0.14537130721335423, 2.966416929935053], [0.0, 0.19855663625528924, 0.10352202515130858, 0.028343968095370563, 0.002511791412359411, 0.660146105935017, 0.7765260285670805, 0.009466556796449333, 0.07212527617487634, 0.009241999824139056, 0.014581099895978831, 0.5540118839787548, 3.2948696740640355, 0.01381162492780148, 0.6728758849398018, 0.42779543581978363, 0.0, 1.4462769386391814, 0.015251515258937554, 2.1596631034022993, 0.814228180194988, 0.019436444530535568, 3.38370551202225, 0.41707886766585506, 0.2489699712212851, 0.010161670440751351, 0.030742099641183403, 0.006890740487256106, 0.013124461138234822, 0.6708402308808348, 0.040370830760880806, 0.0065812363146673936, 0.6510351941087789, 0.0, 0.3213906865351344, 0.007668630125457498, 0.08635701142164003, 0.0262770261624341, 0.01044736226935002, 0.019745933820319885, 0.07651335321572308, 0.023967285330761087, 0.05527058989311155, 0.0032520562189568836, 0.0, 0.03961570515420011, 0.005109951827914717, 0.0810399941390949, 0.007274639591452943, 0.0, 5.2093508057631945, 0.06641763713313606, 0.0, 0.12827980050004045, 0.03760839724908397, 0.013361176781720994, 0.3743164415808829, 0.5654956883075355, 0.5150105283979183, 0.25841428792311877, 0.5440438716708554, 0.005554243449436734, 0.5725074215908594, 0.0, 0.5071275423491743, 0.03896784559967144, 7.479916860326685, 0.022935795986952334, 0.0161621840221105, 0.7435853418928849, 4.613883700064207, 1.1097369091000993, 0.020691381639383374, 0.4047447048673931, 1.4693390074195374, 0.04702820080864658, 0.07611776826991937, 0.0, 0.08315699835431087, 0.36159839679825045, 0.31477857708668006, 4.343312027619091, 0.010837325035680228, 0.2763878483839872, 0.07116210636696198, 0.0, 0.0, 1.438701464230609, 0.0028882794425634686, 0.0, 0.033402929220641114, 0.05145931246116468, 0.36024835817247824, 0.4869212240918181, 1.1152645493048061, 0.006504263503499612, 3.445798128148466, 0.7039578829336518, 0.5201274282223278, 0.5623652939307234], [0.0, 0.4325107747773452, 0.028317041383898286, 0.011202658576198527, 0.0, 0.020552267632329285, 0.011606464408279513, 0.1099100667636604, 0.02360936078756469, 0.006471729839139349, 0.009903254568694236, 0.0, 2.7426314485728227, 0.2960938603740342, 0.007161120500169006, 0.4497290922747115, 0.0, 0.7636190276550553, 0.007795993927165224, 0.021418881776720244, 0.09950262796510435, 0.013369909837848384, 4.3723401398954325, 0.05937701898082953, 0.020285333469209202, 0.024883487016821876, 0.022224995433587646, 0.005018693350891534, 0.010815585406812702, 0.1177498837463794, 0.028483777346560383, 0.0052887386611954685, 0.0, 0.0, 0.01608463747283592, 0.010824701289639381, 0.01461579757732326, 0.06173676188999188, 0.00850961425658661, 1.3781113217161844, 0.43109876176929096, 0.034513084514064735, 0.501684726903963, 0.005969392217889855, 0.0, 0.1815809606305354, 0.012993396080082792, 0.013037365630227105, 0.006851086056158885, 0.029508110181275107, 0.09970618084005407, 0.02220730794226429, 0.030079867989336304, 0.04654994177882204, 0.02207222777162533, 0.008858302363961613, 0.31215742652391865, 0.690428467829195, 0.012229926785465367, 0.11196905201922445, 0.027351716387787287, 0.0, 0.0, 0.0, 0.014705957884427497, 0.02274961203934977, 0.5383327441328788, 0.00035386127605165643, 0.34279560763002814, 0.016760648796820803, 0.0, 0.20172350937866748, 0.013006472696016865, 0.0016776179671975674, 0.01079540422942519, 0.02033130156420861, 0.04615921542982905, 0.0, 0.16814996593433046, 0.4570358637216277, 0.26578226444419367, 0.016198969327809506, 0.799539488175431, 0.015694143663884535, 3.372921800898, 0.40301384192590023, 1.606049170765637, 0.0, 0.0018159236505391637, 0.0, 0.018231916123156965, 0.006773164694433543, 0.4043204664755509, 0.009810035071870924, 0.3921165879952087, 0.0059282742100103805, 0.3141125605385601, 0.32379875072692654, 0.7200826517026091, 0.04790994353658237], [0.0, 0.5279215292445453, 0.035444323678262356, 0.011484675363811639, 0.0016087920390870604, 0.016124472348725154, 0.011122325589104747, 0.009868556117630023, 0.5726293675101447, 0.26836550773287576, 0.012841436073916546, 0.0, 0.460906581660072, 0.002617161922484216, 0.011739891772231711, 0.0, 0.5574513839053288, 0.0010342348954957416, 0.0, 0.0023122404599023615, 0.01061549002981143, 0.0019079665865407945, 0.007178149194674277, 0.1759309509152832, 0.025543692624757305, 0.011355675278607478, 0.01765218757070825, 0.004858352550995315, 0.003951235314501244, 0.6966507120262376, 0.29944027253904615, 0.28556373245894534, 0.0, 0.0024973264011781985, 0.014347028233370956, 0.006828543908848828, 0.00588263007756123, 0.11488426102724507, 0.009227182286372827, 0.026102782240441595, 0.0721582067371768, 0.013397457686982387, 0.018450639463372016, 0.005309863215533532, 0.0, 0.004290461044475617, 0.4340042849223219, 0.006437826088166258, 0.0056925879638974825, 0.0, 0.0, 0.013844327665672654, 0.0, 0.03438844200905179, 0.015724810889731093, 0.004411655028148023, 0.035967146264994754, 0.00690206216720521, 0.009050573572575334, 0.0, 0.006855356480238648, 0.0010607815143572354, 0.0, 0.0, 0.018995650305830118, 0.026234173890235253, 0.01060033868262463, 0.0012244927634070585, 0.018001607012075826, 0.030982038424775503, 0.1558628706978912, 0.0, 0.0, 5.4038336777056824e-05, 0.0013525546226085244, 0.00046210831819563057, 0.0, 0.0, 0.0, 0.0, 0.030358748819708705, 0.010685002756147217, 0.010494826795727951, 0.012887721556346392, 0.049124818583218474, 0.0, 1.606062000044703, 0.12231831925616163, 0.001587058385775397, 0.37321245863150954, 0.012879587568173138, 0.010211506297578958, 0.00220475877679556, 0.18417745549457534, 0.005775147871164563, 0.0032265558616217153, 0.004187432063358533, 0.0, 0.0, 0.018929699538881985], [0.0, 0.0, 0.04220775088710573, 0.007211720845705317, 0.0007460780644908689, 0.7347509924181475, 0.015277554696517457, 0.009112637844395172, 0.02187082841065458, 0.007348681497923963, 0.012725319238103334, 0.0, 0.0, 0.30539280379498257, 0.007774404204240759, 0.0, 0.0, 0.002028478349368699, 0.000879604274776291, 0.0016368495308582717, 0.030366950072580404, 0.00377303860699475, 0.015779957862198244, 0.04807762874088531, 0.2327768301987027, 0.004510129495723356, 0.012277853151520805, 0.006487080960809264, 0.005734477581576338, 0.009451628674195385, 0.02241735432725407, 0.21476958836058005, 0.0, 0.0, 0.008984904780948648, 0.005503307027404849, 0.0, 0.008780267472244438, 0.07864133249573316, 0.004973178223627066, 0.017280987722024684, 0.01738477093080616, 0.01818722036632358, 0.005302204640915583, 0.0, 0.009088776463352691, 0.005211311003091764, 0.0008110677733180877, 0.007773009619258169, 0.0, 0.004742752672750527, 0.000165227200744554, 0.2867918282154456, 0.03215917349174238, 0.011289706626064606, 0.007005334883649499, 0.02918241957409078, 0.003916796536996479, 0.02695300679992058, 0.0, 0.021139313358647896, 0.001102804588237043, 0.14869170497413825, 0.0, 0.010696353466131714, 0.022644386923217682, 1.2707130798730966, 0.000389823356313317, 0.003934874840108239, 8.15584908297671e-05, 0.007526520551784344, 0.0, 0.0005316164638292567, 0.0008860200838142957, 0.007822064865430575, 0.0, 0.00012494142442850864, 0.0, 0.0, 0.010587553046995839, 0.011788884085310179, 0.005697515288810004, 0.008535910056626269, 0.016918371209766244, 0.0, 0.0, 0.0, 0.0027566999053267, 0.000903351648618804, 0.0, 0.026791064149947714, 0.009946264260105492, 0.0, 0.008571345730619698, 0.02674344585635236, 0.006024636729782022, 0.006871362374641547, 0.5269605565270397, 0.0, 0.023323853294692113], [0.0, 0.002328962981920169, 0.8865825103531147, 0.004222844668760674, 0.0013550435268418137, 0.006370273267680464, 0.013131871157391891, 0.011545797509552735, 0.01442898962951719, 0.010204910162330647, 0.021927454175863958, 0.0, 0.0015627375248669058, 0.0, 0.010327809945895635, 0.27488978149212717, 0.0, 0.0023075917859130463, 0.0005784510331694218, 0.0, 0.016435940634434314, 0.0022534650405932532, 0.010195121601906724, 0.0, 0.038235797525664535, 0.014275014071096003, 0.016283287897831143, 0.0066067749462520595, 0.004582505923692878, 0.34615282559911953, 0.018062531357654305, 0.004615945076054615, 0.0, 0.0, 0.0, 0.00998942985016921, 0.0017711116609418892, 0.045979980040687415, 0.009012294193860295, 0.0013546073252134908, 0.005416889873192509, 0.014714960842726214, 0.013153668575618328, 0.0046009900743844475, 0.0, 0.006940179503932873, 0.005936795650165303, 0.0016561626940003623, 0.005053094695930783, 0.0, 0.0014648283339414564, 0.0020215461101018273, 0.0, 0.013951321041506842, 0.022413412001139516, 0.017828379322581956, 0.0041245071840875685, 0.004818436342209286, 0.01896510490217589, 0.0, 0.005578094563207466, 0.011297675497785516, 0.0, 0.0, 0.0021330591039664276, 0.019735550547821515, 0.007945817318548053, 0.0008849472287933512, 0.009468693525478113, 0.001954096846922172, 0.0, 0.0, 0.0006041818470135707, 0.002168468548008142, 0.0036271185791118517, 0.003903472627026321, 0.0029066081991839772, 0.0, 0.09585216591782199, 0.0, 0.014898018133650721, 0.008105059616955415, 0.011578818130734754, 0.004063335368771688, 0.0, 0.0, 1.6060731057226285, 0.0, 0.0028682654895807154, 0.0, 0.009232184766523188, 0.008308302145716541, 0.0007790837071100187, 0.004212436458446895, 0.0029162195416986858, 0.004807917784479833, 0.008683846546731436, 0.0, 0.0, 0.019581960631124436], [0.0, 0.001291008092837014, 0.0023746017857312054, 0.004440309495317071, 0.001166239816782666, 0.010051472115630282, 0.0055333692182937145, 0.00839334797197244, 0.19328474749057611, 0.008551165806346947, 0.013640960132134252, 0.0, 0.008446610366965616, 0.0, 0.010836463183294811, 0.0, 0.0, 0.0019998238975368807, 0.00013430415520403384, 0.0045417373015725895, 0.014750512851252982, 0.0005504430002798443, 0.007534075030014236, 0.002780844619682516, 0.04430972650697353, 0.00958114458944647, 0.02099625396727374, 0.005523628521665913, 0.0044993372328198025, 0.000652698148986967, 0.024916861127970886, 0.007439361683872423, 0.0, 0.0, 0.002360201673310306, 0.00620047304038188, 0.0012340570443466227, 0.01455605173718745, 0.010201953123974643, 0.00047033636684440226, 0.005556506710864121, 0.0066736184506916065, 0.0278444000727837, 0.0026995999359597277, 0.0, 0.001984309265666646, 0.0007472553105027254, 0.0005969963527176459, 0.006600585043162718, 0.0, 0.0036882794102232742, 0.0021645529741320746, 0.0, 0.01851153743232199, 0.028240327081940637, 0.005723535193973168, 0.006026916321408176, 0.10653763462578758, 0.008223773118185309, 0.0, 0.0026010870393762364, 0.07446191381900658, 0.0, 0.0, 0.002819149416535578, 0.015689612086867942, 0.012147533910803717, 0.0003096137763858757, 0.0015682545069406477, 0.00021304641641746604, 0.0, 0.0, 0.0, 0.0011781455908712027, 0.004374937774906293, 0.001386291635704426, 0.0023875225630567635, 0.0, 0.0, 0.0, 0.0038990623628753908, 0.011508849832539714, 0.010476964419562645, 0.0006392455680732504, 0.007788154548078378, 0.0, 0.0, 0.0, 0.0012450896497627326, 0.0, 0.005371314889384487, 0.006823618893389952, 0.0009582289773490496, 0.008604682435685329, 0.00954172362462526, 0.007529752120366737, 0.007637797499241833, 0.6977069072881978, 0.0, 0.004232592311996105], [0.0, 0.0032187765857538296, 0.0053990282946841705, 0.009632520792958638, 0.0022428254219584855, 0.013235616882889463, 0.009906751940124863, 0.007080919741374484, 0.0, 0.008896526618246496, 0.01434295259701902, 0.0, 0.0, 0.0013045394799283687, 0.010280484714885041, 0.0, 0.0, 0.0, 0.001764954108162602, 0.0, 0.0062300055802480565, 0.0002438533158604827, 0.011233742791344346, 0.002288671500889302, 0.018214622361865367, 0.015948014475952337, 0.00907579829402298, 0.007029838085332563, 0.0008250819731846111, 6.135927897185302e-05, 0.02175461813867181, 0.006992573850728183, 0.0, 0.0, 0.0007506780994890853, 0.007058728751703965, 0.0, 0.01408754791419634, 0.009697573830780135, 0.0043367412994027325, 0.002179406291354387, 0.011338512211827374, 0.021558052983899727, 0.0039051020071369643, 0.0, 0.004375390104677481, 0.0004165220473034188, 0.00037819003425178244, 0.002065159466610841, 0.0, 0.0007421761796901576, 0.004158467911714431, 0.0, 0.02828384300369015, 0.00832246281004496, 0.005551487574768129, 0.0, 0.004821236599965283, 0.0014516296724022251, 0.0, 0.002430454817911329, 0.001395625710272412, 0.0, 0.0, 0.0019426802251517683, 0.01571625116198524, 0.01601538630396552, 0.0004573590652812155, 0.001995320396816765, 0.0039729468965148075, 0.0, 0.0, 0.0015012097960481448, 0.0011718044826435506, 0.0013548548329806317, 0.0008299583232960492, 0.00013013750184145967, 0.0, 0.11452398275608626, 0.0017383936000403722, 0.004911650167679686, 0.010055598047770087, 0.0070463520935893234, 0.00036515233336906715, 0.0, 0.0, 0.0, 0.0, 0.0030166043044263994, 0.0, 0.001252550024614306, 0.0063339711864968265, 0.0022845393764927887, 0.004752330717195756, 0.007803971437135313, 0.005026894196552587, 0.005953603803576815, 0.0, 0.0, 0.0], [0.0, 0.004753538236923281, 9.115775256094789e-05, 0.008420321125495796, 0.0003258313039024512, 0.002396787694380146, 0.006237244298420591, 0.007000154854178819, 0.0027983796218023307, 0.00966265587129768, 0.02250924530725926, 0.0, 0.007533580858700477, 0.0, 0.0085726557363625, 0.0, 0.0, 0.0023493668151854962, 0.0008480674375301457, 0.0, 0.004455724259567215, 0.0009536487963294998, 0.004889427729598171, 0.0, 0.0015641199848502874, 0.009906939027042991, 0.017135607990856165, 0.006446548675478984, 0.0004558066783055114, 0.43716941513187646, 0.021156458711242, 0.009293778074559876, 0.0, 0.0, 0.003121301967503278, 0.006204759545864634, 0.0, 0.013630086790967411, 0.008548688459043233, 0.0009285226502612289, 0.004555586779539056, 0.0059246565333581904, 0.019180151021587988, 0.00248888592444828, 0.0, 0.0037106811366050237, 0.0002485373501959331, 0.0014869266932208357, 0.006002638622501727, 0.0, 0.0005409263118199335, 0.00076662178688412, 0.0, 0.014478042909067694, 0.01837731149921392, 0.006336899529305281, 0.0018708339035186862, 0.0044132975944776165, 0.002161132182610425, 0.0, 0.0032964613769620905, 0.1211340967351598, 0.0, 0.0, 0.0012781895129172142, 0.02537143902687049, 0.007222942997336565, 0.0015136067744764149, 0.0012208664535611376, 0.003393490944478305, 0.0, 0.0, 0.0005217370107276749, 0.0017823060266788243, 0.0011650573249290547, 0.00011444519685608938, 0.0018878188827587236, 0.0, 0.0, 0.0, 0.002209495676253339, 0.006610298105655392, 0.006968396497989851, 0.0010663338630948315, 0.003743299434554519, 0.0036319399972180723, 0.0, 0.0, 0.001264137803101036, 0.0, 0.004689874055584725, 0.008170630928104543, 0.0, 0.0014957288625259606, 0.005540910269726035, 0.0052511060628892495, 0.008429228390807073, 0.0, 0.0, 0.013125687333813323]]
True EVDs: [[1.4585168029693107, 0.0, 0.0015824951874955446, 0.0, 0.0, 0.0, 0.0, 0.0038011991912070267, 0.030309311247231928, 0.0, 0.009051905183966409, 0.0, 0.0, 0.6601226360259854, 0.0, 0.0, 0.0, 1.443146825615785, 0.0, 1.9363310408167052, 0.0, 1.844845668560669, 1.4735025341142314, 0.0, 0.005277372764116547, 0.0, 0.0, 0.0030190571928748406, 0.0, 0.0, 0.012588522473686971, 0.007036376905934158, 0.0, 0.0, 0.005513807744498454, 0.00035319718026966484, 0.004558895358220543, 0.002883613190620775, 0.0, 0.0, 0.0, 0.01469829210569023, 0.0, 0.0032001096598538764, 0.0, 0.005452182695878275, 0.0, 0.0, 0.0, 0.0, 0.0, 0.005840885253288559, 0.0, 0.018716174467710112, 0.0013729007873351695, 0.0, 0.006774723004213913, 0.01906379491484704, 0.00958136412647841, 0.0, 0.0, 0.005639665585259109, 0.0, 0.0, 0.004323192618485904, 0.006273606425551769, 0.7687980571868038, 0.0027792411239761193, 1.5096820255034107, 0.02114015543624418, 0.7790304201034853, 0.0, 0.0, 0.012443476591085864, 0.0, 0.005014704984888906, 0.0, 0.0, 0.0, 0.0, 0.007922023029957277, 1.259666507161093, 0.0, 0.02506604633163906, 0.0, 0.0, 0.0, 2.0151299938373874, 0.0035963966164263873, 0.0, 0.03455448543185582, 0.0, 0.006608252263038961, 1.5514845582357868, 0.00825042279421187, 0.0007575842707625274, 0.0, 0.0, 0.0, 2.3490456396828763], [0.0, 0.0, 0.0015824951874955446, 0.0, 0.0, 0.0007305598741934829, 0.0, 0.0038011991912070267, 0.030309311247231928, 0.0042111068841644336, 0.009051905183966409, 0.0, 0.0, 0.0, 0.0, 0.0, 0.0, 1.443146825615785, 0.0, 1.9363310408167052, 0.0, 0.0, 0.0012806011916247243, 0.008700113900972356, 0.0, 0.0, 0.0, 0.0, 0.0018492719711418854, 0.0, 0.0, 0.007036376905934158, 0.0, 0.0, 0.005513807744498454, 0.00035319718026966484, 0.004558895358220543, 0.002883613190620775, 0.0, 0.0, 0.0006075689255029482, 0.0036772927361053767, 0.015123620291621854, 0.0, 0.0, 0.0, 0.0071277582208873844, 0.0, 0.0, 0.0, 0.0, 0.005840885253288559, 0.0, 0.018716174467710112, 0.0013729007873351695, 0.0, 0.006774723004213913, 0.0, 0.00958136412647841, 0.0, 0.0, 0.0, 0.0, 0.0, 0.004323192618485904, 0.006273606425551769, 0.7687980571868038, 0.0, 0.0, 0.02114015543624418, 3.481160728505988, 0.0, 0.0, 0.0, 1.6612785580826825, 0.005014704984888906, 0.0, 0.0, 0.0, 0.0, 0.007922023029957277, 1.2457695476348167, 0.0, 0.02506604633163906, 0.0, 0.0, 0.0, 2.0151299938373874, 0.0, 0.0, 0.03455448543185582, 0.0, 0.0, 0.0011665492318407914, 0.00825042279421187, 0.0007575842707625274, 1.7052635094773665, 0.0, 0.0, 0.016109628163514977], [0.0, 0.001600951341332493, 0.0, 0.0, 0.0, 0.0007305598741934829, 0.0, 0.0038011991912070267, 0.010836916116622169, 0.0042111068841644336, 0.0, 0.0, 0.0, 0.0, 0.002687437887987747, 0.0, 0.0, 0.002922939397288719, 0.0, 0.0, 0.0, 0.004027677825376354, 0.0012806011916247243, 0.008700113900972356, 0.0, 0.0, 0.0, 0.0030190571928748406, 0.0018492719711418854, 0.0, 0.012588522473686971, 0.007036376905934158, 0.0, 0.0, 0.005513807744498454, 0.0, 0.004558895358220543, 0.0, 0.0, 0.0, 0.0006075689255029482, 0.01469829210569023, 0.015123620291621854, 0.0032001096598538764, 0.0, 0.0, 0.0, 0.0, 0.0, 0.0, 0.0, 0.0, 0.0, 0.009464596511713238, 0.0013729007873351695, 0.0, 0.006774723004213913, 0.0, 0.0, 0.0, 0.0, 0.0, 0.0, 0.0, 9.729521943752456e-05, 0.006273606425551769, 0.0, 0.0, 0.0005418117902169619, 0.02114015543624418, 0.0, 0.0, 0.0, 0.0, 0.0, 0.0, 0.0, 0.0, 0.0, 0.0, 0.0, 0.0023468266025757005, 0.0, 0.02506604633163906, 0.0, 0.0, 0.0, 0.0, 0.0, 0.0, 0.0, 0.0, 0.0, 0.0, 0.00825042279421187, 0.0, 0.0, 0.0, 0.0, 0.016109628163514977], [0.0, 0.0, 0.0, 0.0, 0.0, 0.0, 0.0, 0.0038011991912070267, 0.0, 0.0, 0.009051905183966409, 0.0, 0.0, 0.0, 0.002687437887987747, 0.0, 0.0, 0.0, 0.0, 0.0, 0.011569072419417079, 0.0, 0.0012806011916247243, 0.0, 0.0, 0.0, 0.0, 0.0030190571928748406, 0.002673109473293933, 0.0, 0.012588522473686971, 0.0, 0.0, 0.0, 0.005513807744498454, 0.0, 0.004558895358220543, 0.0, 0.0, 0.0, 0.0, 0.0036772927361053767, 0.015123620291621854, 0.0032001096598538764, 0.0, 0.0, 0.0, 0.0, 0.0, 0.0, 0.0, 0.0, 0.0, 0.0, 0.0013729007873351695, 0.0, 0.006774723004213913, 0.0, 0.0, 0.0, 0.0019332708449634123, 0.0, 0.0, 0.0, 0.0, 0.006273606425551769, 0.0, 0.0, 0.0, 0.02114015543624418, 0.0, 0.0, 0.0, 0.0, 0.0, 0.0, 0.0, 0.0, 0.0, 0.0, 0.007922023029957277, 0.0, 0.0, 0.02506604633163906, 0.0, 0.0, 0.0, 0.0, 0.0, 0.0, 0.0, 0.013068802947303625, 0.0, 0.0, 0.0006713597657004892, 0.0007575842707625274, 0.0, 0.0, 0.0, 0.016109628163514977], [0.0, 0.0, 0.0, 0.0, 0.0, 0.0, 0.0016876519003395365, 0.0, 0.0, 0.0042111068841644336, 0.0, 0.0, 0.0, 0.0, 0.002687437887987747, 0.0, 0.0, 0.0, 0.0, 0.0, 0.0, 0.0, 0.0012806011916247243, 0.0, 0.005277372764116547, 0.0, 0.012844650441447118, 0.0030190571928748406, 0.002673109473293933, 0.0, 0.012588522473686971, 0.0, 0.0, 0.0, 0.005513807744498454, 0.00035319718026966484, 0.0, 0.0, 0.0011543411844723702, 0.0, 0.0006075689255029482, 0.0036772927361053767, 0.015123620291621854, 0.0, 0.0, 0.0, 0.0, 0.0, 0.0, 0.0, 0.0, 0.0, 0.0, 0.0, 0.0, 0.0, 0.006774723004213913, 0.0, 0.00958136412647841, 0.0, 0.0, 0.0, 0.0, 0.0, 0.0033129660863741774, 0.0, 0.0, 0.0, 0.0005418117902169619, 0.0, 0.0, 0.0, 0.0, 0.0, 0.0, 0.0, 0.0, 0.0, 0.0, 0.0, 0.007922023029957277, 0.0, 0.0009264749548424666, 0.02506604633163906, 0.0, 0.0, 0.0, 0.0, 0.0, 0.0, 0.03455448543185582, 0.013068802947303625, 0.0, 0.0, 0.0006713597657004892, 0.0, 0.0, 0.0, 0.0, 0.016109628163514977], [0.0, 0.0, 0.0, 0.000245306468279421, 0.0, 0.0007305598741934829, 0.0016876519003395365, 0.0, 0.0, 0.0, 0.0, 0.0, 0.0, 0.0, 0.002687437887987747, 0.0, 0.0, 0.0, 0.0, 0.0, 0.0, 0.0, 0.0012806011916247243, 0.0, 0.0, 0.0, 0.0, 0.0, 0.0, 0.0, 0.012588522473686971, 0.007036376905934158, 0.0, 0.0, 0.0, 0.0, 0.0, 0.0, 0.0011543411844723702, 0.0, 0.0, 0.0036772927361053767, 0.015123620291621854, 0.0, 0.0, 0.0, 0.0071277582208873844, 0.0, 0.0, 0.0, 0.0, 0.0, 0.0, 0.009464596511713238, 0.0013729007873351695, 0.0, 0.0, 0.0, 0.00958136412647841, 0.0, 0.0, 0.0, 0.0, 0.0, 0.0, 0.006273606425551769, 0.005085629183450372, 0.0, 0.0, 0.0, 0.0, 0.0, 0.0, 0.0, 0.0, 0.0, 0.0, 0.0, 0.0, 0.0, 0.007922023029957277, 0.0, 0.0, 0.0, 0.0, 0.0, 0.0, 0.0, 0.0, 0.0, 0.0, 0.013068802947303625, 0.0, 0.0, 0.0, 0.0007575842707625274, 0.0, 0.0, 0.0, 0.0], [0.0, 0.0, 0.0, 0.0, 0.0, 0.0, 0.0, 0.0038011991912070267, 0.0, 0.0042111068841644336, 0.0, 0.0, 0.0, 0.0, 0.0, 0.0, 0.0, 0.0, 0.0, 0.0, 0.0, 0.0, 0.0012806011916247243, 0.0, 0.0, 0.0, 0.0, 0.0030190571928748406, 0.0, 0.0, 0.012588522473686971, 0.0, 0.0, 0.0, 0.0, 0.00035319718026966484, 0.0, 0.0, 0.0011543411844723702, 0.0, 0.0, 0.0036772927361053767, 0.0, 0.0, 0.0, 0.0, 0.0, 0.0, 0.0, 0.0, 0.0, 0.0, 0.0, 0.0, 0.0013729007873351695, 0.0, 0.0, 0.0, 0.00958136412647841, 0.0, 0.0, 0.0, 0.0, 0.0, 0.0, 0.006273606425551769, 0.0, 0.0, 0.0, 0.0, 0.0, 0.0, 0.0, 0.0, 0.0, 0.0, 0.0, 0.0, 0.0, 0.0, 0.0, 0.0, 0.0, 0.0, 0.0, 0.0, 0.0, 0.0, 0.0, 0.0, 0.0, 0.013068802947303625, 0.0, 0.0, 0.0, 0.0, 0.0, 0.0, 0.0, 0.0], [0.0, 0.0, 0.0, 0.0, 0.0, 0.0, 0.0016876519003395365, 0.0038011991912070267, 0.0, 0.0, 0.009051905183966409, 0.0, 0.0, 0.0, 0.0, 0.0, 0.0, 0.0, 0.0, 0.0, 0.0, 0.0, 0.0012806011916247243, 0.0, 0.0, 0.0, 0.012844650441447118, 0.0, 0.0, 0.0, 0.012588522473686971, 0.0, 0.0, 0.0, 0.0, 0.0, 0.0, 0.0, 0.0011543411844723702, 0.0, 0.0006075689255029482, 0.0036772927361053767, 0.0, 0.0, 0.0, 0.0, 0.0, 0.0, 0.0, 0.0, 0.0, 0.0, 0.0, 0.009464596511713238, 0.0013729007873351695, 0.0, 0.0, 0.0, 0.0, 0.0, 0.0, 0.0, 0.0, 0.0, 0.0, 0.006273606425551769, 0.0, 0.0, 0.0, 0.0, 0.0, 0.0, 0.0, 0.0, 0.0, 0.0, 0.0, 0.0, 0.0, 0.0, 0.0, 0.0, 0.0, 0.0, 0.0, 0.0, 0.0, 0.0, 0.0, 0.0, 0.0, 0.0, 0.0, 0.0, 0.0, 0.0007575842707625274, 0.0, 0.0, 0.0, 0.0], [0.0, 0.0, 0.0, 0.0, 0.0, 0.0, 0.0016876519003395365, 0.0038011991912070267, 0.0, 0.0, 0.0, 0.0, 0.0, 0.0, 0.002687437887987747, 0.0, 0.0, 0.0, 0.0, 0.0, 0.0, 0.0, 0.0, 0.0, 0.0, 0.0, 0.0, 0.0, 0.0, 0.0, 0.012588522473686971, 0.0, 0.0, 0.0, 0.0, 0.0, 0.0, 0.0, 0.0, 0.0, 0.0, 0.0, 0.0, 0.0, 0.0, 0.0, 0.0, 0.0, 0.0, 0.0, 0.0, 0.0, 0.0, 0.009464596511713238, 0.0013729007873351695, 0.0, 0.0, 0.0, 0.0, 0.0, 0.0, 0.0, 0.0, 0.0, 0.0, 0.006273606425551769, 0.005085629183450372, 0.0, 0.0, 0.0, 0.0, 0.0, 0.0, 0.0, 0.0, 0.0, 0.0, 0.0, 0.0, 0.0, 0.0, 0.0, 0.0, 0.0, 0.0, 0.0, 0.0, 0.0, 0.0, 0.0, 0.0, 0.013068802947303625, 0.0, 0.0, 0.0, 0.0007575842707625274, 0.0002805305769213079, 0.0, 0.0, 0.0]]
**************************************************
