Done with 1 demonstrations
Done with 2 demonstrations
Done with 3 demonstrations
Done with 4 demonstrations
Done with 5 demonstrations
Done with 6 demonstrations
Done with 7 demonstrations
Done with 8 demonstrations
Done with 9 demonstrations
Random Norm: True, Alpha: 0.95
Accuracies: [1.0, 0.9, 0.95, 0.9, 0.9, 0.95, 0.9, 0.95, 0.85]
Bound errors: [[1.6354483078629303, 1.0156580918427138, 1.6069467155618313, 1.4714883670794394, 1.2419968865893374, 1.1178395317752357, 1.3420005000937776, 0.8045116339162219, 0.4879146098912819, 1.713959840650755, 0.2097373914901029, 1.1412420804915078, 1.0731161095256179, 0.8062826729603311, 0.3908229261078485, 1.5866826550287065, 1.5248745103624304, 0.34304107191923205, 0.884953588740442, 0.7513115328549518], [0.2822090706895467, 1.0445467817976388, 0.6818409872415058, 0.5214775887866124, 0.7521324174088528, 0.1288939923522403, 0.2686386499547569, 0.6458683544305354, -0.5439784511721585, 0.36644112251475536, 0.23139736460457858, 1.318054487031308, 0.34036471295190346, 0.948623218817598, 0.89262001364781, 0.3776107337165842, 1.482329479974413, -0.17400808945264745, 1.4225255417179277, 1.3160243784946242], [1.275756299645069, 0.3676382051185999, 0.47997145369920763, 1.518542578160539, 0.39103578809223477, 0.07527293798711225, 0.32298829957906416, 1.2193815250129125, -0.012428055505447566, 0.21021365354488242, 0.16584158029818777, 0.45360053491491414, 0.8888803201251506, 0.8458850037600358, 0.6593918717427605, 0.26588436466971693, 0.13493305678036127, 0.1373505292958102, 0.615243460731001, 0.8347685457627438], [1.1682128434733894, 0.2639397118362689, 1.0782862527165176, 0.4983918069339832, 0.2855156302768497, 0.22891578510849586, 0.6678521273535619, 0.15302542681678752, -0.5110062034505021, 0.4353123467631001, 0.2129942178362725, 0.7732564388531027, 0.4024512027226519, 0.37276664711747964, 0.3616986501091309, 1.0337332051449903, 2.263671456837759, 0.530967645950269, 0.1816481818590478, -0.044963632104668264], [0.3221446653432804, 0.5510177186577389, 0.9245518226511376, 0.10726100162434109, 0.7499447717150762, 1.0700743825449466, 0.3020074849810163, 0.3785561231110765, -0.23821797751965368, 0.35794182301170663, 0.36305136191013493, 0.2832112178321129, 0.5589938832791831, 0.3519279098605366, 0.5370446699608858, 0.00971010434604742, 1.0959834216445206, -1.4689363807161808, 0.21231701348865353, 0.42927100045605204], [0.16422229338365352, 0.4935514905912956, 0.47158690375994106, 0.8890789159562322, 0.6592872216941263, 0.294394839501664, 0.7472952081674454, 0.5751559968689228, -0.23689257320347862, 0.3984166424575418, 0.26672598163163896, 1.019827002863286, 0.4329027856284027, 0.5965243042606605, 0.43452797117184416, 0.0024796599500942766, 0.6702139369783329, 0.08654958182254915, 0.05534485887470238, 0.4418200763170822], [-0.06557977163921422, 0.12908748279974272, 0.9828494769325439, 0.04757097915257337, 0.13210362933559994, 0.2575072672358642, 0.44576079268942786, 0.3012064976056439, -0.37646775560368084, 0.5580510975480978, 0.38332357244710275, 0.5097962161933107, 0.04185217136816419, 0.9710554658378447, 0.3915057091946405, 0.9110558613846638, 0.8050530981397437, 0.6339451472699719, 0.10456412732609711, 0.5911351879460801], [0.1392849254730721, 0.6279043432496184, 0.31305289366105377, 0.010807830652749883, 0.023627990156521183, 0.005540343223203065, 0.14850344541902213, 0.8507891001319696, 0.301868354774084, 0.3859011364579348, 0.36710436629542614, 0.3372264067700561, -0.08269738452463946, 0.24081182774827203, 0.21857192950070414, 0.02291330206504893, 1.5590754376628726, 0.6432520949614857, 0.16351666039634802, 0.4004113987902054], [0.5210952483471559, 0.6491444449047661, 0.6208725015213642, 0.017752856925319076, 0.3102978884502472, 0.16756347584998668, 0.01181013827893365, -0.002123672610276274, -0.18467869403909026, 0.5617481175864752, 0.291638726752072, 0.5615307661002977, 0.4309342202066631, -0.1698231711148233, 0.20348287094645381, 0.00028976807256651213, 0.5429193630189278, 0.20172672079575663, 0.02948018178768607, 0.09793273669000505]]
Policy loss bounds: [[1.8364298004609296, 1.375242134369239, 1.6204586847746385, 1.4771808932970287, 1.3431302800034357, 1.4206835049986677, 1.3623993858871442, 0.8182239250431792, 1.704364437849918, 1.7151408545636586, 0.6209552520843581, 1.4021995973037942, 1.3214059915574212, 1.3982440449002322, 0.8923033904283543, 1.5866826550287065, 1.7390632788717957, 1.8775358845252716, 0.9193714957267134, 1.2346711181092118], [0.48972658821815324, 1.1477538164284817, 0.6973011325965817, 0.5214775887866124, 0.761192208464334, 0.47068320447086204, 0.26863866482392584, 0.6458683544305354, 0.666618373728436, 0.36644112251475536, 0.3585157885520631, 1.5682818150382625, 0.34036471295190346, 1.0090785425919166, 0.89262001364781, 0.3776107337165842, 1.6979949216819148, 1.033787504505161, 1.4624556412227634, 1.3896401668092038], [1.389075830737915, 0.47084523974944287, 0.4954315990542835, 1.6757090461811965, 0.4834947486445826, 0.08322551012385201, 0.3243709841687237, 1.2316017278779594, 0.5687565801551969, 0.21021365354488242, 0.29932534164909796, 0.5816809352967173, 1.0340995581024213, 0.9979205491907054, 0.6602502808899486, 0.26588436466971693, 0.35390072408571743, 0.22073545776254413, 0.6389072211137442, 0.9804150086442165], [1.2825055827770337, 0.2647939423364807, 1.0937463980715934, 0.4983918069339832, 0.3762038466879878, 0.2343097729649288, 0.6678521422227308, 0.15302542681678752, 0.6751009504306307, 0.5476257853319477, 0.21787602405275244, 1.0264467381278015, 0.40347988525465506, 0.4368825036928295, 0.3616986501091309, 1.0337332051449903, 2.263671456837759, 0.614352574417003, 0.20531194224179097, 0.097653269271588], [0.5199715138792551, 0.5518719491579506, 0.9285224375210439, 0.1074725314740014, 0.8406329881262143, 1.0775929285103027, 0.30200749985018527, 0.3785561231110765, 0.33171386001212355, 0.3591228369246103, 0.37345956741573394, 0.4139403028864748, 0.8072837653109864, 0.41238323363485524, 0.7281486454213424, 0.00971010434604742, 1.4132739448193175, 0.11707717595347003, 0.244316415510353, 0.5044015695232399], [0.3620491419196282, 0.5884981583654109, 0.47193069954975336, 0.8892904458058926, 0.6592872216941263, 0.29800932005542374, 0.7548715075477012, 0.5751559968689228, 0.34429206245716587, 0.3995976563704455, 0.26672598163163896, 1.019827002863286, 0.43393146816040584, 0.6606401608360104, 0.6211968327051615, 0.0024796599500942766, 0.9919661960385923, 0.16993451028928308, 0.08174382015983413, 0.4428672053337804], [0.12976228997557313, 0.22702224255155068, 0.9868200918024502, 0.04757097915257337, 0.13210362933559994, 0.2619699160371485, 0.784950380014121, 0.3012064976056439, 0.22972678100104937, 0.6715455500298491, 0.38332357244710275, 0.5097962161933107, 0.29014205339996757, 0.9737105779687506, 0.3915057091946405, 0.9110558613846638, 0.8050530981397437, 0.7173300757367058, 0.1059539127058396, 0.5921823169627782], [0.2417004868262282, 0.6279043432496184, 0.31735063362888527, 0.011019360502410194, 0.023627990156521183, 0.010002992024487347, 0.14850346028819109, 0.8507891001319696, 0.6315511322602255, 0.38708215037083843, 0.48155797169425485, 0.3372264067700561, 0.16559249750716393, 0.29735718772866404, 0.4096759049611607, 0.02291330206504893, 1.7710254091567434, 0.7266370234282197, 0.1649064457760905, 0.4004114356116631], [0.623510809700312, 0.7440911126788814, 0.6272224555702676, 0.017752856925319076, 0.3102978884502472, 0.16756762362896097, 0.018274879648598762, 0.010096530254770683, 0.3965059416215542, 0.6752425700682265, 0.291638726752072, 0.5615307661002977, 0.4319629027386663, 0.2799281250717361, 0.20348287094645381, 0.00028976807256651213, 0.5429193630189278, 0.27820719320206766, 0.030869967167428555, 0.09793277351146276]]
True EVDs: [[0.20098149259799936, 0.3595840425265251, 0.013511969212807104, 0.005692526217589213, 0.10113339341409834, 0.30284397322343204, 0.020398885793366545, 0.013712291126957257, 1.2164498279586362, 0.0011810139129036642, 0.4112178605942552, 0.2609575168122863, 0.24828988203180338, 0.5919613719399012, 0.5014804643205057, 0.0, 0.21418876850936536, 1.5344948126060396, 0.03441790698627132, 0.48335958525426004], [0.20751751752860656, 0.10320703463084295, 0.015460145355075889, 0.0, 0.00905979105548116, 0.34178921211862173, 1.4869168942692677e-08, 0.0, 1.2105968249005945, 0.0, 0.12711842394748454, 0.2502273280069544, 0.0, 0.06045532377431862, 0.0, 0.0, 0.21566544170750193, 1.2077955939578084, 0.03993009950483574, 0.0736157883145796], [0.1133195310928458, 0.10320703463084295, 0.015460145355075889, 0.15716646802065753, 0.09245896055234781, 0.007952572136739767, 0.001382684589659535, 0.012220202865046957, 0.5811846356606445, 0.0, 0.1334837613509102, 0.1280804003818031, 0.14521923797727063, 0.15203554543066958, 0.0008584091471881053, 0.0, 0.21896766730535616, 0.08338492846673393, 0.02366376038274318, 0.14564646288147268], [0.11429273930364428, 0.0008542305002117517, 0.015460145355075889, 0.0, 0.09068821641113813, 0.005393987856432946, 1.4869168942692677e-08, 0.0, 1.1861071538811327, 0.11231343856884762, 0.0048818062164799276, 0.2531902992746989, 0.00102868253200319, 0.06411585657534986, 0.0, 0.0, 0.0, 0.08338492846673393, 0.02366376038274318, 0.14261690137625627], [0.1978268485359747, 0.0008542305002117517, 0.00397061486990636, 0.00021152984966031036, 0.09068821641113813, 0.007518545965356178, 1.4869168942692677e-08, 0.0, 0.5699318375317772, 0.0011810139129036642, 0.010408205505599013, 0.1307290850543619, 0.24828988203180338, 0.06045532377431862, 0.19110397546045654, 0.0, 0.317290523174797, 1.586013556669651, 0.03199940202169945, 0.07513056906718786], [0.1978268485359747, 0.09494666777411527, 0.0003437957898122861, 0.00021152984966031036, 0.0, 0.003614480553759725, 0.007576299380255741, 0.0, 0.5811846356606445, 0.0011810139129036642, 0.0, 0.0, 0.00102868253200319, 0.06411585657534986, 0.1866688615333173, 0.0, 0.3217522590602594, 0.08338492846673393, 0.026398961285131754, 0.0010471290166981521], [0.19534206161478734, 0.09793475975180796, 0.00397061486990636, 0.0, 0.0, 0.004462648801284282, 0.3391895873246931, 0.0, 0.6061945366047302, 0.11349445248175129, 0.0, 0.0, 0.24828988203180338, 0.002655112130905833, 0.0, 0.0, 0.0, 0.08338492846673393, 0.0013897853797424852, 0.0010471290166981521], [0.10241556135315608, 0.0, 0.004297739967831502, 0.00021152984966031036, 0.0, 0.004462648801284282, 1.4869168942692677e-08, 0.0, 0.3296827774861415, 0.0011810139129036642, 0.11445360539882872, 0.0, 0.24828988203180338, 0.05654535998039199, 0.19110397546045654, 0.0, 0.21194997149387096, 0.08338492846673393, 0.0013897853797424852, 3.682145771572687e-08], [0.10241556135315608, 0.09494666777411527, 0.006349954048903389, 0.0, 0.0, 4.147778974283683e-06, 0.006464741369665112, 0.012220202865046957, 0.5811846356606445, 0.11349445248175129, 0.0, 0.0, 0.00102868253200319, 0.4497512961865594, 0.0, 0.0, 0.0, 0.07648047240631103, 0.0013897853797424852, 3.682145771572687e-08]]
**************************************************
