NEW THRESHOLD 10
Accuracy
1.0
Bound errors
0.9736414865864521
0.9832415615131385
0.9574056086806291
0.9854061484291806
0.9809672884505143
0.9653022721479343
0.9849380865770838
0.9848178563308795
0.9864369829772053
0.9847141319215864
0.979462483795185
0.9968205390136092
0.9833156074796617
0.9719576974425114
0.9845477392819925
0.9848178563308795
0.9825950543090914
0.9755746491388512
0.9831283276068935
0.989975221169673
WFCBs
0.9845733568366791
0.9840957920133502
0.972865754035705
0.9854061484291806
0.9846858511470544
0.9728208181132905
0.9855435842650294
0.9848178563308795
0.9899915663354334
0.9847141319215864
0.9843442900116649
0.9968205390136092
0.9843442900116649
0.9746128095734172
0.9854061484291806
0.9848178563308795
0.9838235941713441
0.9840368667298973
0.9881760827145725
0.9899752579911306
True EVDs
0.010931870250227025
0.0008542305002117517
0.015460145355075889
0.0
0.003718562696540141
0.007518545965356178
0.0006054976879456148
0.0
0.0035545833582281386
0.0
0.0048818062164799276
0.0
0.00102868253200319
0.002655112130905833
0.0008584091471881053
0.0
0.001228539862252731
0.008462217591046131
0.005047755107678943
3.682145771572687e-08
Num demos
1
1
1
1
1
1
1
1
1
1
1
1
1
1
1
1
1
1
1
1
Percent states
0.04
0.04
0.04
0.04
0.04
0.04
0.04
0.04
0.04
0.04
0.04
0.04
0.04
0.04
0.04
0.04
0.04
0.04
0.04
0.04
Policy accuracies
0.84
0.96
0.76
1.0
0.88
0.8
0.96
1.0
0.88
1.0
0.92
1.0
0.96
0.88
0.96
1.0
0.96
0.84
0.92
1.0
NEW THRESHOLD 9
Accuracy
1.0
Bound errors
0.9736414865864521
0.9832415615131385
0.9574056086806291
0.9854061484291806
0.9809672884505143
0.9653022721479343
0.9849380865770838
0.9848178563308795
0.9864369829772053
0.9847141319215864
0.979462483795185
0.9968205390136092
0.9833156074796617
0.9719576974425114
0.9845477392819925
0.9848178563308795
0.9825950543090914
0.9755746491388512
0.9831283276068935
0.989975221169673
WFCBs
0.9845733568366791
0.9840957920133502
0.972865754035705
0.9854061484291806
0.9846858511470544
0.9728208181132905
0.9855435842650294
0.9848178563308795
0.9899915663354334
0.9847141319215864
0.9843442900116649
0.9968205390136092
0.9843442900116649
0.9746128095734172
0.9854061484291806
0.9848178563308795
0.9838235941713441
0.9840368667298973
0.9881760827145725
0.9899752579911306
True EVDs
0.010931870250227025
0.0008542305002117517
0.015460145355075889
0.0
0.003718562696540141
0.007518545965356178
0.0006054976879456148
0.0
0.0035545833582281386
0.0
0.0048818062164799276
0.0
0.00102868253200319
0.002655112130905833
0.0008584091471881053
0.0
0.001228539862252731
0.008462217591046131
0.005047755107678943
3.682145771572687e-08
Num demos
1
1
1
1
1
1
1
1
1
1
1
1
1
1
1
1
1
1
1
1
Percent states
0.04
0.04
0.04
0.04
0.04
0.04
0.04
0.04
0.04
0.04
0.04
0.04
0.04
0.04
0.04
0.04
0.04
0.04
0.04
0.04
Policy accuracies
0.84
0.96
0.76
1.0
0.88
0.8
0.96
1.0
0.88
1.0
0.92
1.0
0.96
0.88
0.96
1.0
0.96
0.84
0.92
1.0
NEW THRESHOLD 8
Accuracy
1.0
Bound errors
0.9736414865864521
0.9832415615131385
0.9574056086806291
0.9854061484291806
0.9809672884505143
0.9653022721479343
0.9849380865770838
0.9848178563308795
0.9864369829772053
0.9847141319215864
0.979462483795185
0.9968205390136092
0.9833156074796617
0.9719576974425114
0.9845477392819925
0.9848178563308795
0.9825950543090914
0.9755746491388512
0.9831283276068935
0.989975221169673
WFCBs
0.9845733568366791
0.9840957920133502
0.972865754035705
0.9854061484291806
0.9846858511470544
0.9728208181132905
0.9855435842650294
0.9848178563308795
0.9899915663354334
0.9847141319215864
0.9843442900116649
0.9968205390136092
0.9843442900116649
0.9746128095734172
0.9854061484291806
0.9848178563308795
0.9838235941713441
0.9840368667298973
0.9881760827145725
0.9899752579911306
True EVDs
0.010931870250227025
0.0008542305002117517
0.015460145355075889
0.0
0.003718562696540141
0.007518545965356178
0.0006054976879456148
0.0
0.0035545833582281386
0.0
0.0048818062164799276
0.0
0.00102868253200319
0.002655112130905833
0.0008584091471881053
0.0
0.001228539862252731
0.008462217591046131
0.005047755107678943
3.682145771572687e-08
Num demos
1
1
1
1
1
1
1
1
1
1
1
1
1
1
1
1
1
1
1
1
Percent states
0.04
0.04
0.04
0.04
0.04
0.04
0.04
0.04
0.04
0.04
0.04
0.04
0.04
0.04
0.04
0.04
0.04
0.04
0.04
0.04
Policy accuracies
0.84
0.96
0.76
1.0
0.88
0.8
0.96
1.0
0.88
1.0
0.92
1.0
0.96
0.88
0.96
1.0
0.96
0.84
0.92
1.0
NEW THRESHOLD 7
Accuracy
1.0
Bound errors
0.9736414865864521
0.9832415615131385
0.9574056086806291
0.9854061484291806
0.9809672884505143
0.9653022721479343
0.9849380865770838
0.9848178563308795
0.9864369829772053
0.9847141319215864
0.979462483795185
0.9968205390136092
0.9833156074796617
0.9719576974425114
0.9845477392819925
0.9848178563308795
0.9825950543090914
0.9755746491388512
0.9831283276068935
0.989975221169673
WFCBs
0.9845733568366791
0.9840957920133502
0.972865754035705
0.9854061484291806
0.9846858511470544
0.9728208181132905
0.9855435842650294
0.9848178563308795
0.9899915663354334
0.9847141319215864
0.9843442900116649
0.9968205390136092
0.9843442900116649
0.9746128095734172
0.9854061484291806
0.9848178563308795
0.9838235941713441
0.9840368667298973
0.9881760827145725
0.9899752579911306
True EVDs
0.010931870250227025
0.0008542305002117517
0.015460145355075889
0.0
0.003718562696540141
0.007518545965356178
0.0006054976879456148
0.0
0.0035545833582281386
0.0
0.0048818062164799276
0.0
0.00102868253200319
0.002655112130905833
0.0008584091471881053
0.0
0.001228539862252731
0.008462217591046131
0.005047755107678943
3.682145771572687e-08
Num demos
1
1
1
1
1
1
1
1
1
1
1
1
1
1
1
1
1
1
1
1
Percent states
0.04
0.04
0.04
0.04
0.04
0.04
0.04
0.04
0.04
0.04
0.04
0.04
0.04
0.04
0.04
0.04
0.04
0.04
0.04
0.04
Policy accuracies
0.84
0.96
0.76
1.0
0.88
0.8
0.96
1.0
0.88
1.0
0.92
1.0
0.96
0.88
0.96
1.0
0.96
0.84
0.92
1.0
NEW THRESHOLD 6
Accuracy
1.0
Bound errors
0.9736414865864521
0.9832415615131385
0.9574056086806291
0.9854061484291806
0.9809672884505143
0.9653022721479343
0.9849380865770838
0.9848178563308795
0.9864369829772053
0.9847141319215864
0.979462483795185
0.9968205390136092
0.9833156074796617
0.9719576974425114
0.9845477392819925
0.9848178563308795
0.9825950543090914
0.9755746491388512
0.9831283276068935
0.989975221169673
WFCBs
0.9845733568366791
0.9840957920133502
0.972865754035705
0.9854061484291806
0.9846858511470544
0.9728208181132905
0.9855435842650294
0.9848178563308795
0.9899915663354334
0.9847141319215864
0.9843442900116649
0.9968205390136092
0.9843442900116649
0.9746128095734172
0.9854061484291806
0.9848178563308795
0.9838235941713441
0.9840368667298973
0.9881760827145725
0.9899752579911306
True EVDs
0.010931870250227025
0.0008542305002117517
0.015460145355075889
0.0
0.003718562696540141
0.007518545965356178
0.0006054976879456148
0.0
0.0035545833582281386
0.0
0.0048818062164799276
0.0
0.00102868253200319
0.002655112130905833
0.0008584091471881053
0.0
0.001228539862252731
0.008462217591046131
0.005047755107678943
3.682145771572687e-08
Num demos
1
1
1
1
1
1
1
1
1
1
1
1
1
1
1
1
1
1
1
1
Percent states
0.04
0.04
0.04
0.04
0.04
0.04
0.04
0.04
0.04
0.04
0.04
0.04
0.04
0.04
0.04
0.04
0.04
0.04
0.04
0.04
Policy accuracies
0.84
0.96
0.76
1.0
0.88
0.8
0.96
1.0
0.88
1.0
0.92
1.0
0.96
0.88
0.96
1.0
0.96
0.84
0.92
1.0
NEW THRESHOLD 5
Accuracy
1.0
Bound errors
0.9736414865864521
0.9832415615131385
0.9574056086806291
0.9854061484291806
0.9809672884505143
0.9653022721479343
0.9849380865770838
0.9848178563308795
0.9864369829772053
0.9847141319215864
0.979462483795185
0.9968205390136092
0.9833156074796617
0.9719576974425114
0.9845477392819925
0.9848178563308795
0.9825950543090914
0.9755746491388512
0.9831283276068935
0.989975221169673
WFCBs
0.9845733568366791
0.9840957920133502
0.972865754035705
0.9854061484291806
0.9846858511470544
0.9728208181132905
0.9855435842650294
0.9848178563308795
0.9899915663354334
0.9847141319215864
0.9843442900116649
0.9968205390136092
0.9843442900116649
0.9746128095734172
0.9854061484291806
0.9848178563308795
0.9838235941713441
0.9840368667298973
0.9881760827145725
0.9899752579911306
True EVDs
0.010931870250227025
0.0008542305002117517
0.015460145355075889
0.0
0.003718562696540141
0.007518545965356178
0.0006054976879456148
0.0
0.0035545833582281386
0.0
0.0048818062164799276
0.0
0.00102868253200319
0.002655112130905833
0.0008584091471881053
0.0
0.001228539862252731
0.008462217591046131
0.005047755107678943
3.682145771572687e-08
Num demos
1
1
1
1
1
1
1
1
1
1
1
1
1
1
1
1
1
1
1
1
Percent states
0.04
0.04
0.04
0.04
0.04
0.04
0.04
0.04
0.04
0.04
0.04
0.04
0.04
0.04
0.04
0.04
0.04
0.04
0.04
0.04
Policy accuracies
0.84
0.96
0.76
1.0
0.88
0.8
0.96
1.0
0.88
1.0
0.92
1.0
0.96
0.88
0.96
1.0
0.96
0.84
0.92
1.0
NEW THRESHOLD 4
Accuracy
1.0
Bound errors
0.9736414865864521
0.9832415615131385
0.9574056086806291
0.9854061484291806
0.9809672884505143
0.9653022721479343
0.9849380865770838
0.9848178563308795
0.9864369829772053
0.9847141319215864
0.979462483795185
0.9968205390136092
0.9833156074796617
0.9719576974425114
0.9845477392819925
0.9848178563308795
0.9825950543090914
0.9755746491388512
0.9831283276068935
0.989975221169673
WFCBs
0.9845733568366791
0.9840957920133502
0.972865754035705
0.9854061484291806
0.9846858511470544
0.9728208181132905
0.9855435842650294
0.9848178563308795
0.9899915663354334
0.9847141319215864
0.9843442900116649
0.9968205390136092
0.9843442900116649
0.9746128095734172
0.9854061484291806
0.9848178563308795
0.9838235941713441
0.9840368667298973
0.9881760827145725
0.9899752579911306
True EVDs
0.010931870250227025
0.0008542305002117517
0.015460145355075889
0.0
0.003718562696540141
0.007518545965356178
0.0006054976879456148
0.0
0.0035545833582281386
0.0
0.0048818062164799276
0.0
0.00102868253200319
0.002655112130905833
0.0008584091471881053
0.0
0.001228539862252731
0.008462217591046131
0.005047755107678943
3.682145771572687e-08
Num demos
1
1
1
1
1
1
1
1
1
1
1
1
1
1
1
1
1
1
1
1
Percent states
0.04
0.04
0.04
0.04
0.04
0.04
0.04
0.04
0.04
0.04
0.04
0.04
0.04
0.04
0.04
0.04
0.04
0.04
0.04
0.04
Policy accuracies
0.84
0.96
0.76
1.0
0.88
0.8
0.96
1.0
0.88
1.0
0.92
1.0
0.96
0.88
0.96
1.0
0.96
0.84
0.92
1.0
NEW THRESHOLD 3
Accuracy
1.0
Bound errors
0.9736414865864521
0.9832415615131385
0.9574056086806291
0.9854061484291806
0.9809672884505143
0.9653022721479343
0.9849380865770838
0.9848178563308795
0.9864369829772053
0.9847141319215864
0.979462483795185
0.9968205390136092
0.9833156074796617
0.9719576974425114
0.9845477392819925
0.9848178563308795
0.9825950543090914
0.9755746491388512
0.9831283276068935
0.989975221169673
WFCBs
0.9845733568366791
0.9840957920133502
0.972865754035705
0.9854061484291806
0.9846858511470544
0.9728208181132905
0.9855435842650294
0.9848178563308795
0.9899915663354334
0.9847141319215864
0.9843442900116649
0.9968205390136092
0.9843442900116649
0.9746128095734172
0.9854061484291806
0.9848178563308795
0.9838235941713441
0.9840368667298973
0.9881760827145725
0.9899752579911306
True EVDs
0.010931870250227025
0.0008542305002117517
0.015460145355075889
0.0
0.003718562696540141
0.007518545965356178
0.0006054976879456148
0.0
0.0035545833582281386
0.0
0.0048818062164799276
0.0
0.00102868253200319
0.002655112130905833
0.0008584091471881053
0.0
0.001228539862252731
0.008462217591046131
0.005047755107678943
3.682145771572687e-08
Num demos
1
1
1
1
1
1
1
1
1
1
1
1
1
1
1
1
1
1
1
1
Percent states
0.04
0.04
0.04
0.04
0.04
0.04
0.04
0.04
0.04
0.04
0.04
0.04
0.04
0.04
0.04
0.04
0.04
0.04
0.04
0.04
Policy accuracies
0.84
0.96
0.76
1.0
0.88
0.8
0.96
1.0
0.88
1.0
0.92
1.0
0.96
0.88
0.96
1.0
0.96
0.84
0.92
1.0
NEW THRESHOLD 2
Accuracy
1.0
Bound errors
0.9736414865864521
0.9832415615131385
0.9574056086806291
0.9854061484291806
0.9809672884505143
0.9653022721479343
0.9849380865770838
0.9848178563308795
0.9864369829772053
0.9847141319215864
0.979462483795185
0.9968205390136092
0.9833156074796617
0.9719576974425114
0.9845477392819925
0.9848178563308795
0.9825950543090914
0.9755746491388512
0.9831283276068935
0.989975221169673
WFCBs
0.9845733568366791
0.9840957920133502
0.972865754035705
0.9854061484291806
0.9846858511470544
0.9728208181132905
0.9855435842650294
0.9848178563308795
0.9899915663354334
0.9847141319215864
0.9843442900116649
0.9968205390136092
0.9843442900116649
0.9746128095734172
0.9854061484291806
0.9848178563308795
0.9838235941713441
0.9840368667298973
0.9881760827145725
0.9899752579911306
True EVDs
0.010931870250227025
0.0008542305002117517
0.015460145355075889
0.0
0.003718562696540141
0.007518545965356178
0.0006054976879456148
0.0
0.0035545833582281386
0.0
0.0048818062164799276
0.0
0.00102868253200319
0.002655112130905833
0.0008584091471881053
0.0
0.001228539862252731
0.008462217591046131
0.005047755107678943
3.682145771572687e-08
Num demos
1
1
1
1
1
1
1
1
1
1
1
1
1
1
1
1
1
1
1
1
Percent states
0.04
0.04
0.04
0.04
0.04
0.04
0.04
0.04
0.04
0.04
0.04
0.04
0.04
0.04
0.04
0.04
0.04
0.04
0.04
0.04
Policy accuracies
0.84
0.96
0.76
1.0
0.88
0.8
0.96
1.0
0.88
1.0
0.92
1.0
0.96
0.88
0.96
1.0
0.96
0.84
0.92
1.0
NEW THRESHOLD 1
Accuracy
1.0
Bound errors
0.9736414865864521
0.9832415615131385
0.9574056086806291
0.9854061484291806
0.9809672884505143
0.9653022721479343
0.9849380865770838
0.9848178563308795
0.9864369829772053
0.9847141319215864
0.979462483795185
0.9968205390136092
0.9833156074796617
0.9719576974425114
0.9845477392819925
0.9848178563308795
0.9825950543090914
0.9755746491388512
0.9831283276068935
0.989975221169673
WFCBs
0.9845733568366791
0.9840957920133502
0.972865754035705
0.9854061484291806
0.9846858511470544
0.9728208181132905
0.9855435842650294
0.9848178563308795
0.9899915663354334
0.9847141319215864
0.9843442900116649
0.9968205390136092
0.9843442900116649
0.9746128095734172
0.9854061484291806
0.9848178563308795
0.9838235941713441
0.9840368667298973
0.9881760827145725
0.9899752579911306
True EVDs
0.010931870250227025
0.0008542305002117517
0.015460145355075889
0.0
0.003718562696540141
0.007518545965356178
0.0006054976879456148
0.0
0.0035545833582281386
0.0
0.0048818062164799276
0.0
0.00102868253200319
0.002655112130905833
0.0008584091471881053
0.0
0.001228539862252731
0.008462217591046131
0.005047755107678943
3.682145771572687e-08
Num demos
1
1
1
1
1
1
1
1
1
1
1
1
1
1
1
1
1
1
1
1
Percent states
0.04
0.04
0.04
0.04
0.04
0.04
0.04
0.04
0.04
0.04
0.04
0.04
0.04
0.04
0.04
0.04
0.04
0.04
0.04
0.04
Policy accuracies
0.84
0.96
0.76
1.0
0.88
0.8
0.96
1.0
0.88
1.0
0.92
1.0
0.96
0.88
0.96
1.0
0.96
0.84
0.92
1.0
NEW THRESHOLD 0
Accuracy
Bound errors
WFCBs
True EVDs
Num demos
Percent states
Policy accuracies
**************************************************
NEW THRESHOLD 10
Accuracy
1.0
Bound errors
8.594601580895393
7.506247578791322
9.068279448704066
9.108205153165745
8.452076878409711
WFCBs
8.608225303643573
8.524763579660366
9.083739594059143
9.108416683015404
8.48320265555244
True EVDs
0.01362372274818028
1.0185160008690446
0.015460145355075889
0.00021152984966031036
0.031125777142728243
Num demos
1
1
1
1
1
Percent states
0.04
0.04
0.04
0.04
0.04
Policy accuracies
0.8
0.28
0.76
0.96
0.72
NEW THRESHOLD 9
Accuracy
1.0
Bound errors
8.594601580895393
7.506247578791322
7.829303342676434
8.791176796872813
8.452076878409711
WFCBs
8.608225303643573
8.524763579660366
7.865650877829719
8.815790977053483
8.48320265555244
True EVDs
0.01362372274818028
1.0185160008690446
0.03634753515328465
0.024614180180670152
0.031125777142728243
Num demos
1
1
2
2
1
Percent states
0.04
0.04
0.08
0.08
0.04
Policy accuracies
0.8
0.28
0.72
0.84
0.72
NEW THRESHOLD 8
Accuracy
1.0
Bound errors
6.722310297312784
7.8721705661660035
7.829303342676434
7.909020483996282
7.366049565026259
WFCBs
7.783259080028397
7.967117233940119
7.865650877829719
7.909020483996282
7.867552894923048
True EVDs
1.0609487827156132
0.09494666777411527
0.03634753515328465
0.0
0.5015033298967893
Num demos
3
9
2
7
9
Percent states
0.12
0.36
0.08
0.28
0.36
Policy accuracies
0.32
0.92
0.72
1.0
0.76
NEW THRESHOLD 7
Accuracy
1.0
Bound errors
6.963041108229193
WFCBs
6.969435348606818
True EVDs
0.006394240377624359
Num demos
8
Percent states
0.32
Policy accuracies
0.84
NEW THRESHOLD 6
Accuracy
Bound errors
WFCBs
True EVDs
Num demos
Percent states
Policy accuracies
NEW THRESHOLD 5
Accuracy
Bound errors
WFCBs
True EVDs
Num demos
Percent states
Policy accuracies
NEW THRESHOLD 4
Accuracy
Bound errors
WFCBs
True EVDs
Num demos
Percent states
Policy accuracies
NEW THRESHOLD 3
Accuracy
Bound errors
WFCBs
True EVDs
Num demos
Percent states
Policy accuracies
NEW THRESHOLD 2
Accuracy
Bound errors
WFCBs
True EVDs
Num demos
Percent states
Policy accuracies
NEW THRESHOLD 1
Accuracy
Bound errors
WFCBs
True EVDs
Num demos
Percent states
Policy accuracies
NEW THRESHOLD 0
Accuracy
Bound errors
WFCBs
True EVDs
Num demos
Percent states
Policy accuracies
**************************************************
NEW THRESHOLD 10
Accuracy
1.0
Bound errors
8.729478295877238
7.46191705539172
9.321634470605433
9.241811682962405
8.584010355533911
WFCBs
8.743102018625418
8.480433056260765
9.33709461596051
9.242023212812065
8.61513613267664
True EVDs
0.01362372274818028
1.0185160008690446
0.015460145355075889
0.00021152984966031036
0.031125777142728243
Num demos
1
1
1
1
1
Percent states
0.04
0.04
0.04
0.04
0.04
Policy accuracies
0.8
0.28
0.76
0.96
0.72
NEW THRESHOLD 9
Accuracy
1.0
Bound errors
8.729478295877238
7.46191705539172
8.077915987057224
8.903965492563678
8.584010355533911
WFCBs
8.743102018625418
8.480433056260765
8.114263522210509
8.928579672744348
8.61513613267664
True EVDs
0.01362372274818028
1.0185160008690446
0.03634753515328465
0.024614180180670152
0.031125777142728243
Num demos
1
1
2
2
1
Percent states
0.04
0.04
0.08
0.08
0.04
Policy accuracies
0.8
0.28
0.72
0.84
0.72
NEW THRESHOLD 8
Accuracy
1.0
Bound errors
6.677981917751395
7.979125553072867
7.410379160457985
WFCBs
7.738930700467008
7.996552065690444
7.911882490354775
True EVDs
1.0609487827156132
0.01742651261757606
0.5015033298967893
Num demos
3
8
9
Percent states
0.12
0.32
0.36
Policy accuracies
0.32
0.88
0.76
NEW THRESHOLD 7
Accuracy
1.0
Bound errors
5.835002953763508
WFCBs
6.895951736479121
True EVDs
1.0609487827156132
Num demos
9
Percent states
0.36
Policy accuracies
0.32
NEW THRESHOLD 6
Accuracy
Bound errors
WFCBs
True EVDs
Num demos
Percent states
Policy accuracies
NEW THRESHOLD 5
Accuracy
Bound errors
WFCBs
True EVDs
Num demos
Percent states
Policy accuracies
NEW THRESHOLD 4
Accuracy
Bound errors
WFCBs
True EVDs
Num demos
Percent states
Policy accuracies
NEW THRESHOLD 3
Accuracy
Bound errors
WFCBs
True EVDs
Num demos
Percent states
Policy accuracies
NEW THRESHOLD 2
Accuracy
Bound errors
WFCBs
True EVDs
Num demos
Percent states
Policy accuracies
NEW THRESHOLD 1
Accuracy
Bound errors
WFCBs
True EVDs
Num demos
Percent states
Policy accuracies
NEW THRESHOLD 0
Accuracy
Bound errors
WFCBs
True EVDs
Num demos
Percent states
Policy accuracies
**************************************************
NEW THRESHOLD 1.0
Accuracy
1.0
Bound errors
0.9709496340884989
0.9810898308424556
0.9574056086806291
0.9853320544153691
0.9535600740043262
WFCBs
0.9845733568366791
0.9849026970962149
0.972865754035705
0.9855435842650294
0.9846858511470544
True EVDs
0.01362372274818028
0.003812866253759368
0.015460145355075889
0.00021152984966031036
0.031125777142728243
Num demos
1
3
1
1
1
Percent states
0.04
0.12
0.04
0.04
0.04
Policy accuracies
0.8
0.92
0.76
0.96
0.72
NEW THRESHOLD 0.9
Accuracy
Bound errors
WFCBs
True EVDs
Num demos
Percent states
Policy accuracies
NEW THRESHOLD 0.8
Accuracy
Bound errors
WFCBs
True EVDs
Num demos
Percent states
Policy accuracies
NEW THRESHOLD 0.7000000000000001
Accuracy
Bound errors
WFCBs
True EVDs
Num demos
Percent states
Policy accuracies
NEW THRESHOLD 0.6000000000000001
Accuracy
Bound errors
WFCBs
True EVDs
Num demos
Percent states
Policy accuracies
NEW THRESHOLD 0.5000000000000001
Accuracy
Bound errors
WFCBs
True EVDs
Num demos
Percent states
Policy accuracies
NEW THRESHOLD 0.40000000000000013
Accuracy
Bound errors
WFCBs
True EVDs
Num demos
Percent states
Policy accuracies
NEW THRESHOLD 0.30000000000000016
Accuracy
Bound errors
WFCBs
True EVDs
Num demos
Percent states
Policy accuracies
NEW THRESHOLD 0.20000000000000018
Accuracy
Bound errors
WFCBs
True EVDs
Num demos
Percent states
Policy accuracies
NEW THRESHOLD 0.1000000000000002
Accuracy
Bound errors
WFCBs
True EVDs
Num demos
Percent states
Policy accuracies
NEW THRESHOLD 2.220446049250313e-16
Accuracy
Bound errors
WFCBs
True EVDs
Num demos
Percent states
Policy accuracies
**************************************************
