WFCB 11.291446857007024
WFCB 18.20908445297714
WFCB 11.291446857007024
WFCB 11.291446857007024
WFCB 14.839828358806374
WFCB 15.05526565499208
WFCB 14.910865654992081
WFCB 11.183156393955178
WFCB 11.183146857007024
WFCB 18.172984452977143
WFCB 14.9102057095603
WFCB 11.291446857007024
WFCB 14.9102057095603
WFCB 18.20908445297714
WFCB 18.819084452977137
WFCB 18.638584452977142
WFCB 15.054623358806374
WFCB 18.20908445297714
WFCB 11.183146857007024
WFCB 11.182676343727818
Accuracy
0.9
Bound errors
2.2743968989394157
0.8499941018739832
1.7677788409649655
1.5627759097145382
1.256252593402448
2.0130457279274583
1.892820249461
1.1100774532457582
1.582912619695983
0.11059446092145864
1.7677310934784078
1.6497383081294437
1.7747883998824017
-0.25090377678834086
2.0941113536373495
2.616593073835158
2.7760236142249934
-0.05477589179291509
1.2903299063523308
2.0355803672354567
Policy loss bounds
2.4722237474753905
1.9923849854740547
2.1755686703163115
2.5087877283799824
2.2427471153021723
2.27112356503989
2.0644551379341265
2.3731072947050333
1.8545152951245554
1.1743752901711249
1.7781392989840068
1.7804673931838055
1.7758170824144048
1.2772410432682966
2.6446387760549817
2.616593073835158
2.9949912815303494
1.20824403746905
1.7824121128454513
2.178346853211033
True EVDs
0.1978268485359747
1.1423908836000716
0.4077898293513459
0.9460118186654443
0.9864945218997244
0.258077837112432
0.17163488847312647
1.263029841459275
0.2716026754285723
1.0637808292496662
0.010408205505599013
0.1307290850543619
0.00102868253200319
1.5281448200566374
0.5505274224176324
0.0
0.21896766730535616
1.263019929261965
0.4920822064931205
0.14276648597557628
Num demos
1
1
1
1
1
1
1
1
1
1
1
1
1
1
1
1
1
1
1
1
Percent states
0.04
0.04
0.04
0.04
0.04
0.04
0.04
0.04
0.04
0.04
0.04
0.04
0.04
0.04
0.04
0.04
0.04
0.04
0.04
0.04
Policy accuracies
0.6
0.16
0.52
0.56
0.48
0.56
0.84
0.44
0.6
0.12
0.84
0.64
0.96
0.36
0.64
1.0
0.68
0.28
0.52
0.76
**************************************************
